# projective normalization alternating exact-gradient winner; component=core-stretching-tail-cross; core_maximum_height=8; cycles=2; initial_open=0.000433564512753629972; final_open=0.000464869786196361998; candidate_lemma_proved=false
kx	ky	kz	ux_re	ux_im	uy_re	uy_im	uz_re	uz_im
-8	-8	-8	-7.1310504378677944627e-06	1.7691745315285722538e-05	-3.2671663226687883402e-05	-5.9559280706201754844e-07	3.9802713664555677017e-05	-1.7096152508223704777e-05
-8	-8	-7	6.9833758015068701436e-06	2.3561697732183086916e-06	9.8441249965770961979e-07	-2.171238581298631782e-06	-9.1060437727595197296e-06	-2.1134993362248789288e-07
-8	-8	-6	4.5520858033840977463e-07	7.2447647018455608403e-07	-5.1668059783147939747e-07	-1.3224560661382956198e-07	8.19626899907595633e-08	-7.8964115142763539802e-07
-8	-8	-5	6.0232043592068399654e-06	1.2333142076484070307e-05	-5.9985907800041001221e-06	-8.9105536089679377202e-06	-3.9381726724383602403e-08	-5.476141548025812816e-06
-8	-8	-4	9.58671559585847676e-07	-1.3431209796151000567e-07	3.316153321252607759e-07	-1.4136489008024119293e-06	-2.5805737834222169038e-06	3.0959219975278441875e-06
-8	-8	-3	-1.2548190407600317258e-06	-3.6706779618291438821e-06	1.2222553183474093429e-06	1.1086087240768785656e-06	8.68365931003262926e-08	6.8321846340060414087e-06
-8	-8	-2	1.1088615869964847909e-06	-3.9421456970350293459e-07	-8.2266257894753855864e-07	8.5361689235680759163e-07	-1.1447960321957845054e-06	-1.8376092906132184164e-06
-8	-8	-1	-8.0603253411153142786e-07	6.1019248943700564791e-07	6.3691592986235330265e-07	-7.8946367093138371915e-07	1.3529328339934250017e-06	1.4341694519550247817e-06
-8	-8	0	2.2073049477797581736e-07	-8.8598380105506324996e-07	-2.2073049477797581736e-07	8.8598380105506324996e-07	-8.7879895660558999656e-07	-9.3532491507916510414e-07
-8	-8	1	1.968193237741933986e-07	6.0051157566759406422e-07	-1.1618360065192680397e-07	-4.8351247648187519239e-07	6.4508578497813275701e-07	9.3599279348575129225e-07
-8	-8	2	-5.065612407447988789e-07	-9.9374701800028880884e-08	2.0017195705346281734e-07	-5.2160399504774365895e-08	-1.2255571347653443521e-06	-6.0614040521921301359e-07
-8	-8	3	7.0680642220091701429e-07	-9.3213026935512273795e-07	9.8507922891097200606e-07	-6.0039053342037659462e-07	4.5116950696317037719e-06	-4.0867221407346651692e-06
-8	-8	4	6.0509691150528284371e-07	-2.2658822618155231702e-07	-4.977909272021812988e-07	-1.0519110721469578588e-06	2.1461196860620314277e-07	-2.5569985966570199812e-06
-8	-8	5	1.7104782990419011563e-06	-3.679296537958693604e-06	-3.012700230562961137e-06	1.8501600647519355646e-06	-2.083555090433696308e-06	-2.9266183571308124394e-06
-8	-8	6	1.6701429613017874557e-06	-1.0979216527005124313e-06	2.513044796579896215e-07	1.1406384194508183149e-06	2.5619299212797025579e-06	5.6955689000407668417e-08
-8	-8	7	-4.9690662978644797347e-06	8.3839514047609879654e-06	-1.4131061106118756402e-06	5.5740101205595141647e-06	-7.2939113239729768453e-06	1.5951956028937717204e-05
-8	-8	8	-7.777540041772724815e-06	-1.7834373175936453872e-05	6.1906932462645346315e-05	1.7016727264434371907e-05	5.4129392420872614723e-05	-8.1764591150208143599e-07
-8	-7	-8	-1.0265480377257476927e-06	-1.6975843524110306213e-06	6.2164070397017857649e-07	3.4499679108243225751e-06	4.8261242175184137209e-07	-1.3211375695602516848e-06
-8	-7	-7	1.4702145096826398719e-06	-2.173527256915363155e-07	-5.0770696230735668055e-07	2.1886673846005338229e-06	-1.1725381916156603311e-06	-1.9402642695244922892e-06
-8	-7	-6	-4.235558452559397711e-06	3.3413547836014614516e-06	-5.271372332412045161e-06	-7.5606105588781534162e-06	1.1797345657893249212e-05	4.3655726072225642815e-06
-8	-7	-5	-8.3560638153089087374e-06	6.0675786973348230763e-06	2.248592168915695896e-06	-8.0657461781982973259e-06	1.0221673068012278624e-05	1.58391873374189908e-06
-8	-7	-4	1.2639276924113936932e-06	-1.8201540169513249503e-06	-2.5959335988994672588e-07	1.9942420333802748181e-06	-2.0735670050153804177e-06	1.5038447548716931319e-07
-8	-7	-3	-5.3681345553062238706e-08	2.1628118418494507334e-06	-1.0317650063518690502e-06	-2.2583443116633851457e-06	2.5506019362958605791e-06	-4.9802818438396987868e-07
-8	-7	-2	-7.0963292150341692315e-07	-1.7028387814965451053e-06	1.7810020511436238613e-06	1.6738428438846300414e-06	-3.3949754929890161396e-06	9.5290517238997495869e-07
-8	-7	-1	2.1141849490672200604e-06	1.3082477905256940138e-06	-2.9087632905606570682e-06	-1.3891567157048398073e-06	3.4478634413868402644e-06	-7.4188531427167293013e-07
-8	-7	0	-1.8134651854516626398e-06	6.9036510640661582595e-08	2.072531640516185753e-06	-7.8898869303613241033e-08	-3.2749513576384862683e-06	1.5240243939531897321e-08
-8	-7	1	1.2678807269506070059e-06	-6.068574845331220088e-07	-9.7262912752736536439e-07	6.1445457391166480856e-07	3.334641922913297226e-06	-5.5367785888332230461e-07
-8	-7	2	-2.3156543642491824961e-07	1.1210989317145802747e-06	-1.6588735353930163419e-07	-7.4444879079698915927e-07	-1.5068674830872287446e-06	1.8788249590688590414e-06
-8	-7	3	-4.3001638388413991584e-07	-7.4937646201106863746e-07	4.289671575229080801e-07	2.2143132423024081673e-07	-1.4578698947092095729e-07	-1.481664142158954505e-06
-8	-7	4	5.5055026601897340763e-07	2.5596817277467464959e-07	-1.7495379558469158727e-07	1.7715820056961124874e-07	7.9493138976473643828e-07	8.2196319654616899771e-07
-8	-7	5	1.9194942895580523431e-06	-7.5136192248072958865e-07	-4.930188151277125186e-06	1.5373416574111854764e-06	-3.8310725484950911726e-06	9.5009924440649219811e-07
-8	-7	6	-1.5760335974842170086e-06	8.6237352711965239841e-07	-3.0226453653049346129e-06	1.6229137595718408321e-06	-5.6277977228347134128e-06	3.0432307556600176079e-06
-8	-7	7	-8.4210054219184990269e-07	4.9603286259815019058e-07	1.2775706037002769069e-06	-7.638343875269513826e-07	3.1516998405244852233e-07	-1.9693968741477969084e-07
-8	-7	8	3.437291286045252361e-06	1.9928665258212043959e-06	-2.6172821176699375729e-06	5.9240280864196897645e-07	1.1471694330840569847e-06	2.5112189833829272106e-06
-8	-6	-8	-4.4176830946324059652e-07	-1.7464626503613344754e-06	7.7876666092467615493e-07	3.277643546276711435e-07	-1.4230668623026651968e-07	1.5006393843905810913e-06
-8	-6	-7	-1.5334986502632845086e-06	-3.5200595529717557948e-06	1.1436101398291698521e-05	3.8781722196589972517e-06	-8.0498027410919878655e-06	6.9877758654572341521e-07
-8	-6	-6	-2.3458039633986811807e-06	-1.3914958781288648554e-06	4.017812921780816634e-06	1.751897707015921312e-07	-8.9007430391590860478e-07	1.6801380668035609211e-06
-8	-6	-5	1.9489653662471729354e-06	1.9485303689664985833e-06	-2.7720403920256573473e-06	-1.234399213941096796e-06	2.0810388443531201417e-07	-1.636369533617081324e-06
-8	-6	-4	-3.6499696916444824384e-06	-2.7132596646375626887e-06	5.4269248683663236205e-06	1.5761441459631075679e-06	-8.4044791926052118918e-07	3.0623031103304639196e-06
-8	-6	-3	4.8352249831240441487e-06	6.2095537484086313027e-07	-6.5763449840312721966e-06	9.7138071785645212617e-07	2.5875667973176022597e-07	-3.5986424352885396899e-06
-8	-6	-2	-5.3973747216074550537e-06	4.2557710689672274062e-06	6.6317689852428301738e-06	-6.9154526316789400163e-06	1.6941919307013307521e-06	3.7232736191679095773e-06
-8	-6	-1	2.0236560436392541733e-06	-4.5757000179836954001e-06	-2.4822850429146127193e-06	6.3636633682469234945e-06	-1.2955380916263574944e-06	-1.5763800656119752251e-06
-8	-6	0	-9.9371375780075330921e-08	1.779759767401895268e-06	1.3249516770676711672e-07	-2.3730130232025271651e-06	-1.2349629420542641799e-06	1.3451362642042152895e-06
-8	-6	1	-1.0483078616001711418e-06	-1.2476302315214492581e-08	1.4405653451074420959e-06	-5.2732391299113351682e-07	2.5692917784328423501e-07	-3.2637538964685172533e-06
-8	-6	2	2.5499400496140423946e-06	-3.327259966341117571e-07	-2.5440749763707943778e-06	1.537781434974558744e-06	2.5675352693437864448e-06	3.2824403183872296271e-06
-8	-6	3	-1.8841083973723016422e-06	1.7271076360871667966e-06	1.1074393988542398831e-06	-2.2940062155921355014e-06	-2.8094102619509918443e-06	1.7607931714840554218e-08
-8	-6	4	1.0749077310061924556e-07	-1.4521368019755833471e-06	7.0043357997665942049e-07	1.2263830952286463842e-06	1.2656319161662276218e-06	-1.0646989611081971178e-06
-8	-6	5	6.1784349917069118697e-07	2.9014031027791192252e-07	-8.3959695358346566121e-07	1.3323486696233467711e-07	-1.8966745627052867822e-08	6.2410633679946070974e-07
-8	-6	6	4.379021598180424972e-08	4.0296033004072130327e-07	-3.3578861586860213476e-07	-7.0973985697388365684e-07	-2.7740166122619646847e-07	-1.7245941691958859463e-07
-8	-6	7	3.4112065081968499765e-06	1.3378006630486240302e-06	-2.9437065974404130643e-06	-3.4253695713914042953e-06	1.3753446401331886542e-06	-1.4071160177084905648e-06
-8	-6	8	4.7893444701351313938e-07	4.478811772840599028e-07	-3.9713097855971625865e-07	-8.4687681103392721283e-07	1.8108621309372590569e-07	-1.8727643099138553329e-07
-8	-5	-8	1.147897886559893997e-05	3.4374041945563419097e-06	-8.9852994959769802338e-06	1.6164322491809081562e-05	-5.8631666806133266891e-06	-1.3540105751937018733e-05
-8	-5	-7	4.188025060468936314e-06	-3.2802535023283424283e-06	-5.4036186233812831233e-06	1.0281319208477422011e-05	-9.265867666921530876e-07	-3.5949382891086243152e-06
-8	-5	-6	-1.9706744751527203422e-06	2.1983798375498942262e-06	1.5453236823544695098e-06	-3.4523231385092652592e-06	1.3397962315749027078e-06	-5.4237167975471002997e-08
-8	-5	-5	3.9737245812396949495e-06	-3.7086851868863365523e-06	-4.5278869155856948622e-06	6.1121205397272095129e-06	-1.8300724143978170147e-06	-1.7822424070907096577e-07
-8	-5	-4	-2.9785148240544793955e-06	5.7742366271666110717e-06	5.3453007016720793397e-06	-7.620858897081546865e-06	-7.2459622898114059535e-07	-2.0223996329812891974e-06
-8	-5	-3	1.7401937821570068493e-06	-7.9408540359215065035e-06	-2.1025024626018275209e-06	9.542714906008132144e-06	-1.1363459814156391338e-06	5.2710859191104612282e-06
-8	-5	-2	2.8703351646338783163e-06	6.7571211373494993277e-06	-4.6949798749149670979e-06	-8.0393111267913839045e-06	2.5610902875190432096e-07	-6.9302067324195375494e-06
-8	-5	-1	-4.0775840773230256304e-06	-2.7035685730386815266e-06	6.1318877432623038792e-06	3.0968858392875053556e-06	1.9612339022726843765e-06	6.1441193878719258583e-06
-8	-5	0	2.0771664503207877331e-06	-6.643819908478833053e-07	-3.3234663205132602882e-06	1.0630111853566134155e-06	-3.685495128865919475e-06	-3.0212881131250539935e-06
-8	-5	1	-3.1097068715410855428e-08	1.3733800000253810577e-06	6.3772352145201016864e-07	-2.074603943630019736e-06	2.9398410575367638939e-06	6.1402028205294904103e-07
-8	-5	2	-7.9152535642488679731e-07	-2.0228907583056419665e-06	8.1253623476222715416e-07	2.9916114502444965941e-06	-1.1347608387939789862e-06	-6.1253440761132627491e-07
-8	-5	3	8.5725905064806420285e-07	1.3898089986958259663e-06	-1.6071273301231008546e-06	-2.4078679059272759764e-06	-3.9252141514366332063e-07	-3.0695584668992380357e-07
-8	-5	4	-9.115289641854734389e-07	-4.7679235343778017309e-07	1.8126157121899315187e-06	6.0126902584496813933e-07	4.4271171186646767936e-07	-2.0199842456935017203e-07
-8	-5	5	3.392176820040862971e-07	-7.5590797331566075371e-07	-2.2568599423313587086e-07	1.7382825605973748505e-06	3.1706229697340218861e-07	5.2882980329231766572e-07
-8	-5	6	4.1652224647297194287e-07	4.3576999910348512549e-07	-7.7820032645576146769e-07	-6.2582422352764307533e-07	-9.3137276749171965908e-08	5.9506479198277562637e-08
-8	-5	7	-4.260454816738926672e-06	5.9854401124501873538e-07	7.0804363905118654834e-06	-3.0747003727529424594e-06	1.8836334552113089116e-07	-1.5121642534006518037e-06
-8	-5	8	3.7147683914517211857e-06	5.0268858686614387935e-06	-3.1670826089284833628e-06	1.005334744491912657e-06	1.7353417608714190309e-06	5.6552200839688843365e-06
-8	-4	-8	2.8972929068761989174e-06	-2.557211703824370419e-07	2.4759160782305547105e-07	-3.1300751320480732531e-07	-3.0210887107877267588e-06	4.1222492698484070455e-07
-8	-4	-7	-1.6105775669616564349e-06	-2.239009150183055278e-06	3.9932776064593644222e-06	1.8447025814823931383e-06	-4.4121284144917225512e-07	1.5047518393621244504e-06
-8	-4	-6	3.9396431081071924793e-06	3.8014059124085599807e-06	-7.0455050481532962602e-06	-4.3753311392085097e-06	-5.5585411204072643423e-07	-2.1516537904057401743e-06
-8	-4	-5	-5.5046340298717886256e-06	-5.1469173775152108022e-06	5.5206475320076827738e-06	8.7589841797484296415e-06	4.3908964221887160901e-06	1.2278804602255928079e-06
-8	-4	-4	7.0304838165560648664e-06	5.5865220488844431534e-06	-5.3983037065117427325e-06	-8.456461578552201545e-06	-8.6626639266003861533e-06	-2.7165825192166856089e-06
-8	-4	-3	-7.3417028905025781565e-06	-2.5089975622224785812e-06	6.192297576400741117e-06	4.0206393221469104645e-06	1.1321477606139218567e-05	1.3298077363973959501e-06
-8	-4	-2	5.3831142910676860132e-06	-9.5436089034658865334e-07	-6.4755352361193990399e-06	1.1926367301553052519e-06	-8.5813866920319476671e-06	1.4321701010757445331e-06
-8	-4	-1	-2.2233679141050189961e-06	2.309960359423036416e-06	3.1881750351174724521e-06	-3.8562361717107305757e-06	5.0342431723702613135e-06	-3.0547381885413690253e-06
-8	-4	0	2.0460648695213527223e-07	-1.4204938194505113271e-06	-4.0921297390427054447e-07	2.8409876389010226542e-06	-1.5333483411330677309e-06	3.8404130731759981927e-06
-8	-4	1	1.3501238494450799819e-07	2.2909163590104632954e-07	-5.2524303988293287322e-07	-1.2228869392273984098e-06	-1.0208730799756675073e-06	-3.0588146697012230028e-06
-8	-4	2	6.8023491902130621392e-08	6.2507280645257699541e-07	8.9700558483419127116e-07	-6.2441266190797112667e-07	2.0661051372769051338e-06	1.2514659019943657283e-06
-8	-4	3	8.5955864307141515074e-07	1.4775876846720664875e-06	-2.6949672264209100937e-06	-1.3964362747906656173e-06	-1.3011332537041062485e-06	2.0783187927379567593e-06
-8	-4	4	-1.0986380383541568361e-06	-4.7681082112782892473e-07	1.3352345769847444129e-06	-1.0579334693479389349e-06	-8.6204149972356936523e-07	-2.0115551116035967844e-06
-8	-4	5	1.1256179236444884966e-06	-7.7723680344399631434e-08	1.1860496252255729991e-07	8.5735294964320223864e-07	1.8958726478492273074e-06	5.6152447116352233826e-07
-8	-4	6	-2.0293408154051029077e-07	-5.1862744069906974842e-07	-8.7308262032788815607e-07	1.2558655376913899471e-06	-8.5263385560593908782e-07	1.4574043752883358938e-07
-8	-4	7	1.6565966322273023595e-07	6.0588935003405454179e-07	-1.005719113584918225e-07	-1.0173736396439389864e-06	1.3185566576398209671e-07	1.1108860595666864966e-07
-8	-4	8	-8.7926074490241143076e-07	-9.5675523626333251365e-08	-1.0611088738697452805e-06	-2.3112989744372901699e-06	-1.4098151818372839651e-06	-1.2513250108449783363e-06
-8	-3	-8	3.0298312953400450879e-06	1.7555598342680157945e-06	-5.9672608775851903776e-06	5.0533552378868832155e-06	-7.9210846624559848458e-07	-3.6505680484755971062e-06
-8	-3	-7	-3.4916543751993883233e-06	1.7777091396183092245e-06	2.8074761834419757714e-06	-3.4526160534723893067e-06	2.7872580644670259128e-06	-5.5197499378990077894e-07
-8	-3	-6	6.5399913165932037576e-06	-5.0332582534874748949e-06	-6.8980841193038160654e-06	7.5687176183246103578e-06	-5.2709463624723632206e-06	2.92665219548766163e-06
-8	-3	-5	-8.2241696147803486502e-06	7.4047999024278097539e-06	7.5947879944639368571e-06	-4.8585652244877042152e-06	8.6017985869701975895e-06	-8.9325407091918730771e-06
-8	-3	-4	5.5302363616704275129e-06	-5.501422644221354214e-06	-6.3957080121241719289e-06	4.7973818734394584871e-07	-6.2636917142477258673e-06	1.0643041647934749544e-05
-8	-3	-3	-1.6881246434458054168e-06	3.914379646915647085e-06	1.7333359750197000203e-06	-1.8247135976973443954e-06	2.7683297408357810911e-06	-8.6136321274110474783e-06
-8	-3	-2	-3.5790282885273865069e-07	-3.1114775781637284661e-06	9.7880236648697846802e-07	2.7507212687190816832e-06	-3.6592234319513072803e-08	8.3198284095762928221e-06
-8	-3	-1	1.5250362105425937077e-07	1.3221204878517902046e-06	5.2186382997547703204e-07	-2.2468305832753042434e-06	-2.7856204583605060623e-06	-3.8364721529884080595e-06
-8	-3	0	4.9886609997493328471e-07	4.4600560444247823896e-09	-1.3303095999331554259e-06	-1.1893482785132751385e-08	4.5040385117876661369e-06	5.6888617399930553752e-07
-8	-3	1	-3.0964370569988263003e-07	2.7008546225261196712e-07	-6.5444438305225843221e-07	1.8331491615279638955e-07	-4.4404827947558364427e-06	2.7106284464792851173e-06
-8	-3	2	2.2956012295075328777e-07	-3.6748095178663273622e-07	5.921703499472420636e-07	-9.4393995215168703601e-07	1.8064960167238761935e-06	-2.8858337353740612342e-06
-8	-3	3	7.2183914495185965589e-07	4.6072394567508115856e-07	-6.9987867635262723325e-07	1.0078422289759388542e-06	1.2250257101856653942e-06	2.2364394174428220848e-06
-8	-3	4	-1.9356562414730686745e-06	1.8174470659242022076e-06	2.7127022485142836641e-06	-3.7008279771576412487e-06	-1.836785796560424601e-06	8.5927314898017347878e-07
-8	-3	5	1.4925085749674451169e-06	-2.6978361527109597384e-06	-1.126723342317550025e-06	3.5761436654178200179e-06	1.7119797145573821721e-06	-2.1708516450868434012e-06
-8	-3	6	-1.04110217068066965e-06	1.1227633623175485718e-06	2.7963848191866260426e-06	-6.8971288019854819368e-07	1.0056182019086875954e-08	1.1521613763241241753e-06
-8	-3	7	4.178868713799257464e-07	-5.1494438679975909136e-07	-8.8761232636246648016e-07	9.1102131306972146503e-07	9.7179713136000912159e-08	-1.9807016502698690889e-07
-8	-3	8	-3.1396255482228819041e-07	9.2392919121470651271e-07	9.9775353663788570241e-07	-2.9239042740314220794e-06	6.0195021416918961233e-08	-1.7253491154707671415e-07
-8	-2	-8	9.4112130808565502158e-07	-2.5135704511750342988e-06	1.6472070111127271691e-06	2.6296990307412835022e-06	-1.3529230608638368138e-06	1.8561456934897135291e-06
-8	-2	-7	1.2670673454473163859e-07	5.0029714828430568629e-06	-3.8099734704606932298e-06	-4.3633766338408367508e-06	9.4375615208050470392e-07	-4.4710026564375403212e-06
-8	-2	-6	-5.5000675931173688486e-06	-1.2769018857017929314e-05	9.8972627692351753406e-06	8.0454704735543917726e-06	4.0343358677447675316e-06	1.434353498483910793e-05
-8	-2	-5	6.0167289348964569581e-06	9.9202444222252403577e-06	-5.4286333230287210508e-06	-3.2414953294871668754e-06	-7.4553129666228430515e-06	-1.4575792943765517653e-05
-8	-2	-4	-4.3347018956249298662e-06	-4.2909446716544623535e-06	-2.3325722790665595216e-07	-8.7175204068147786551e-07	8.786032405203188754e-06	9.0177653636496633751e-06
-8	-2	-3	2.6591578292791080591e-06	1.4748611276026927127e-06	1.9808086037459109e-06	5.0961604815163683497e-07	-8.4116266139082284753e-06	-4.2727070390416049827e-06
-8	-2	-2	-1.8378318937057541757e-06	1.5475214603836467703e-06	2.9387246234038504674e-06	-2.1559563945727854758e-06	4.4126029514191662356e-06	-4.0341294469618011817e-06
-8	-2	-1	-8.4446931050346905414e-07	1.4928055731534988009e-06	4.0268879803772222653e-06	-7.0581102998816643219e-06	-1.2980214767266925209e-06	2.1737760145353386602e-06
-8	-2	0	9.3202306643744048606e-08	-4.6728762110033184351e-07	-3.7280922657497619442e-07	1.8691504844013273741e-06	6.8218526394550785107e-07	-1.5494971210513579206e-06
-8	-2	1	-1.1350816528887748178e-06	1.2518465435127219432e-06	5.7937498501195039554e-06	-2.5056585752964998308e-06	2.5068464771288106393e-06	5.003455197508775037e-06
-8	-2	2	-4.3256107825314886873e-07	-6.5019279394205473881e-07	-1.3756822119095733809e-06	-1.4343407547270922879e-07	-3.1059265249221688558e-06	-2.7442052512409279458e-06
-8	-2	3	9.1003973694716876878e-07	-1.9681307557386345621e-07	7.4217155753196709591e-07	2.7130502530944317618e-07	2.9215536702137614474e-06	-3.4396485132400713439e-07
-8	-2	4	-1.5283347966581844715e-07	5.8212269737608555694e-07	-1.6679681007577913189e-06	-9.3004562997212893342e-07	-1.1396510097105326596e-06	6.9922257976610664716e-07
-8	-2	5	-2.4000733034133189791e-06	-1.232528031351548945e-06	4.0414979714417621163e-06	1.4656296250725434934e-06	-2.2235180968846060282e-06	-1.3857930001334607877e-06
-8	-2	6	3.0930635209511323381e-06	2.4040588152835507225e-07	-4.8043728548318974245e-06	-1.4693669286697298482e-06	2.5226270763242105014e-06	-1.6924780085210317759e-07
-8	-2	7	-1.0733470255044629331e-06	1.3654643209958260899e-07	1.9254455571299401508e-06	6.2943554808085855974e-07	-6.7655501282511753422e-07	3.3589179327976827692e-07
-8	-2	8	3.5091113737645908714e-07	-1.3220510672940487208e-07	-9.2754787692560514162e-07	8.8700368479379002927e-08	1.1902416814505781497e-07	-1.1003001460956012465e-07
-8	-1	-8	-2.3917619083566529736e-06	-2.5233577535931350461e-06	1.8571535821175552034e-06	-5.9578786453002747601e-07	2.1596177105919584143e-06	2.5978312366593886262e-06
-8	-1	-7	8.5088478408278286609e-06	3.2320835348536301981e-06	-4.3248254895115444818e-06	3.2887338955727952138e-06	-9.1065653195872973453e-06	-4.163628882057404894e-06
-8	-1	-6	-1.530867367299901084e-05	-1.2754529845147976418e-06	3.715764541823181429e-06	-7.6255403591186079668e-06	1.9792270807028151871e-05	2.9715273725394981836e-06
-8	-1	-5	1.167182659374750235e-05	-2.5610605710908236817e-06	3.0377369757270470519e-06	5.9431926794854730489e-06	-1.9282469945141411476e-05	2.9090583778482233657e-06
-8	-1	-4	-4.4215256498379706612e-06	2.6544545892838365846e-06	-5.1550474588501235367e-06	1.7918820757411089742e-07	1.0131813164388472207e-05	-5.3537062304612009994e-06
-8	-1	-3	9.7419915983504491138e-09	-1.1599755176946073884e-06	3.6574895989061989273e-06	-3.9278918583130998187e-06	-1.2451418438976675244e-06	4.4025653332899863086e-06
-8	-1	-2	1.6811109691045608883e-06	-1.6007099577123071103e-07	6.0559905608503276673e-06	6.3099173284298917732e-06	-9.7524391568434069631e-06	-2.5146746811300231483e-06
-8	-1	-1	5.7034684392431004406e-07	6.5915608708510873337e-07	7.4110634358975067904e-08	-6.5377568618728052027e-06	-4.6368853857534555527e-06	1.2645081651919349123e-06
-8	-1	0	-2.5400167600313850151e-09	2.8493105815140335164e-07	2.0320134080251080121e-08	-2.2794484652112268131e-06	6.7005632749059646614e-06	2.493672298092611763e-07
-8	-1	1	3.4685928037126010522e-07	-9.6044855882406767172e-07	-6.1715364899047934227e-07	8.0473094662458634314e-06	2.1577205939796013936e-06	3.6372099565332269293e-07
-8	-1	2	4.8807681863774879951e-07	7.4459171647186035309e-08	-2.3195049222633766877e-06	1.5232010084060956906e-06	7.9255481341930706595e-07	1.0594371907917919865e-06
-8	-1	3	1.127300106386080109e-06	-1.7984221275710815967e-06	-1.3331969541692974963e-06	1.6816246165968846975e-06	2.561734632306447439e-06	-4.2352508013239228331e-06
-8	-1	4	-4.7596836502235758489e-07	7.6167283561718915828e-07	1.5906454532473927962e-06	5.9110124804510493108e-09	-5.5427536673286702365e-07	1.5248234243544909625e-06
-8	-1	5	2.8809883932787169975e-07	1.4164229279318198371e-06	-2.46050076181206626e-06	-5.1791367599675108201e-06	-3.1142009437818520477e-08	1.2304493326974095754e-06
-8	-1	6	-1.8235379019480285947e-07	-2.3227053355449837411e-06	2.2686318840668539923e-06	4.9349556207162448399e-06	1.3496692708473854589e-07	-2.2744478439406044638e-06
-8	-1	7	1.0724581651046128804e-06	1.3051733116548772498e-06	-7.1093683529668847585e-07	-1.6293781263507739997e-06	1.124104069362887765e-06	1.2588583381268918789e-06
-8	-1	8	-4.1281364274897599772e-07	-3.0329409872806023544e-07	1.4976285906896844721e-07	3.7140462400461087221e-07	-3.9409328536535491204e-07	-2.568685207274839095e-07
-8	0	-8	-3.5501071535794422289e-06	2.0957860726504317233e-06	5.0037198622068303023e-07	-1.3849972620605157345e-06	3.5501071535794422289e-06	-2.0957860726504317233e-06
-8	0	-7	7.6604756664416677524e-06	-8.7045753029503693124e-06	1.7399066637800910721e-06	2.3432653349416083114e-06	-8.754829333076191475e-06	9.9480860605147075436e-06
-8	0	-6	-8.279907325294300237e-06	1.5058127941520686727e-05	-7.3692346484621369459e-06	-1.8023307773500219981e-06	1.1039876433725733085e-05	-2.0077503922027581173e-05
-8	0	-5	4.0248087209050422783e-06	-1.3486003305656913599e-05	7.9152219679071161721e-06	-5.1378306940441684526e-06	-6.4396939534480667982e-06	2.1577605289051062437e-05
-8	0	-4	6.7550506709629906093e-07	5.1197442190116973951e-06	-3.4805333011981146095e-06	7.6791416195798467564e-06	-1.3510101341925981219e-06	-1.023948843802339479e-05
-8	0	-3	-8.6991332623175264175e-07	3.4671427483173479596e-07	-5.4288520180291489767e-06	-8.5372116314346819825e-07	2.3197688699513402368e-06	-9.2457139955129278924e-07
-8	0	-2	3.2777581100139806659e-07	-7.484215341898848883e-08	8.5478159962236342019e-06	-2.9275073321068653266e-06	-1.3111032440055922664e-06	2.9936861367595395532e-07
-8	0	-1	6.2983213116872332182e-07	-1.5373636555233796137e-06	-6.9706083466905436194e-07	-1.1216458493348585595e-05	-5.0386570493497865746e-06	1.229890924418703691e-05
-8	0	0	0	-0	-2.8042898687343014091e-06	9.3054511556710881596e-06	3.044616126187852728e-06	-7.675910714363299385e-06
-8	0	1	-2.1354568122951562687e-07	-3.988511372180287124e-07	1.3464947164113039956e-06	-8.7368161058627934948e-07	-1.7083654498361250149e-06	-3.1908090977442296992e-06
-8	0	2	3.110234352468044449e-07	4.9047808942476260298e-07	-5.550374226531883897e-06	3.236968328840859748e-06	1.2440937409872177796e-06	1.9619123576990504119e-06
-8	0	3	-1.1845924545792765183e-06	-5.3274360567963445349e-07	1.8977684836081368158e-06	7.5077223657515247413e-07	-3.1589132122114041899e-06	-1.420649615145691876e-06
-8	0	4	1.0759655583163906808e-06	7.6567844907615979931e-07	-6.9073238767001742943e-07	-3.3829969580907513496e-06	2.1519311166327813615e-06	1.5313568981523195986e-06
-8	0	5	7.9452566907055267693e-07	-1.2552296769842293488e-06	-3.4775213756155734506e-06	7.5476913155693210286e-06	1.2712410705128842831e-06	-2.0083674831747670428e-06
-8	0	6	-1.2093034881069969465e-06	1.7052932225986398806e-06	1.3332448560398955483e-06	-4.5118168586132600083e-06	-1.6124046508093293325e-06	2.2737242967981866487e-06
-8	0	7	3.9564020944820163907e-07	-1.2073754554297310282e-06	6.2818167203542115544e-09	1.1010914445429890071e-06	4.5216023936937329423e-07	-1.3798576633482639113e-06
-8	0	8	1.5209077094190588627e-08	4.1914073574917909459e-07	-2.169447249973431188e-07	-5.4954088233125243645e-08	1.5209077094190588627e-08	4.1914073574917909459e-07
-8	1	-8	1.0430181263198198514e-06	4.1699666384872686108e-06	-6.248168967855536241e-07	-7.1369226294338615448e-07	-1.121120238418014028e-06	-4.259178171355191761e-06
-8	1	-7	-6.5519822451117092272e-06	-9.35727828475174573e-06	1.3577149679902638011e-06	-6.7197521827996162448e-07	7.6819389898405632732e-06	1.0598035865676286332e-05
-8	1	-6	1.4390070105648887334e-05	1.4981608602108860171e-05	-7.69097700865192903e-07	5.1381644528933135597e-06	-1.9314943091009381806e-05	-1.9119117393996261866e-05
-8	1	-5	-1.3801496291460519224e-05	-1.1154765737116112152e-05	-3.4397836916903995119e-06	-6.9461453420950496128e-06	2.1394437327998751025e-05	1.6458396110966771553e-05
-8	1	-4	5.4858349124521907288e-06	2.4580836544010790129e-06	3.8673194668984049713e-06	3.7674008859757940852e-06	-1.0004839958179780003e-05	-3.974317087308209928e-06
-8	1	-3	-8.8094439693068709649e-07	-3.937822978136038298e-07	-3.4923950416860047008e-06	-8.1093082541222120762e-08	1.1850533779198308315e-06	1.0230550999892028348e-06
-8	1	-2	-1.2873356530130942749e-06	-6.2428049032571133254e-07	-5.9997046134741885539e-06	1.2991454507466441858e-07	2.1494903053152823991e-06	2.5620792338401774336e-06
-8	1	-1	-1.8499106595029095942e-06	-1.3312808764493771785e-06	-1.1222037438943841981e-05	-3.951261309306337846e-06	3.5772478370794347723e-06	6.6989857022886804293e-06
-8	1	0	1.2925076185475318508e-06	1.511474640319036142e-07	1.0340060948380254806e-05	1.2091797122552289136e-06	-7.3588331615842690039e-06	-1.0247614078598587145e-06
-8	1	1	-1.143910062790342558e-06	-3.3974841048310175834e-07	-4.4319467441828659681e-06	-5.8012883679701954435e-06	-4.7193337581398736485e-06	3.0833010841053813768e-06
-8	1	2	-6.0504422770766548552e-07	1.0254584247947306473e-07	8.9815909670229830342e-07	5.7586768164229059657e-06	-2.869256459181810882e-06	-2.469155038293560618e-06
-8	1	3	-1.5892833203825372055e-07	9.2968397330298438332e-07	-5.7397934837668134773e-07	-3.9339195499749139741e-06	-2.3248243597644948986e-07	3.7904637787995962057e-06
-8	1	4	4.1739152621715556785e-07	-5.8378032427277988103e-07	-3.3850864106640899636e-06	2.0545951611131575773e-06	1.6810546551003336266e-06	-1.6812094388238490505e-06
-8	1	5	-1.6082551336263178696e-06	3.2041185663891002148e-08	1.0005140246402854609e-05	2.0661810854766188302e-07	-4.5742362630826798519e-06	9.9422753526932288186e-09
-8	1	6	2.0523789319924002639e-06	9.5684992505859177141e-08	-4.5445183517401480165e-06	2.6794121772501628611e-06	3.4939249679465582135e-06	-3.1898870620054822302e-07
-8	1	7	-6.8052109192567238147e-07	4.3661404241361454077e-07	5.7683463220964815051e-07	-1.1039404922156612145e-06	-8.6014333823071823226e-07	6.5669326164636820496e-07
-8	1	8	5.8428474400758132042e-08	-1.981314944436281405e-07	1.6928018714103178756e-07	3.0246753267337846311e-07	3.7268451008129161905e-08	-2.3593993602780042854e-07
-8	2	-8	4.0687755550266284507e-06	-2.4283985349421838534e-07	-3.2768430217598980388e-07	7.9879750493049227265e-08	-4.1506966305706263781e-06	2.628097911174807087e-07
-8	2	-7	-7.1500170910703609087e-06	2.2833871323085587895e-06	-3.2946154097536411783e-07	-2.490155556115398e-07	8.0773162352303093863e-06	-2.6807325956702213712e-06
-8	2	-6	1.8795007984102642389e-05	-9.6963658794247646074e-06	3.8208935155930539323e-06	1.2911255152046657431e-06	-2.3786379473605837129e-05	1.335886301096790834e-05
-8	2	-5	-1.3725587126763875089e-05	1.0283982157327741286e-05	-4.0557215980262959024e-06	1.5201580372614869069e-06	2.0338650763611683137e-05	-1.5846308236819789855e-05
-8	2	-4	4.9945897273949546361e-06	-5.3866595897491272406e-06	2.3827376493843748249e-06	5.70050637996973906e-07	-8.7978106300977227067e-06	1.1058344498496742387e-05
-8	2	-3	-2.2445142175171746769e-06	1.9323991813056351227e-06	-4.7200909231026876326e-06	3.0266243581491875016e-06	2.8386439646440072422e-06	-3.135314911382235326e-06
-8	2	-2	2.7061875187044665664e-06	4.0027586422222937727e-07	5.1351406420091056201e-06	7.839413252227613068e-07	-5.6896094328087606456e-06	-8.1716213166615630815e-07
-8	2	-1	-3.4336178988122321313e-06	5.880755904775344112e-07	-1.1655455342552448908e-05	2.8360895454455483536e-07	4.1580325053929609297e-06	-4.1373868147311658306e-06
-8	2	0	2.0634702309570617078e-06	-1.7007009145220812597e-06	8.2538809238282468311e-06	-6.8028036580883250389e-06	-2.1889776015589571318e-06	6.9233993673249423757e-07
-8	2	1	-1.9700079005679170112e-06	6.741787501416598922e-08	-9.0387434888231268763e-06	2.5937214448769453975e-07	2.317423773102919357e-06	2.0598711137938870651e-08
-8	2	2	6.1041385308627715995e-07	3.7792946105928627144e-07	7.5774023729909059384e-06	1.0063592122121892377e-06	-5.1357469606457964515e-06	5.0535863202495574219e-07
-8	2	3	3.3030569334051422414e-07	-1.0514779900989967944e-07	-3.2277796699581480849e-06	-1.1017277500989476859e-06	3.0326682955468034622e-06	4.5409103603956597876e-07
-8	2	4	-2.8070937117009371678e-07	8.8488481737622511228e-09	2.710447179544376705e-06	3.9523857764490881008e-06	-1.9166423321123756802e-06	-1.9584951918770196011e-06
-8	2	5	4.7535543752798783077e-07	2.0349468706210925952e-06	-2.3604352169406463298e-06	-5.0281791784725834508e-06	1.7047427868210389341e-06	5.2671866643827818715e-06
-8	2	6	-1.767180608113714975e-06	-1.5588947829651012277e-06	2.0972872209832363041e-06	2.1054058727754606869e-06	-3.0553365511460322092e-06	-2.7803283348786217247e-06
-8	2	7	1.1117576166509550687e-06	3.4610953751457191485e-07	-3.488429827912292089e-07	5.3345708977696646346e-08	1.3702495569700143046e-06	3.8031212602302598672e-07
-8	2	8	-4.185747048534536548e-07	1.7780702634844133653e-07	2.9941328280888812839e-08	-2.7557216627195665086e-07	-4.2606003692367589275e-07	2.4670006791643049925e-07
-8	3	-8	1.2008885111420357261e-06	-3.9119001602123692926e-06	-9.8716211394476736261e-07	1.3155206854227411341e-07	-1.5710743038713234606e-06	3.9612321859157227072e-06
-8	3	-7	6.5908607078315876737e-07	5.3532309633736664987e-06	-6.1336414939886479425e-08	8.9812189937871362329e-08	-7.7952825872641855263e-07	-6.0794873053108170361e-06
-8	3	-6	-3.2763751868971820304e-06	-1.087864027097138679e-05	2.4412057154181099691e-06	-1.3098595010773561251e-07	5.5891031069052974094e-06	1.443936071957464801e-05
-8	3	-5	7.141515066226326736e-06	9.853626904277659263e-06	-7.5477681182308278508e-07	-8.1229389883135842543e-07	-1.1879290193055972173e-05	-1.6253179386143070702e-05
-8	3	-4	-3.0506352867033655234e-06	-3.7423335059651521511e-06	1.1641848452353557132e-06	3.9180522602686168661e-06	6.9744092073332478846e-06	1.042320620713176674e-05
-8	3	-3	8.4418441595518677984e-07	2.2561128814429180999e-06	-1.5609419211276951735e-06	2.9174602270919901632e-06	-3.8121003636748599904e-06	-3.0988407900891242051e-06
-8	3	-2	-7.5211868456639576959e-07	-2.2175913882845990993e-06	-9.1583055278573852609e-07	-5.9528387155276048953e-06	1.6347289090869753951e-06	-5.8892520153011336208e-08
-8	3	-1	1.2258994946418723061e-06	3.2045503313633086519e-06	3.4104972799551141156e-06	8.7787552362523899361e-06	4.2429588273036458639e-07	6.9986305785069932264e-07
-8	3	0	-1.9310476519071205902e-06	-2.7251198991756397366e-06	-5.1494604050856543424e-06	-7.2669863978017053995e-06	-1.4953239862716659974e-06	2.2090816566743586146e-07
-8	3	1	2.7335360874632794806e-06	1.8108965547134692878e-06	6.960276592691496402e-06	5.6985409613387534475e-06	9.8745892163174727426e-07	-2.6084504463085060399e-06
-8	3	2	-1.747943008764214274e-06	-8.38050272927098476e-09	-3.8502117137205078552e-06	-1.9891559742888582589e-06	-1.2164544644760951014e-06	2.9502119505162031382e-06
-8	3	3	6.321359842199832823e-07	-4.0437307264351722815e-07	1.4206439032599826989e-06	1.8354566699095006604e-06	2.6505205465997259704e-07	-2.9137848636255467433e-06
-8	3	4	-1.2440728445568299723e-06	-4.3051678434059279542e-07	4.8319608584998302905e-07	-4.6739897523617802061e-06	-2.8505427535011475075e-06	2.6444587455901494578e-06
-8	3	5	2.2851098615717900452e-06	-2.4460911194120309627e-06	2.3591817594503456148e-06	4.3711979994539252876e-07	2.2406667228446567881e-06	-4.1760176710264847717e-06
-8	3	6	-4.7796906747713454743e-07	1.6684721428365671656e-06	-6.0535486296774817758e-07	-6.5204001344809784781e-07	-3.3461465848563862346e-07	2.5506495305061386898e-06
-8	3	7	1.4242353445545902148e-07	-7.81894013895209608e-07	3.7846297153957887977e-07	-4.211725022575795054e-08	5.7133728927652161296e-10	-8.7554290864062894221e-07
-8	3	8	2.7999845609207510524e-07	-1.2982639164874438474e-06	-8.9045728648405026156e-08	9.6217025276865461305e-07	3.1339060433522699667e-07	-1.659077761275689142e-06
-8	4	-8	-3.2035816387703152771e-06	-5.3005753207920532675e-07	-9.6084278159049678641e-07	3.8706089714532353472e-07	2.7231602479750665663e-06	7.2358798065186709411e-07
-8	4	-7	3.434942524651392076e-06	4.0130553783459558694e-07	-3.5532206630403449397e-07	4.834197740327277097e-07	-4.1286897803467529977e-06	-1.823950295065505434e-07
-8	4	-6	-5.9138370131268308343e-06	3.2183056908343096189e-07	1.5813164749771554677e-06	-2.1720393663108665866e-06	8.939327000820544334e-06	-1.8771336696518190069e-06
-8	4	-5	5.0042668824097001241e-06	-1.0629022588415261283e-06	-6.0886130242277386267e-06	4.9023964177034853052e-06	-1.28777174312377111e-05	5.6225607483092302188e-06
-8	4	-4	-2.6784805558765771802e-06	1.6692266975152285506e-06	4.5914935369934742015e-06	-2.7991567355969046416e-06	9.9484546487466294089e-06	-6.1376101306273621663e-06
-8	4	-3	-6.0332466912390548964e-07	-4.4469282245648470308e-07	-5.2451526418967163315e-06	2.8192539828784930097e-06	-5.3846710715318740854e-06	4.94485283705528308e-06
-8	4	-2	-1.1992970108002100831e-06	-5.2880578367903625491e-09	-2.0312083694563935293e-06	-1.817780561586955596e-06	7.3477130428805316768e-07	-3.6144088918267497154e-06
-8	4	-1	1.8270352391555881683e-06	-7.9881090776618444528e-07	4.0544447456407021679e-06	-1.4348834118888847197e-06	1.601497069318103537e-06	6.5095361457393615406e-07
-8	4	0	-2.1699068170953753018e-06	2.2220828246892542439e-06	-4.3398136341907506036e-06	4.4441656493785084878e-06	-1.8539769371188523166e-06	4.533585089235953739e-07
-8	4	1	1.8210492407292734643e-06	-2.2608684753723860925e-06	3.6614374566287031428e-06	-4.1021196473747873943e-06	-7.7355900680626206897e-08	-1.6784692134799391629e-06
-8	4	2	-1.4146828723867839385e-06	2.8976054347200690856e-06	-3.814018784757604253e-06	5.2312296193019443424e-06	1.9693060799680727518e-06	1.1279625002763865988e-06
-8	4	3	6.1529807144869352331e-07	-2.8906111202369913557e-06	4.648711782814769277e-06	-5.0269245374342920674e-06	-4.5574875198898429738e-06	-1.0057302707195884429e-06
-8	4	4	-4.9558290638365383381e-07	2.2067695873720182377e-06	-3.8522919079883094894e-06	5.3843512294822417648e-06	2.8611260952210018218e-06	-9.7081205473820550109e-07
-8	4	5	-5.2930041595096715043e-07	-1.5678714616870925622e-06	2.0879580138669608885e-06	-3.8394396424520645011e-06	-2.5172470766151160667e-06	5.6295737526230324728e-07
-8	4	6	6.9153360813084997828e-07	5.8639509072096362046e-07	1.2167154645633587698e-07	1.3133162595362819621e-06	8.4093044653690949226e-07	-9.3684052062903125405e-08
-8	4	7	-4.151400244247632314e-07	5.12116932101698597e-10	-1.1912838065662008143e-07	-2.6735210028340670524e-07	-4.0637238182451797759e-07	1.5335790522720575072e-07
-8	4	8	-1.2999510706020445563e-06	-1.4074260056679266238e-07	-2.4718540572015630256e-06	-1.465562420896928104e-06	-6.4024042001263162619e-08	5.9203860988167138964e-07
-8	5	-8	-4.5092305900723461047e-06	-2.1675827840842434657e-05	3.9746552772233097647e-06	-6.9102703369509813652e-06	6.993390138336915237e-06	1.7356908880248072044e-05
-8	5	-7	8.6675317005828254017e-06	-3.2202157701261377385e-07	-3.755240522137800762e-08	9.7514187815007186327e-07	-9.9325736615384999795e-06	1.0645545724073240641e-06
-8	5	-6	-6.8520220059867934787e-07	2.4127871836005969632e-06	-6.1152721145271064702e-07	-7.9347844850119952319e-07	4.0399692458764692464e-07	-3.87828161855179603e-06
-8	5	-5	3.4532294843711052977e-07	-1.8173924814618922511e-06	2.0844424750167055286e-06	3.9923275778199129253e-06	1.5319257575173285963e-06	6.9001555481589412047e-06
-8	5	-4	-1.468325347872087893e-06	6.5758739113690536581e-07	-5.2005408638844592174e-06	-6.668077988386693342e-06	-3.5640253841113986594e-06	-9.6502722677571771973e-06
-8	5	-3	-1.8828194017701303681e-07	1.867102088575377451e-06	1.4981998996541581052e-06	8.0102074543661208009e-06	2.9990850065622979912e-06	8.3714068544091953635e-06
-8	5	-2	7.4340402728545121116e-07	-1.5441260617938212278e-06	-3.9459587116578759194e-07	-4.2714115570064346784e-06	-3.9601057870562738245e-06	-4.5020246453408017847e-06
-8	5	-1	-1.9717079375161196202e-06	-1.3023218481666753957e-06	-2.4453382177542029494e-06	-2.0594625136012343657e-06	3.5469724113579413677e-06	1.2126221732722982852e-07
-8	5	0	3.1520117394924882235e-06	2.6609961863946741021e-06	5.0432187831879806493e-06	4.2575938982314782245e-06	-1.8218780740391671815e-06	6.5823923146848586282e-08
-8	5	1	-4.2227361273993105006e-06	-2.878063691180083572e-06	-7.07015203203559332e-06	-4.6716504124376371471e-06	1.568871140983480689e-06	3.3374253274751890673e-07
-8	5	2	5.2611380750601660853e-06	3.0610696050680760082e-06	9.0530236469036469237e-06	6.0533791295174002578e-06	-1.5880068170184542387e-06	-2.8891694035211966119e-06
-8	5	3	-3.2487731339919903306e-06	-2.0108735007141712736e-06	-5.3040288895813776155e-06	-4.5993632979201925739e-06	1.7665312532365540898e-07	2.3032761612958646505e-06
-8	5	4	1.9983351565501424368e-06	1.3335450664733521026e-06	5.3615470256505349072e-06	4.2193958159035117902e-06	-2.7052634689628839722e-06	-2.6071546369326853207e-06
-8	5	5	-9.0639540120056010037e-07	1.5224757509733818876e-07	-2.5479187155336549088e-06	-8.2227543855796865715e-07	1.0976860736127587482e-06	1.065871558713709738e-06
-8	5	6	6.3593667707121332066e-08	-1.3814040793938562336e-07	4.3083304454617328129e-07	-1.0625683873063159296e-07	-2.7423598017898258969e-07	-9.5639844976987843629e-08
-8	5	7	4.5425733156563007213e-07	2.7801405617705292842e-06	4.8915068159930931235e-07	4.1194710240954208392e-06	1.697578920754991526e-07	2.3482419624101870726e-07
-8	5	8	2.7748761894943989659e-06	-1.7150905913660028972e-06	9.2192897268696921128e-06	-1.0840903474028307357e-05	-2.9871798897991588164e-06	5.0604740799016892009e-06
-8	6	-8	2.0196908574671787328e-07	1.102622575255769731e-06	-1.6516646903380092129e-07	3.6528581607122813905e-07	-3.2584393752206854439e-07	-8.2865821320234869292e-07
-8	6	-7	1.4337967941107670857e-06	5.5494069400592185585e-06	1.7688778783720981059e-07	6.9277423278193547544e-07	-1.4870068036946969527e-06	-5.7483728748260201299e-06
-8	6	-6	8.4023232551091022667e-07	8.0167418945695146457e-07	-1.5698884948159542236e-06	-1.2550228332565611751e-06	-2.6901982621638347376e-06	-2.3239217525324966024e-06
-8	6	-5	-5.3308150870153425705e-07	-7.3820473274097763839e-07	1.5794429264828406892e-06	-2.9830629362889662044e-08	2.7482619257018636383e-06	1.1453308171500965132e-06
-8	6	-4	-9.0588007808742293329e-07	5.4319185389436052332e-07	-4.7924163345283124667e-06	5.0948743781309817205e-07	-5.3768643456176224099e-06	-3.2215255106907378856e-07
-8	6	-3	2.1197118956267669646e-06	-3.078149624303901476e-07	5.6947633689203599368e-06	-7.9273836164454334234e-07	5.7369616828360079681e-06	-7.6463682347471306363e-07
-8	6	-2	-2.4136400994789581094e-06	-7.4960920525163774075e-07	-5.2216499038066400442e-06	-5.4524508817479050089e-07	-6.010389313504087695e-06	1.3627015564821796721e-06
-8	6	-1	-1.3833049007429275613e-07	1.348815012891841773e-06	7.076550410638708198e-07	1.5695360720144075568e-06	5.3525741669775673913e-06	-1.373303671048288843e-06
-8	6	0	2.0704004803504587749e-06	-2.0944939508889804458e-06	2.7605339738006116998e-06	-2.7926586011853071199e-06	-2.3132466427119791947e-06	3.8092358207877739e-06
-8	6	1	-3.8913081961551840551e-06	3.1100275020840098933e-06	-5.504436713255257464e-06	4.6059991716249596374e-06	1.8961547102900742492e-06	-2.7557750130776807953e-06
-8	6	2	3.8242855177084276967e-06	-3.625470871780676553e-06	5.9398205762571028399e-06	-6.0239815466606382881e-06	-2.5223196579375951919e-06	3.570061152859208229e-06
-8	6	3	-1.799453413318085835e-06	2.3833791291052789045e-06	-3.5182820321760594925e-06	4.3185583038539791247e-06	2.2380216288372231426e-06	-2.2814389300938820178e-06
-8	6	4	6.0103779755429141556e-07	-8.1638750940733278098e-07	1.4836400612413267001e-06	-2.3029391129678109601e-06	-1.0233844967534073249e-06	1.8216336506370508782e-06
-8	6	5	-1.0093044765712862176e-07	1.3052089328948983186e-07	-2.281485312554491555e-07	6.7604270379098411075e-07	1.1228952125513319707e-07	-6.0241781528599726545e-07
-8	6	6	1.7962423681057932602e-07	1.2296019011194219174e-07	5.5498028051437591822e-07	4.6792269521215566e-08	-3.1548129810027013255e-07	1.1715465062804068524e-07
-8	6	7	4.3583237528372925491e-08	6.2850026718535771422e-06	-1.2941457893562355901e-06	4.1765192327425879014e-06	1.1590772337663424131e-06	3.6029865683390131211e-06
-8	6	8	7.3526487050429887084e-07	-9.9356985331250583626e-08	-3.5003732197266556161e-07	4.7920357328352442048e-07	9.9779286198379810822e-07	-4.5875966529389387252e-07
-8	7	-8	-2.5599458897821923236e-06	2.1374460849762537008e-06	-2.5829669661648727458e-06	3.9960459639361640196e-06	2.9984979438792861809e-07	1.3590941334678893928e-06
-8	7	-7	1.7857873993525895277e-07	1.9724888727897782188e-06	-1.290764032394705879e-06	-2.1874716199678332749e-06	-1.4948540208921448032e-06	-4.4417446174418654645e-06
-8	7	-6	-2.4753181924764515516e-06	-6.0593303791247678811e-06	6.0159823034630743392e-07	-6.2903795391493348189e-06	4.0022888587059602652e-06	7.4033104315880013307e-07
-8	7	-5	2.5054561521380038563e-07	-6.7342094153299318233e-07	6.8395298427432739025e-06	-4.0894069639979743544e-06	9.174468795498503016e-06	-4.6476962431443746655e-06
-8	7	-4	5.2376323508043626875e-07	4.9911137553630556646e-07	-4.3032377393886246875e-07	1.7411546690662038236e-06	-1.8005930745538816593e-06	2.0487979197932454526e-06
-8	7	-3	-2.7712553092089022845e-07	-5.2279891915445708566e-07	3.1478698537493812511e-07	-1.4340777510383862977e-06	1.4735043816638962345e-06	-1.9520509680110160114e-06
-8	7	-2	2.0953390128729781325e-07	3.723700251736320959e-07	-7.2581463907888934531e-08	1.2066312356727029051e-06	-1.0921707288268024246e-06	2.7337292241599315723e-06
-8	7	-1	-4.09572597763899924e-07	5.1753531036749847371e-07	-4.1949832731591844453e-07	9.2433488883688272864e-09	3.4009249089977038616e-07	-4.0755790407214058729e-06
-8	7	0	-1.812196375398853118e-07	-1.5774991849446635947e-06	-2.0710815718844036391e-07	-1.802856211365329762e-06	-5.7227254435405621721e-07	3.6622843253780171069e-06
-8	7	1	4.581401855688924548e-07	1.6997163141552993605e-06	6.3786088390764381495e-07	2.311091918596844296e-06	-7.9990470280236727798e-07	-2.5799129169355156117e-06
-8	7	2	-1.0061880983758452689e-06	-1.0629341208802973266e-06	-1.3942066279242843989e-06	-1.56511773320607815e-06	8.5497080423161432058e-07	1.2261755827000839011e-06
-8	7	3	4.3797252041941845501e-07	6.9485502434565711748e-07	8.2455500433883356261e-07	1.0823751499757160591e-06	-7.5603495567216246802e-07	-6.7259528502158501675e-07
-8	7	4	-1.4686886736280108289e-07	-3.8347383556136380021e-07	-5.0750361293556894513e-07	-6.6875463624067047396e-07	5.9439358791164346173e-07	4.0337294229844578195e-07
-8	7	5	-2.6601942764281357145e-06	9.3318559691819543373e-07	-1.0406426300507073008e-06	4.7325534190795603463e-07	-2.799411160214026668e-06	8.3053947639797417137e-07
-8	7	6	-5.0525391059899835088e-06	-1.7612722065108578025e-06	-7.8742414241751048482e-06	-4.0839414346780932193e-06	2.4498961868843095662e-06	2.4162353984432982113e-06
-8	7	7	1.1059450057427407048e-06	-2.7523478124902423442e-07	2.4512254650461573403e-07	1.1485058665706602756e-06	1.0188146029156592589e-06	-1.4630599022838308293e-06
-8	7	8	1.8616222711460339817e-07	1.2473838956503155118e-06	-5.0499971548016637276e-06	2.4579329334664455186e-06	4.6049097375660592128e-06	-9.033074211328244229e-07
-8	8	-8	4.9950398406620073733e-05	-9.8238304625441628861e-05	2.6777188060671301912e-05	-5.8441190681283857681e-05	-2.3173210345948768433e-05	3.9797113944157764404e-05
-8	8	-7	-4.5707130280830762071e-07	2.6160732522146519033e-06	1.0853094189228337951e-06	-3.7167422380967744007e-06	1.7627208248355901895e-06	-7.2375034174987734029e-06
-8	8	-6	1.2460645361613469838e-06	-1.0660388069980669077e-07	7.971952579586323092e-07	3.302810123891579405e-07	-5.9849237093695282885e-07	5.8251319078528617503e-07
-8	8	-5	1.2061350656528230062e-05	-1.3392928394416546667e-05	5.9583006518736900429e-06	-4.1286735849147649397e-06	-9.7648800074472650467e-06	1.4822807695202851102e-05
-8	8	-4	-7.338112847428531127e-07	4.2000672873467217673e-07	-8.5842078501642706115e-07	3.0691550648062809514e-07	-2.492190005471478969e-07	-2.2618244450808811024e-07
-8	8	-3	-1.6138159841417592997e-07	8.4399251525152584477e-07	-1.719496200210034728e-06	-5.082629238359256339e-07	-4.154972271455623179e-06	-3.606014504233203802e-06
-8	8	-2	6.6315161928758918129e-07	-3.1529127373168534887e-07	9.9481808435578448493e-07	9.3189938615941821437e-08	1.326665860272780791e-06	1.6339248493905086283e-06
-8	8	-1	-3.6115581252864299113e-07	4.3828688673636456806e-07	-5.3802217976520190084e-07	2.7587928200029201013e-07	-1.4149309378924714895e-06	-1.2992608378885806752e-06
-8	8	0	9.4030163432200253349e-08	-2.499290721895662753e-07	9.4030163432200253349e-08	-2.499290721895662753e-07	1.09486895550134295e-06	9.1209182036016380356e-07
-8	8	1	2.1182037758247596178e-07	4.1656001360953445119e-07	3.1363134190208006068e-07	4.9667148606023976929e-07	-8.1448771455683289712e-07	-6.4089177960564243886e-07
-8	8	2	-4.6281314947253701089e-07	-1.1067095472359948533e-07	-6.39357368560768644e-07	-1.8154827212819117013e-07	7.0617687635292653245e-07	2.8350926961836679211e-07
-8	8	3	5.503185086986707405e-07	-7.570909908493365093e-07	3.4938331823878005823e-07	-4.292617657181194202e-07	5.3582717455970848606e-07	-8.7421126701657901016e-07
-8	8	4	-1.4826108482116449115e-06	1.794341940596116174e-06	-1.6825828492683145549e-06	1.2540089339261340566e-06	3.9994400211333912793e-07	1.0806660133399642349e-06
-8	8	5	-8.6353227458545143268e-07	3.6056195469631639272e-06	-1.7935236584916032222e-06	6.7332942899067978029e-07	1.4879862142498429055e-06	4.6916641887559748045e-06
-8	8	6	-8.7598681571235405835e-07	4.3309322512665129908e-07	1.3601416268298759483e-07	4.6341391447509109424e-07	-1.3493346378604555729e-06	-4.0427585797919700403e-08
-8	8	7	-4.9952164273676269377e-07	-3.9931845063254237723e-06	2.6186425225304667627e-06	1.654920815227296676e-06	-3.563616188876833604e-06	-6.4549775103459663476e-06
-8	8	8	-1.3514422610095682756e-05	-9.8410089462919827813e-06	-2.9297985486697401803e-05	5.3502395499781887922e-05	1.5783562876601720741e-05	-6.3343404446073874091e-05
-7	-8	-8	1.0362978027891355375e-05	-4.0035749299528071283e-06	-5.1506733272118598765e-06	4.4764435227976290545e-06	-3.916932447193075441e-06	-9.7331545908892292311e-07
-7	-8	-7	8.5691526551174586302e-07	9.6602772155236566319e-07	-5.5474361698192092341e-07	-1.1313717862634181599e-06	-2.2292256038955048795e-07	3.2696860560582670109e-07
-7	-8	-6	9.5568949090050068004e-06	-1.1346798077287801519e-05	1.7791324347443394787e-06	1.476600617154153463e-05	-1.3521887306831626674e-05	-6.4500771385529441187e-06
-7	-8	-5	4.4321326956979881882e-06	-1.0171051477352528305e-05	6.8284030888826084414e-07	1.1996881812573093973e-05	-7.2975302681984006447e-06	-4.9555388318234110687e-06
-7	-8	-4	-1.0303063130371858433e-06	2.5045721646334183863e-06	-3.3825762517192420969e-07	-1.7576953415907144877e-06	2.4795512981589238041e-06	-8.6761060492705309483e-07
-7	-8	-3	4.5631796703519720635e-08	-2.7102891104044974135e-06	1.032021335753453407e-06	1.8889687148853872875e-06	-2.8585310876507551244e-06	1.2867580179161275117e-06
-7	-8	-2	2.9937719366516444507e-07	2.5290011578426077453e-06	-1.3260062396548879326e-06	-1.5183445922016782374e-06	4.2562047807914768873e-06	-2.7781256836424141586e-06
-7	-8	-1	-1.2037424741939789413e-06	-3.1531884115389549282e-06	1.576287961046184581e-06	2.2667675334575848923e-06	-4.1841063690116229998e-06	3.9381786131120074764e-06
-7	-8	0	2.4284857344744899035e-06	1.3770086211154878012e-06	-2.1249250176651785597e-06	-1.2048825434760517731e-06	3.5003781851658443279e-06	-2.6782485428116317834e-06
-7	-8	1	-1.6536160889217338984e-06	5.7008256480500170679e-07	9.9647013113457603943e-07	-1.4169217575406766207e-07	-3.603551573375530032e-06	2.8570405476024705451e-06
-7	-8	2	1.0648711962462043963e-07	-6.4732276883843898847e-07	2.3858172160838692564e-07	-1.9694551559594126287e-07	1.3270318051197192413e-06	-3.0534117533183014582e-06
-7	-8	3	2.8023931685601989444e-07	4.1467173564832366389e-07	1.7647115760613956913e-08	5.2806855716049278167e-07	7.0095071469235031427e-07	2.3757502022740695472e-06
-7	-8	4	-2.6868095137273515754e-07	7.9223980228220933062e-08	-4.6888584928677760453e-07	-7.5961401937742160685e-07	-1.4079633634758418142e-06	-1.3805860733554566867e-06
-7	-8	5	-6.9146980348384350467e-06	-9.4844564582604937768e-07	1.0474675563573940455e-05	-4.284363026092980007e-06	7.0789036529444953231e-06	-8.1828047459052380717e-06
-7	-8	6	-4.3749868924883703232e-06	1.7843520328447869064e-06	4.8164737642105991561e-06	-6.2860919698154867188e-06	1.3178136443777000939e-06	-6.2997119214350644461e-06
-7	-8	7	-2.4577250376603561715e-07	-1.0005813389177477708e-06	-4.1919704348246998199e-07	6.9558680158047521211e-07	-7.2485483917457276212e-07	-2.0562499425434747166e-07
-7	-8	8	6.861415966693928107e-06	8.4229941367793738428e-07	2.3422421370181655326e-06	-5.6106785128163960837e-06	8.3459811078753522027e-06	-4.8736665258482010445e-06
-7	-7	-8	3.3282337061529688977e-08	-6.1034061872920615423e-08	6.6382098626020936944e-07	-3.5764043996839186668e-08	-6.0996540790652162318e-07	8.4698342636039824348e-08
-7	-7	-7	1.1460613555714803643e-05	2.7968558616569468711e-05	-2.4526291017056419216e-05	2.2831061258734983723e-06	1.3065677461341617267e-05	-3.0251664742442967507e-05
-7	-7	-6	1.3084262477351621979e-06	1.0233316503157811309e-06	-1.6436650369763166906e-06	6.7652976174312843828e-07	3.9111192078134696113e-07	-1.983171647402061217e-06
-7	-7	-5	-2.7969317680964536532e-06	-2.2734083464576964852e-06	3.2970631745552235162e-06	5.1487903681530064379e-08	-7.0018396904227812589e-07	3.1106886198866330448e-06
-7	-7	-4	6.287715847275250504e-06	3.8149975474263053273e-06	-7.0232304431925783901e-06	6.7415964308025052028e-07	1.28715054285532253e-06	-7.8560250833864726273e-06
-7	-7	-3	-9.1223095073873538473e-06	-1.995633310618608834e-06	8.977736119739534174e-06	-3.1058532995992384192e-06	3.3733790451157713768e-07	1.1903468757174977206e-05
-7	-7	-2	6.140868613711864602e-06	-2.8567486047337094938e-06	-5.5586693522278989027e-06	6.0392439972346983898e-06	-2.0376974151938803711e-06	-1.1138733873753461348e-05
-7	-7	-1	-3.2808852275618167208e-06	2.9371985542326279233e-06	3.177792598499327964e-06	-3.8489799113821147612e-06	7.2164840343742172105e-07	6.3824695000464057477e-06
-7	-7	0	7.4116630497231912428e-07	-1.2072610220703309724e-06	-7.4116630497231912428e-07	1.2072610220703309724e-06	1.8179456141656252967e-06	-5.3754580271172606242e-06
-7	-7	1	-9.6949574182917654133e-07	1.5507486177062299179e-06	1.2677084032299705482e-06	-3.0128288841281977364e-07	2.0874886298055576248e-06	8.7462601050538696336e-06
-7	-7	2	-1.6923819208758428086e-06	1.0544901314212924431e-07	-3.3710769552149196287e-07	-2.012018338826904261e-06	-7.1032136573906709854e-06	-6.6729926398967126774e-06
-7	-7	3	2.6919142073684389864e-06	-2.523461042498092206e-06	8.5769483299408692391e-07	2.6914495484528627023e-06	8.2824210941792264181e-06	3.919731805611310875e-07
-7	-7	4	6.8612696261676053692e-07	2.062317775924198849e-06	-2.8512337464881206607e-06	-2.2543678303332869764e-07	-3.7889368717748800048e-06	3.2145417375590230957e-06
-7	-7	5	-1.3163534170687499707e-06	-1.4287579455436597331e-07	1.4407194121734076925e-06	-1.0636559429132759333e-06	1.7411239314652075232e-07	-1.6891444324546985951e-06
-7	-7	6	5.662102364185700609e-07	-3.4037358952299712409e-07	-9.2234757928846636995e-10	7.4875034240955387767e-07	6.5950253697916191827e-07	4.7643954503431625662e-07
-7	-7	7	-6.5953768520400060912e-06	-7.8848289989348802515e-06	1.1579091744368497804e-05	1.0240088777507435266e-05	4.9837148923284917127e-06	2.3552597785725545912e-06
-7	-7	8	-1.4479847835662018328e-06	4.1295435253223014762e-07	1.3935879301560043401e-06	-1.6974464246043274033e-06	-4.7597246733922700282e-08	-1.1239305630630852774e-06
-7	-6	-8	-2.4682576141687295204e-07	3.4543502999455633514e-06	-8.576177160659986359e-06	-1.8581934720769373233e-05	6.6481054117347529803e-06	1.0913894528124662363e-05
-7	-6	-7	-7.595789423998008777e-07	1.7484224933990524938e-06	-1.1813436818091157037e-06	-3.1210731767708238723e-06	1.7721592410933286389e-06	9.2678308669022503547e-07
-7	-6	-6	2.3156093245205875646e-06	-2.128253593829582083e-06	4.7891940800982079075e-08	4.4585112097201762805e-06	-2.7494361527416677123e-06	-1.9755486835856640622e-06
-7	-6	-5	-6.3286902968035484152e-06	6.1546827493939953822e-06	2.301878241134359001e-06	-1.1235263321469572261e-05	6.097912526163737827e-06	4.8657601366118926697e-06
-7	-6	-4	7.3776616167859722427e-06	-1.0356732791358057267e-05	-2.2877614973406257468e-06	1.5012955453081991265e-05	-9.479265583364513228e-06	-4.395150794746387527e-06
-7	-6	-3	-1.2789694149312375667e-07	1.2023233013847852598e-05	-3.1903201983305723686e-06	-1.4570763819522762102e-05	6.6790665934784334057e-06	1.0873172734005348078e-06
-7	-6	-2	-4.2173213266203058515e-06	-6.0671585052752076189e-06	5.9054787383485313922e-06	6.253296705888786725e-06	-2.9558115718745215789e-06	2.4751646507968660676e-06
-7	-6	-1	3.987195898151316366e-06	1.7670375891074574204e-06	-4.603180134747257938e-06	-2.0931933684754745398e-06	-2.912904785756705338e-07	1.8989708710064466087e-07
-7	-6	0	-3.0950040895056267061e-07	8.508667965829586133e-09	3.6108381044232309806e-07	-9.9267792934678499371e-09	-5.3248467430730183461e-07	-1.4694479388421065016e-06
-7	-6	1	-1.2656511490188595524e-06	7.9831513094385811104e-07	1.8582882471929489102e-06	-6.8848173564434407949e-07	2.2901714400256759591e-06	1.4573155027409419827e-06
-7	-6	2	6.110925824130653019e-07	7.6833282759803457244e-07	-1.596876324318203169e-06	-2.2306745666053490848e-07	-2.6518049345088805268e-06	2.0199625266115162252e-06
-7	-6	3	-2.9784192675378704205e-06	-2.1475053807650297955e-06	4.406843975150770865e-06	4.5841965711262655437e-07	1.8640429927131773449e-06	-4.0940065742264835044e-06
-7	-6	4	3.8542954596748729002e-06	-1.6172103532754169156e-06	-3.2696340241277441839e-06	5.1237460385495135702e-06	1.8405660182394102406e-06	4.855500939592289959e-06
-7	-6	5	-9.1907482042113456229e-07	3.6483160160235525402e-06	-1.5295602385818314936e-06	-6.0048654651211031294e-06	-3.1221770348877860948e-06	-2.0981961357123506225e-06
-7	-6	6	-9.6915064608959563153e-07	-1.127014767193279643e-06	1.7717070848477378748e-06	1.1889622508094774482e-06	6.4103133107654290078e-07	-1.2588831091601558338e-07
-7	-6	7	7.0811251089685235999e-07	1.2185492448598114714e-07	-7.6298185349198698276e-07	1.3063258511557556041e-07	5.4128065046577803342e-08	2.3382571172790305984e-07
-7	-6	8	1.8002130576779018251e-06	-2.9693175552708531189e-06	-3.2962947549451658681e-06	2.1847238968466156668e-06	-8.9703464074071033061e-07	-9.596099382270344113e-07
-7	-5	-8	-4.5364847790750577593e-06	-8.2909610474705307736e-06	1.9664740706918767336e-05	3.4823934036146467051e-06	-8.321038760133552987e-06	5.0780950392775600245e-06
-7	-5	-7	2.7567496345346506453e-06	1.7366060570177361034e-06	-5.850985194773051231e-06	6.0940962132943843379e-07	1.4225255045889571651e-06	-2.1718986436816207141e-06
-7	-5	-6	-6.0910218274913734281e-06	-4.9794663213534783315e-06	1.3576459309987737022e-05	1.8709956942308810733e-06	-4.207523959583178095e-06	4.2502142963866575826e-06
-7	-5	-5	1.05507770778879688e-05	1.0426223141012269481e-05	-1.8128134891097776146e-05	-9.6861058123947417177e-06	3.357046982054618979e-06	-4.9106065850224367417e-06
-7	-5	-4	-1.3688672038347829329e-05	-7.0480719550319445026e-06	1.790979271591509032e-05	8.5110923028143958683e-06	1.5679351722148358841e-06	1.6952605427879080442e-06
-7	-5	-3	8.5277473310558545824e-06	9.6897986018871656527e-07	-9.970037687878735127e-06	-7.8755740835069965866e-07	-3.2813476259991021473e-06	-9.4835732652250602903e-07
-7	-5	-2	-5.1799563489284810983e-06	2.8457054268511818342e-06	5.2081144190239194195e-06	-3.2016570142988216944e-06	5.1095611736898869894e-06	-1.9558264582320815485e-06
-7	-5	-1	8.3681568390008146465e-07	-3.9557909934032970921e-06	-7.3642247660515046785e-07	4.7384062756281098943e-06	-2.1755974042748175957e-06	3.9985055756825310205e-06
-7	-5	0	1.8603567669886298422e-06	3.7449099098524506513e-07	-2.6044994737840817791e-06	-5.2428738737934316529e-07	-4.4853866815177791068e-06	-5.8357089139997728102e-06
-7	-5	1	-5.6903998569654808507e-07	1.8430389924580429803e-06	2.4048060904518168003e-06	-1.8855121915314738479e-06	8.0407505523832471941e-06	3.4737119895489324699e-06
-7	-5	2	-6.1061094261846461588e-07	-2.1052442205121212869e-06	-7.0194991363620063432e-07	3.0136870322417673591e-06	-3.8920130832551274767e-06	1.6586280881199362879e-07
-7	-5	3	5.4941972078172696752e-07	3.7838725500440233193e-07	5.8381118556118256321e-07	-1.9167451215434676591e-06	2.2549979910926671256e-06	-2.3116716075621743435e-06
-7	-5	4	4.0515617978153905537e-07	-1.2396628582936511975e-06	5.7181093911428248056e-07	3.7570639860576245059e-06	1.4237869885105464079e-06	2.5269199805581408778e-06
-7	-5	5	4.6472275337043951216e-07	1.078297537200751864e-06	-6.5605697109290680316e-06	-5.454044254188782911e-07	-5.9099578562104527145e-06	9.6421212666217453029e-07
-7	-5	6	-1.5860659030972385634e-06	1.6217102726013826606e-06	3.9438079989682669127e-06	-4.1100175336983104827e-06	1.4360964455267776483e-06	-1.5330192933803124747e-06
-7	-5	7	6.7958002423483875528e-08	-1.0751870684322402643e-06	-4.0441842526596338211e-10	1.800347270077942378e-06	6.7669132119722479988e-08	2.1077526733771864904e-07
-7	-5	8	2.7283340615681181141e-06	3.8814998404188817978e-06	-4.400068140547450591e-06	-3.5195033476737354073e-06	-3.6275028397005342835e-07	1.1966227680704370494e-06
-7	-4	-8	-2.2252473881320442295e-06	1.4548022084189289362e-06	2.9709206122386920053e-07	-5.6896118669726675974e-06	1.7985454340036039947e-06	1.5718540011197707148e-06
-7	-4	-7	4.4847347940312633812e-06	-6.7903722207137419918e-06	-8.9797989753068895345e-07	1.3479356691204277011e-05	-3.9716034240137269574e-06	-9.1211731711727292851e-07
-7	-4	-6	-8.099476015010603205e-06	1.0620164402573699459e-05	5.4072725402426035846e-06	-1.6981412402015700226e-05	5.8445403240173021965e-06	-1.0692502016588486535e-06
-7	-4	-5	1.0223494003343208417e-05	-1.1578114427787540824e-05	-1.2123143570854737872e-05	1.3428138991439640494e-05	-4.6143767479967026725e-06	5.4668490057508452662e-06
-7	-4	-4	-4.182142579232968502e-06	7.0629990558520724052e-06	5.3722812179662267373e-06	-7.2616688564776384578e-06	1.9464682956914675059e-06	-5.0985794912634882514e-06
-7	-4	-3	-3.0713635378269993616e-07	-5.418084712002314386e-06	-2.3570652662035558368e-06	4.241982032172398565e-06	3.8594051804310410903e-06	6.9862216184422032766e-06
-7	-4	-2	-1.0938461496080801065e-06	-3.0240855054697854588e-06	6.8368337852622036762e-06	1.6952515171332183113e-07	-9.8452060468961264501e-06	1.0245248965717605708e-05
-7	-4	-1	3.7939569292085516322e-07	-4.4797423199842028975e-07	-1.0077749699561306349e-06	1.4352678740530321498e-09	1.3753300293785358149e-06	3.1300785524927296755e-06
-7	-4	0	-3.3779232586587617377e-07	-5.6171012635208443721e-07	5.9113657026528334381e-07	9.8299272111614781806e-07	1.8608033922806784051e-06	-2.9601701214718896572e-06
-7	-4	1	1.8024341539920788733e-06	3.8315731139172198581e-06	-3.4681206958368326477e-06	-7.0708436175422894024e-06	-1.255443705402777842e-06	-1.4623626727486154263e-06
-7	-4	2	-7.9522769414059441099e-06	1.0488433213272551399e-06	1.6255284808174988518e-05	7.1074038530053649185e-07	4.6776003214291701109e-06	5.0924323952464658675e-06
-7	-4	3	1.4821758777781031273e-06	-2.6185599910289012247e-06	-2.936802488654393209e-06	1.5502410815140448609e-06	-4.5732627005695026194e-07	-4.0429852037153768e-06
-7	-4	4	3.5156627447490162245e-07	-6.4089055429065195897e-07	9.2955857790329715708e-07	2.3019127665074280824e-06	1.5447995582343749699e-06	1.1803542964987871807e-06
-7	-4	5	-9.4746894038031580093e-07	9.351975686267668225e-07	-4.0189725951505371155e-07	2.0647417160522162221e-06	-1.6479743241444851541e-06	2.9610699689192465504e-06
-7	-4	6	1.7485284743324094221e-06	-1.0908117736177790705e-06	-5.0546778051542217515e-06	-2.4961888469546225525e-06	-1.3298353167150033321e-06	-2.9367396338571573898e-06
-7	-4	7	-1.3411782038140225802e-06	7.095259339494377403e-07	3.6645766226203022758e-06	-4.4413980963709355549e-07	7.5286558054043571185e-07	4.5573175701395570103e-07
-7	-4	8	3.46868703685017556e-07	-5.711324315504550912e-07	-7.1333200141190222415e-07	8.6614868494527558816e-07	-5.3155884981560763806e-08	-6.6666535134010397482e-08
-7	-3	-8	1.0541025774603265403e-06	3.4708001922724567621e-06	-4.9306411977287864127e-06	-1.5200741207182064309e-06	9.2665069387050934081e-07	-2.46692237296907207e-06
-7	-3	-7	-9.3400838422945745427e-06	-1.1267529570817178022e-05	1.7757396751538099899e-05	4.7916202539913424661e-06	1.7297709487782447744e-06	9.2139780333923173276e-06
-7	-3	-6	1.3353649082875993314e-05	1.1761084711338903869e-05	-1.6945695757922064802e-05	-5.6577191847950058338e-06	-7.1064093843942925674e-06	-1.0892405904164550044e-05
-7	-3	-5	-7.7772073754525663326e-06	-6.2482403253049896832e-06	6.3455031383072779414e-06	3.5558092000117646838e-06	7.0807884426492264396e-06	6.6140509354199262379e-06
-7	-3	-4	5.1545421900803507049e-06	-1.3824983996555507345e-07	-2.2307773732395179097e-06	-1.4052334145657199519e-06	-7.3473658027109753013e-06	1.2958622808640114285e-06
-7	-3	-3	3.0250623336554176865e-06	-7.0356188415534847617e-08	-9.470082007542225417e-06	1.1278434433719338235e-06	2.4116032290129186112e-06	-9.6367900373568574868e-07
-7	-3	-2	3.136512582211838773e-06	9.280236104661389787e-06	3.4999644888578964453e-06	-6.1007262072184436307e-06	-1.6227740771028281009e-05	-2.3329737055487199655e-05
-7	-3	-1	-7.0391950794656545868e-06	-2.4346227252815716558e-06	7.9242511547831845955e-06	-3.3017820311474701552e-06	2.5501612091910026627e-05	2.6947705170413413327e-05
-7	-3	0	8.6879300975720552249e-06	1.074320314264839464e-07	-2.0271836894334797219e-05	-2.506747399951291862e-07	-1.0209887047486962194e-05	-4.3529303047211656444e-05
-7	-3	1	-2.6034747197683210794e-05	-1.1748557548292545068e-05	6.3101083311405969131e-05	3.4494223251230699348e-05	7.0600195504354038801e-06	2.1242766915644272402e-05
-7	-3	2	4.2893697741830427692e-06	-7.2236006270125373741e-07	-3.5992430892590477849e-06	-6.6936827697142906363e-06	9.6139295757520761091e-06	-1.2568784374025824459e-05
-7	-3	3	-1.4117965194143595724e-06	-2.1865240922284522916e-06	-6.5928417447244042022e-07	9.2311591796441042507e-06	-3.9534760531059466538e-06	4.1292696311110494684e-06
-7	-3	4	-4.062948387597027726e-08	-6.0738388613493022216e-07	2.652594519251969795e-06	-4.3114231363257236513e-07	1.9183442926560292039e-06	-1.3862785359605570965e-06
-7	-3	5	1.434460440427744071e-06	3.5604998087011824346e-07	-2.8076115426162949926e-06	8.8364605078018549712e-07	3.2367769102906454502e-07	1.0286576036862769344e-06
-7	-3	6	-3.7270066791582319384e-06	-1.246932861180277157e-06	1.936587502141060205e-06	4.0358424158420741899e-06	-3.3798807079474072295e-06	5.6316620321071360401e-07
-7	-3	7	3.5031192915110020203e-06	2.8438222425138490338e-07	-3.3529123994311917488e-06	-4.3624264168112229852e-06	2.0661568346119200238e-06	-1.5852290972391392861e-06
-7	-3	8	-5.406387889349461262e-07	1.1165498346080895942e-07	1.2865478246045631327e-06	2.1661980316856608483e-07	9.396493908633297792e-09	1.7893053671642013619e-07
-7	-2	-8	5.573751312210317744e-06	8.4839495167462214572e-07	-2.8774905525746580787e-06	5.4026827073403666519e-06	-4.1576597600403634005e-06	-2.0930162595503862522e-06
-7	-2	-7	-1.8369057090415643311e-05	6.6739460351215813949e-06	5.8073389836393098998e-06	-1.5948326379949793633e-05	1.6709817380804410701e-05	-2.1172813551359261921e-06
-7	-2	-6	1.4778170242934868218e-05	-8.545320522378233098e-06	-2.1886961402119215866e-06	1.1554379506329509215e-05	-1.6511633236686704314e-05	6.1180807739981016446e-06
-7	-2	-5	-6.3056031523118519371e-06	6.5708040258278217486e-06	-1.2992032430996333075e-06	-3.539836726740632057e-06	9.347525710476446882e-06	-7.7831909454626984723e-06
-7	-2	-4	-6.4597637564927925404e-06	-1.1917609576878666714e-06	-6.3275903464916155021e-07	-8.0666997740538624192e-07	1.1620966091186967403e-05	2.488916664656459743e-06
-7	-2	-3	-9.7570642133375907286e-06	-1.1321878928269441368e-06	-8.5177919984128853465e-06	2.8287566322018155757e-05	2.844501116339630419e-05	-1.6216605798082567872e-05
-7	-2	-2	2.9487589335194622252e-05	-6.9475825675243067832e-06	-2.8380628534046572592e-05	3.0812323823120691475e-05	-7.4825934139134605292e-05	-6.4957848367856156166e-06
-7	-2	-1	-2.24717077226266843e-06	-3.2600926175801389357e-06	-3.1352599684361630989e-05	2.4568819034319043797e-05	7.8435394774561934634e-05	-2.6316989745577115044e-05
-7	-2	0	-6.8792805004813132669e-06	-5.0816022995726117985e-06	2.4077481751684595587e-05	1.7785608048504142142e-05	-5.0925781214707680985e-05	1.5532356187029194822e-05
-7	-2	1	4.6826614665327302034e-06	5.469309214300983051e-06	-3.2161220963407068355e-06	-3.5326550671481924662e-05	2.6346386073047698599e-05	-3.2367936842856970508e-05
-7	-2	2	-2.6830948102278017652e-05	-1.6832135436883243146e-06	4.2265856873326555147e-05	-3.9868072262997965641e-05	-5.1642461484646508328e-05	-4.5759319665907100742e-05
-7	-2	3	-3.8662178859400523164e-06	-1.8323310564189789341e-07	8.5359593485393368096e-06	-2.0000604880053222793e-06	-3.3305355015005630692e-06	-1.7609175718346432355e-06
-7	-2	4	-3.2524845152121891498e-08	-1.695990600692065875e-06	-5.9445404285560094886e-06	-2.3351330333760506168e-06	-3.0291886932942178526e-06	-4.1355500678991408015e-06
-7	-2	5	2.8914948769508304216e-08	-1.0799451897002206943e-06	1.9649596625017838322e-06	4.4568501544433894267e-06	8.2646479327802514422e-07	2.7081679619704660808e-07
-7	-2	6	8.5388246230440045792e-07	5.0712552793839661e-06	-7.670387187578675622e-07	-6.9651814414431766876e-06	7.4051663310251134684e-07	3.5947373454669018365e-06
-7	-2	7	-2.6218167821313995139e-06	-4.142324919788305189e-06	4.0578550292366642492e-07	4.864133962986713656e-06	-2.5058780670103517673e-06	-2.7525723589349583696e-06
-7	-2	8	8.976891359266182297e-07	5.772809595991968538e-07	-5.5442071932332001823e-07	-1.5931298555370881625e-06	6.4687281410496099937e-07	1.068383757650252594e-07
-7	-1	-8	5.0731258592636259479e-06	-1.0587027798039469896e-05	4.0752738422362802143e-06	3.916999819546892137e-06	-4.9483943571352073077e-06	8.7740243458411739004e-06
-7	-1	-7	-1.5843582382262307954e-06	2.1714691013283112425e-05	-1.0741221067923894457e-05	-4.2584070205194109957e-06	3.1188183907867874186e-06	-2.1106347153208914001e-05
-7	-1	-6	-4.1516422243836026385e-06	-2.0432499711217074156e-05	6.9202042308929469301e-06	-6.2966098200050303524e-07	3.6902152232987122056e-06	2.3942859826753337216e-05
-7	-1	-5	5.0550803305248628066e-06	6.6535686473543049918e-06	-2.0565507570371643336e-06	2.792683306182676385e-06	-6.6658023113273750626e-06	-9.8735327675325630279e-06
-7	-1	-4	-3.4023110694493652098e-06	-1.1589887849318207469e-06	-3.4940080074050929323e-06	-1.0055890207728146248e-05	6.8275463733876622444e-06	4.5422029255627227633e-06
-7	-1	-3	1.3280777053293970038e-05	2.1753882840252715462e-05	2.3143124324422022421e-05	7.0583604479859367721e-05	-3.8702854565826607053e-05	-7.4286928120542795374e-05
-7	-1	-2	5.7322483438436182057e-06	-1.4643952353741447915e-05	-3.7238385031342839497e-05	-9.3727737674276689808e-05	-1.4436766877812429125e-06	9.811770207523340837e-05
-7	-1	-1	-4.3588378745000760204e-06	1.3236513337641608208e-06	3.1505006790365454241e-05	7.6447875704446682289e-05	-9.9314166886492125097e-07	-8.5713435040795811211e-05
-7	-1	0	-2.8803154680604421246e-06	6.8336954030686857439e-06	2.016220827642309699e-05	-4.783586782148079936e-05	9.1538032127170613882e-06	4.8769293133962287354e-05
-7	-1	1	4.5021942865543048058e-06	-5.7209735112938324401e-06	-4.6441438201344857324e-05	2.285768200024020208e-05	-1.4926078195464725378e-05	-1.7189132578816622459e-05
-7	-1	2	2.135595020564743944e-07	1.1542741406327801008e-06	2.499060634716218342e-05	-9.8858463730297832099e-06	1.3242761430778752488e-05	-9.0296369430016135819e-07
-7	-1	3	-1.117515030162294804e-05	7.4639863246144427504e-06	-2.7700332211162942664e-05	-3.2111551834040239709e-05	-3.5308794774174527445e-05	6.7121174794202867968e-06
-7	-1	4	1.3719361234673965985e-07	-3.1707712941231158604e-06	-5.8184010962461458821e-06	7.6252366977150752618e-06	-1.2145114524547421452e-06	-3.6425405902866841519e-06
-7	-1	5	-4.8788291050730568057e-07	-1.8719984673712174617e-07	4.3948594082713963221e-06	-4.591822701829167219e-06	1.9593580694405143868e-07	-1.1804443257978039414e-06
-7	-1	6	2.7048667883244952999e-06	-1.7557443537834826446e-06	-4.3391922251247145478e-06	4.8737521718657710799e-06	2.4324792155244587586e-06	-1.236076384103101274e-06
-7	-1	7	-3.2114503756690172848e-06	3.7148013237037817026e-06	1.9366170044257400121e-06	-1.9741553123237433823e-06	-2.9347908036081972226e-06	3.4327791362289611589e-06
-7	-1	8	5.6204352752894583561e-08	-1.7190317740218693695e-06	-1.1616681180196964288e-07	5.6171923185451218832e-07	3.4657957183536556083e-08	-1.4339378982873216086e-06
-7	0	-8	-1.112606314882272884e-05	-9.8270158865298296155e-06	2.6030540045946913749e-06	-1.4902509309740502285e-06	9.7353052552198887941e-06	8.5986389007136009136e-06
-7	0	-7	2.2536653639302401569e-05	1.0859813977130908908e-05	-2.1759685658486310914e-06	6.835884800787503451e-06	-2.2536653639302401569e-05	-1.0859813977130908908e-05
-7	0	-6	-2.1229710160801722413e-05	-3.6501928706294547262e-06	-9.7241582587655195697e-07	-4.5382853881317976528e-06	2.4767995187602009482e-05	4.2585583490676971806e-06
-7	0	-5	4.7937892698685082921e-06	-2.1390454102440377682e-06	1.3418110013915278516e-06	-1.7857155342832526128e-06	-6.7113049778159114395e-06	2.9946635743416525367e-06
-7	0	-4	-3.3277608516465505235e-06	4.107761044474443072e-06	-1.563336991719469575e-05	-2.4382327571095975251e-06	5.8235814903814629926e-06	-7.1885818278302747407e-06
-7	0	-3	1.8973084723746396369e-05	1.476323365828268991e-05	6.7881100081321196836e-05	-1.9662224649341344458e-05	-4.427053102207492599e-05	-3.4447545202659606966e-05
-7	0	-2	-1.6194065848803065459e-05	-1.3351345023499231821e-05	-9.1569549878282302112e-05	1.3106915347444491243e-05	5.6679230470810727414e-05	4.6729707582247310526e-05
-7	0	-1	8.8013607718771900962e-06	1.6442845342726468693e-06	9.772013411854745099e-05	-4.3635413999579109978e-05	-6.1609525403140332368e-05	-1.1509991739908528085e-05
-7	0	0	-5.6048735688387923001e-45	2.80243678441939615e-45	-4.9921925173543053433e-05	2.4790718127785557715e-06	2.6054098872417667143e-05	8.6602702942155477948e-06
-7	0	1	-1.1222226348682688827e-06	8.1688161848841771242e-07	3.0567258376997430598e-05	2.447669109169893747e-05	-7.8555584440778815434e-06	5.7181713294189240928e-06
-7	0	2	-4.3348507478404412822e-06	-5.3416808682803819714e-06	1.070115929943223666e-05	-1.8474839482744793095e-05	-1.5171977617441544911e-05	-1.8695883038981335629e-05
-7	0	3	-2.4443686723052081165e-07	7.2640493659246267361e-06	-2.0230046646619619295e-05	-1.9256156043039709188e-05	-5.7035269020454859582e-07	1.6949448520490797694e-05
-7	0	4	-1.3863857777919156093e-06	4.3387929796297087669e-06	9.1231011320029665513e-06	5.9462686622273565253e-06	-2.4261751111358519987e-06	7.592887714351990342e-06
-7	0	5	8.967157016353231185e-07	-1.1626486965777566532e-06	-2.4531171878351639501e-06	-3.7875141795810049166e-06	1.2554019822894524082e-06	-1.6277081752088594839e-06
-7	0	6	-2.0766193566778119267e-06	-9.2313643624352158373e-07	5.2706624226870619338e-06	9.8088202013429728684e-07	-2.4227225827907807223e-06	-1.0769925089507751634e-06
-7	0	7	4.0115949073993820731e-06	-3.4419878928856414159e-09	-2.1815929642719741209e-06	2.1756573123056602348e-06	4.0115949073993820731e-06	-3.4419878928856414159e-09
-7	0	8	-1.4369459277030712356e-06	9.3539870634321398102e-07	-8.7003506188323561642e-07	-1.4231510388178880672e-06	-1.2573276867401872253e-06	8.1847386805031222016e-07
-7	1	-8	-1.3001577916537419637e-05	9.8791198133230809973e-06	2.0437825780980480166e-07	1.0954440451640735937e-06	1.1401927959196467955e-05	-8.5072993310121863294e-06
-7	1	-7	1.8726822992333058834e-05	-2.2150118520548969e-05	4.7101248232301904796e-06	-9.1056474176260283531e-07	-1.805394801758588937e-05	2.202003784315430932e-05
-7	1	-6	-1.1975013639320197662e-05	2.1702677706381427389e-05	-2.9574631004510603271e-06	1.4832536868336904587e-06	1.3477938729131719916e-05	-2.5072581709639384426e-05
-7	1	-5	3.4809600107397276304e-07	-7.3614809247183072286e-06	1.5230767961463681154e-06	1.2465264555774022007e-08	-1.8271904227428827694e-07	1.030856634751678483e-05
-7	1	-4	-2.1998665494077171846e-06	4.9360519637718744157e-06	-7.5319702327731924931e-06	7.2841000657206996587e-06	1.966773903270206738e-06	-6.8170659201706055246e-06
-7	1	-3	1.451091444552334867e-05	1.036062909306306958e-06	-2.0132174748175331173e-05	-6.8188125611039370182e-05	-4.0569525288946255593e-05	-2.5146855325394504955e-05
-7	1	-2	-6.7104700705693560827e-07	9.0674722935270376416e-06	2.1882908495620443328e-05	8.7703386056817194327e-05	1.329011877250949534e-05	1.2115540001063967112e-05
-7	1	-1	-1.3344919318844554426e-06	-1.3658334354337348717e-05	-3.1135287048108189296e-05	-0.00010595916423808628582	-2.1793843524917002469e-05	-1.0350823757724846494e-05
-7	1	0	3.9433117724364819407e-06	6.9166790522243748145e-06	2.7603182407055371891e-05	4.8416753365570622855e-05	1.7419035023458011145e-05	1.8457591519856872446e-05
-7	1	1	-6.4569946483725456675e-07	-6.1848578459987256823e-06	7.4513581346754667362e-06	-1.7821662024007961549e-05	-1.1971254388536249974e-05	-2.5472342897983119074e-05
-7	1	2	-4.9882439835702936651e-06	8.3225707725566031497e-06	-8.9244481283291762108e-06	5.370358582011884897e-06	-1.2996629878331440993e-05	2.6443818412942166881e-05
-7	1	3	-4.5974737965066780088e-06	-8.3200537945930595058e-06	-1.7956258735772057247e-05	-2.2665909540498216727e-06	-4.7420192799248962715e-06	-1.8657928536033863403e-05
-7	1	4	2.3214193342554144842e-07	1.6600193103314693466e-06	-1.2841131837104609358e-06	-3.6173237113815363659e-07	7.272766794223127422e-07	2.995466885864609726e-06
-7	1	5	1.3303087744057243928e-06	-1.6022209911529748961e-06	-1.8851453980437430031e-06	2.8959238654859611701e-06	2.2394613637767627082e-06	-2.8222941607113569615e-06
-7	1	6	4.9554011368596655052e-07	2.2318973872937549618e-06	-2.5942682022739693575e-06	-4.0126369191467604333e-06	1.0105081663459558685e-06	3.2726531050338407198e-06
-7	1	7	-3.9312647195363689804e-07	-2.089243308057184698e-06	2.9844557364127899876e-06	9.9696397033258293717e-07	-8.1947729144117832483e-07	-2.2316667323904112251e-06
-7	1	8	8.9072143336101807626e-07	8.8750575115366964681e-07	-1.2559035655626088436e-06	1.1396252139341519211e-06	9.3636919988621692218e-07	6.3411438051769188464e-07
-7	2	-8	3.5176462722953274925e-06	9.4405816679859950221e-06	7.298677590200446448e-07	-9.8820241182857978416e-07	-2.8954735485034003947e-06	-8.5075595624448906433e-06
-7	2	-7	-1.894695046904991886e-05	-2.5619579158032102856e-05	-2.8041290038633309598e-06	-2.4260741912473014608e-06	1.8145770753660395245e-05	2.4926415103390013941e-05
-7	2	-6	1.8020766561902052441e-05	1.7410563321715189774e-05	4.2651778572298922417e-06	2.5184855710165848745e-06	-1.9602501703142429304e-05	-1.9472828684995528421e-05
-7	2	-5	-7.1140568613842627432e-06	-5.4344001209209183832e-06	2.2026467125563459878e-06	-2.3733866099013438861e-06	1.084073829096050488e-05	6.6588055253287480127e-06
-7	2	-4	-8.4173734446953919134e-06	5.3015046781955691153e-07	-5.2098547798903843581e-06	-3.048525549651544462e-06	1.2125476138271744093e-05	-2.4520260935099965086e-06
-7	2	-3	-7.7376664196892204337e-06	-8.8229745493669642755e-06	-2.288004019937481899e-05	-1.5117353444874150268e-05	2.8011948463583022503e-06	1.0508704985273483696e-05
-7	2	-2	1.7118050990756763737e-05	-1.7325010850594515811e-05	9.8732583574794054973e-05	-2.0117496315691883995e-05	3.8819405107145381892e-05	4.052004166138891626e-05
-7	2	-1	-1.2210206654565496347e-05	2.0719134424055036505e-07	-6.7331357110951185079e-05	-2.4436441096846796136e-06	-4.9191267639943888951e-05	-6.3376276290532117296e-06
-7	2	0	1.0969268532542953985e-05	-3.4259547610986933224e-06	3.8392439863900336406e-05	-1.1990841663845427475e-05	4.1585989643686162168e-05	1.0957049910951712957e-05
-7	2	1	-6.4347969293543104665e-06	-3.2780052478529700918e-07	-2.3312870033875201081e-06	-3.3903419103015582908e-06	-4.0381004498705131355e-05	4.4860801471060377291e-06
-7	2	2	-1.4462030193885996174e-07	-1.8309228735264788978e-05	9.4022954718208219625e-05	-4.5435411393107074816e-05	-9.4529125774994222529e-05	-1.8646889180319693382e-05
-7	2	3	-2.9248117735465045548e-08	-6.4734034757409841473e-06	-2.9111690253229354915e-06	-7.5786100132014324414e-06	1.872533742165871995e-06	-1.0052201434594674716e-05
-7	2	4	1.1301059926868734089e-07	-2.2529834451504142559e-06	2.4156802528172296202e-06	1.0516816833032028237e-06	-1.0100715776884118345e-06	-4.4685618706648258302e-06
-7	2	5	1.1684084159125700165e-07	-6.5046117785170459585e-07	9.2135722349069944557e-07	-1.7305615348807594819e-06	-2.0496571116851995209e-07	-2.1842103504008269964e-07
-7	2	6	2.942723257727274544e-06	-1.6436416210651666088e-06	1.0184144439725188091e-06	3.3748177391137200406e-06	3.0937056526909809806e-06	-3.0425211376139341434e-06
-7	2	7	-9.7196795982865306892e-07	2.9455458141668726551e-06	-1.8213943167935061483e-06	-2.3052872276052005056e-06	-4.5156958360193711729e-07	3.6041993077683586953e-06
-7	2	8	-2.03699897899455844e-07	-6.6480174738064480916e-07	8.0966197352332551136e-07	4.3317916896778741134e-07	-3.8065290404285527112e-07	-6.8999632120001111379e-07
-7	3	-8	7.8979350306437073772e-06	-1.4566406460276088403e-06	-5.2898465971878938187e-07	-8.198553644270725845e-07	-7.1090623992077906483e-06	9.6711480361400554256e-07
-7	3	-7	-2.1025049254742228316e-05	1.1235408341895637932e-05	1.1701095656120701343e-06	2.4364810756925544124e-06	2.1526524782861687429e-05	-1.0191202166598829806e-05
-7	3	-6	2.0340863662479889945e-05	-1.5602379800224548749e-05	-6.9815072810219064249e-07	-2.3679171030830258686e-06	-2.4080082970277634437e-05	1.7018817882053792386e-05
-7	3	-5	-6.7002562817482978641e-06	6.0311502401548747611e-06	1.2142843309030360943e-06	-3.182860043404680636e-06	1.0108929392989438455e-05	-1.0353326362259632708e-05
-7	3	-4	2.9255308737745488001e-06	1.5751972623072315462e-07	5.224609215705081231e-06	2.8840444968279906801e-06	-1.2012221173266494769e-06	1.8873738517172273042e-06
-7	3	-3	-6.9883946678953444312e-06	-6.3662544977718413441e-07	-1.0050695441914334004e-05	5.3890718085192176526e-06	6.2555587831748013083e-06	6.8745311913326469466e-06
-7	3	-2	6.1420629353629408481e-06	-2.8540042056080273743e-06	1.3255546453364596253e-05	-1.1485499855522767965e-05	-1.6139005937234009178e-06	-7.2392350636560574072e-06
-7	3	-1	3.4820696679511932847e-06	1.7907657136704944892e-05	5.7197421613523864592e-06	4.9857251047071389971e-05	-7.2152611916011948857e-06	2.4218153184279555667e-05
-7	3	0	1.730998662574779451e-06	-4.5126324013542976928e-06	4.0389968793411518407e-06	-1.052947560316002682e-05	1.665169117035760133e-05	-3.1198535861330936537e-05
-7	3	1	-4.6470973757890529619e-06	1.2666420709613533094e-05	-1.3032227003957935123e-05	2.3586625027858449982e-05	6.5669993813504397179e-06	1.7905069883719378321e-05
-7	3	2	5.8713279686559514535e-06	-5.19925282816059312e-06	3.4002864431773715883e-06	-1.7380223124374624542e-05	1.5449218225529773128e-05	7.87294978799986301e-06
-7	3	3	-8.2236817470835048439e-07	1.9567452241023058916e-06	-3.3798558325774879054e-06	5.1271548573806352707e-06	1.4609967582580032301e-06	-5.614160011419212766e-07
-7	3	4	-1.1057554200310068378e-06	4.3395850820580353264e-07	-7.1837471491443648772e-07	2.2637103044197338661e-07	-1.3962909488684345739e-06	5.8964911652867615539e-07
-7	3	5	-2.5302670647536860011e-07	-2.4687711417441102981e-07	-2.0023391683148324798e-06	2.4901524344816334511e-06	8.471661119233835536e-07	-1.83971942053315565e-06
-7	3	6	-2.206755767150131871e-06	-2.7441992628847004945e-06	2.2925153597169380468e-07	-5.2399451071091459643e-06	-2.6891741629943341954e-06	-5.8159325314424447312e-07
-7	3	7	2.1227181844265856135e-06	5.5454498329980409375e-07	4.4927888285286157084e-07	2.4068717199787819282e-06	1.9301700917753593394e-06	-4.7697146811967389059e-07
-7	3	8	-4.6450338750027117279e-07	2.6647516438416408545e-07	-5.382651634334812952e-09	-2.6439103365673639665e-07	-4.0442196969986172702e-07	3.3231240645741974337e-07
-7	4	-8	5.2604277432787339928e-07	-5.4330475627066032084e-06	-1.2200521933114138704e-06	2.2732364290491296139e-07	-1.0703135241925963184e-06	4.8675784388207339704e-06
-7	4	-7	2.6457669430356670572e-06	1.2538102066188531691e-05	3.7148298084946858932e-07	-1.6309386945198269706e-06	-2.4334909539788276515e-06	-1.3470067034485575674e-05
-7	4	-6	-6.8994832845957831751e-06	-1.5662397748990644891e-05	8.180725704207213422e-07	4.1583223391326516028e-06	8.5947788789755618304e-06	2.1045012266577520107e-05
-7	4	-5	7.9781123201143457562e-06	6.276029320727821721e-06	-6.4579483002221376876e-07	-8.2355774572422881012e-06	-1.1685993112177854057e-05	-1.5374903014812779027e-05
-7	4	-4	-2.1654911085286537959e-06	-2.339171312855285691e-06	2.1209579375407554574e-06	1.1697691300315926804e-06	5.910567377465899812e-06	5.2633189275283425338e-06
-7	4	-3	-1.0354189936769619034e-06	3.3119065422715458633e-06	-3.4302869624745683517e-06	6.5602170134307036345e-06	-2.1577382980531796043e-06	1.0191740859406640042e-06
-7	4	-2	3.2279031736731305069e-08	-6.8576209174276412696e-06	-4.9226605013301650518e-06	-9.6876742229506685881e-06	-9.9582976137388902769e-06	4.6263247650954064202e-06
-7	4	-1	2.8474512808588847727e-06	3.1094380642308739117e-06	4.9600689512200149859e-06	6.0552744525529282195e-06	-9.1883161132132459241e-08	2.4550313605955933786e-06
-7	4	0	-2.3751151881113339743e-06	-5.1948471264386375637e-06	-4.1564515791948350904e-06	-9.09098247126761616e-06	-2.7791032589303258892e-06	-7.2909056467945824288e-06
-7	4	1	3.7835423275974197303e-06	2.6220561557166222099e-06	8.5392185338489918312e-06	2.7355820737755177348e-06	-7.6720778422140270954e-06	7.41206479491428453e-06
-7	4	2	6.384412452286872569e-07	-6.8631971687192867111e-07	-1.7012002958735044455e-06	-6.9860202977815563966e-07	5.636944950047414343e-06	-1.0049149494954391225e-06
-7	4	3	1.8460721076887963198e-06	2.2121190137122965328e-07	3.1931140518911144618e-06	4.9664903923367452449e-07	5.001618208570519684e-08	-1.4603761577869690343e-07
-7	4	4	-9.9127831969765038533e-07	-5.8395406828451537351e-07	-4.6915441847853258278e-06	-2.8640183222992721923e-06	2.9568071253144382359e-06	1.8420987028013703152e-06
-7	4	5	2.9662012731709061923e-06	3.6055265551865244008e-07	9.7511606288722574054e-06	2.5743265213188355131e-06	-3.6482467206585364928e-06	-1.5546874993289549732e-06
-7	4	6	-1.0251870991768393519e-06	-1.0972570399999916116e-06	-5.4433500793943769689e-06	-1.348937059618040111e-06	2.4328484372232720334e-06	-3.8084184025462998076e-07
-7	4	7	4.3089701453233632656e-07	-5.3285476564892288329e-07	1.6257624787813421639e-06	2.4414247069148817205e-08	-4.9811011619985922591e-07	-5.46805763974150828e-07
-7	4	8	1.7300022245171564166e-07	1.2949604845682175526e-07	-4.2861317729445359506e-08	-1.3711342377667663453e-07	1.7280585350997388275e-07	1.8186575428805735312e-07
-7	5	-8	-8.5801963143362902902e-06	-6.6118098822430544225e-06	-2.121225053520576971e-06	5.4461385027725418533e-06	6.1819061165938935559e-06	9.1891702111955118074e-06
-7	5	-7	5.4288209149696552237e-06	1.0267949194238766226e-06	-5.5771879636927255705e-07	-5.6869562609616975736e-07	-5.8271914838048502854e-06	-1.4330060809211408257e-06
-7	5	-6	-8.890903658873568167e-06	1.2808035962091309547e-06	4.7808687371706252902e-06	-1.5603728656722745975e-07	1.4356778216328016141e-05	-1.6243019343833424229e-06
-7	5	-5	7.6797272298353607474e-06	-4.9679692483962885542e-06	-6.0424556706411434645e-06	-2.3524725998200305419e-06	-1.6794073792410650544e-05	4.6026843479347729257e-06
-7	5	-4	-3.8380656031133099209e-07	5.372661873481159084e-06	8.9520848218128459692e-06	1.2942230875506345521e-06	1.1861767507810887148e-05	-7.784379419153734307e-06
-7	5	-3	3.7185058812085582557e-07	-2.4000926257014473989e-06	-2.3154045056408825227e-06	2.4187435244673363898e-07	-4.7266588816834677268e-06	6.0033400473812671919e-06
-7	5	-2	-4.6006473943804964338e-07	2.231872097596440867e-06	-7.3966228234094988573e-07	8.2924258868659341627e-07	-2.3892911781920088308e-07	-5.738445869871059282e-06
-7	5	-1	1.6256015123376029047e-06	-1.8614456112847394917e-06	2.8865215108112984408e-06	-2.1704948764159993289e-06	3.0533969676932706007e-06	2.1776448969131802207e-06
-7	5	0	-3.580275096410869134e-06	2.3017262504247642132e-06	-5.0123851349752171264e-06	3.2224167505946698985e-06	-3.7604139315829681562e-06	-4.2917463537437014244e-07
-7	5	1	4.5114955314557070212e-06	-4.53789041303968863e-06	5.6881025676619531849e-06	-6.9207780374499495494e-06	3.1399558818801853414e-06	2.8386572959719286076e-06
-7	5	2	-2.3730439568778376064e-06	3.7060187664774765606e-06	-3.1199452333741806701e-06	6.9834116759420726087e-06	-5.0579076563698037054e-07	-4.4874635071840133477e-06
-7	5	3	2.6843848676069121626e-06	-4.1908796452585590699e-06	4.6678005564214949439e-06	-8.8067777136742204908e-06	-1.5161029029530295076e-06	4.8992436838537293725e-06
-7	5	4	-2.3644928765201476557e-06	4.8650732460744753222e-06	-4.250429536244539671e-06	1.3188342304278156877e-05	1.1751743863954153441e-06	-7.9715496997173638583e-06
-7	5	5	1.0221546099505328769e-06	-5.0024571554380649778e-07	2.8140755218291113331e-06	-6.6125905303972230538e-06	-1.3830590678983652632e-06	5.9122465286358940204e-06
-7	5	6	-2.976965259791804297e-07	2.4979659735598117747e-07	3.323048730270544831e-08	2.7650320411802976031e-06	-3.7500468639463171155e-07	-2.0127640040682699004e-06
-7	5	7	3.0616299868326379155e-07	-1.0976900813295122877e-07	4.4649255638128344131e-07	-3.2901853432931290367e-07	-1.2760255874795818603e-08	1.2524423067370085663e-07
-7	5	8	-1.9681408497412128062e-06	-5.1803248285326702663e-06	2.5625933597392268104e-06	-3.2212058616972903841e-06	-3.323744093360577909e-06	-2.5195305614052798341e-06
-7	6	-8	1.088798593675710134e-05	-2.3009934108101625505e-06	-1.5978497804430758676e-06	5.9252119860811988027e-06	-1.072537502999477052e-05	6.4572782240197915455e-06
-7	6	-7	1.7834683902523426073e-06	-1.7362466559857262696e-06	-7.4115031409753019603e-07	-1.4782225041955100491e-08	-2.4187400880502256325e-06	1.7235761773783361414e-06
-7	6	-6	-1.7032832308187558178e-06	2.8513860449560034323e-06	8.3902564601654435145e-07	-1.1514599278907547915e-06	2.8261894153050927702e-06	-4.478076980339425039e-06
-7	6	-5	-9.4144787874428460301e-07	-3.7504303695145103268e-06	-1.711948538809216914e-06	5.6174049324849071905e-06	-7.3631121632906178901e-07	1.1991488436302203001e-05
-7	6	-4	2.4021647877417000712e-06	2.6393623015259481946e-06	1.0725411695253110399e-06	-6.9051929804257771231e-06	-2.5949766242600086706e-06	-1.4976673498309074178e-05
-7	6	-3	-5.7668476516451093475e-06	-4.4794765080355160574e-07	-3.3224064874053896227e-06	6.8972011637701230872e-06	6.811164879027808385e-06	1.4839613512748533254e-05
-7	6	-2	5.1032445859086604815e-06	8.8267698001642139156e-07	3.5128216847450103165e-06	-2.5289820312101344618e-06	-7.3228909964452807359e-06	-1.0676315523687878256e-05
-7	6	-1	-4.71936648668519529e-06	-2.5899657314593401135e-06	-4.4093025818977772242e-06	-1.8128598684130710151e-06	6.5797499154097036848e-06	7.2526009097369530102e-06
-7	6	0	5.7111826169125688311e-06	4.5368235420860572509e-06	6.6630463863979969697e-06	5.2929607991003994202e-06	-6.946930058181431825e-06	-4.5102156084949106632e-06
-7	6	1	-8.0627038536424348999e-06	-6.0675287974621768507e-06	-1.0816388875258620215e-05	-7.6614040284996433821e-06	8.4594062760546803791e-06	3.4957225887626269964e-06
-7	6	2	8.6714228019165638878e-06	6.4657244089799936274e-06	1.3897978914250357657e-05	8.5211655481590658058e-06	-1.134395693604309767e-05	-2.9334612130472226862e-06
-7	6	3	-7.2364696794204509559e-06	-5.2411526254043645199e-06	-1.4602052686578919093e-05	-7.3677931776015603881e-06	1.2319009454510122112e-05	2.506230229259604269e-06
-7	6	4	3.4806610515412030607e-06	3.0059571717680795899e-06	1.0314721043460505447e-05	4.4562513821533316385e-06	-9.3809247249936523908e-06	-1.4239520226358581754e-06
-7	6	5	-5.0703239012569952607e-07	-1.1812965706352349744e-06	-4.1128347417067223188e-06	-7.5842932043465068613e-07	4.2255563438720877213e-06	-7.4370001436774816201e-07
-7	6	6	-8.4647803741107789382e-08	5.6149531519624831325e-07	4.4823337812841973286e-07	4.8040523396370709452e-07	-5.4698914915971212513e-07	1.7467263376524920034e-07
-7	6	7	-5.0201997065301585701e-08	-2.5096811915875772692e-07	1.5703631035386560651e-07	-3.8416294626467467429e-07	-1.8480454879718640263e-07	7.8314406210963388435e-08
-7	6	8	2.2815689867013524282e-06	-2.6725867711459302422e-06	1.2292499871392629947e-06	-2.7876362230802737391e-06	1.0744353730092361816e-06	-2.4778625744248365754e-07
-7	7	-8	2.2784032916905980789e-06	-4.046130891913253173e-07	2.5457765283267673394e-06	8.6197966293982507388e-07	2.3395158205664831466e-07	1.1082686581147565129e-06
-7	7	-7	-2.1570916120809613192e-05	2.4930238478106149118e-05	-7.7526000335943491662e-06	-4.4872265335657269563e-06	1.381831608721526572e-05	-2.9417465011671878615e-05
-7	7	-6	7.6684928112846477573e-07	1.4509685962347155472e-06	-1.2772923813702998081e-07	-1.1294009689706746172e-06	-1.0436749391430773086e-06	-3.0104311594062883134e-06
-7	7	-5	-1.1699713217760065492e-06	-1.3053409429665019583e-06	1.2132594020049646727e-06	1.2837875132423035298e-06	3.3365230132933597954e-06	3.6247798386923273869e-06
-7	7	-4	1.6568300656535783161e-06	4.9394548137444739646e-07	-3.9715785600533083985e-06	-1.6730532388919567252e-06	-9.8497150949870515389e-06	-3.7922477604662072659e-06
-7	7	-3	-1.2382512302678756274e-06	1.6149129624069313542e-06	4.314860854438402714e-06	2.1171376376027050979e-06	1.2957261530981316059e-05	1.1718575754568049783e-06
-7	7	-2	3.6186912084579522286e-06	-2.7374388036945311028e-06	-1.0542070714364220041e-06	-2.2045686294689297778e-06	-1.6355143979630310132e-05	1.8650456097896048492e-06
-7	7	-1	-4.2247472400820341041e-06	5.1186124071397759043e-06	-2.3073769471076452304e-06	4.3621232900868536105e-06	1.3421592050820721693e-05	-5.2954238193704611384e-06
-7	7	0	6.834969040376945037e-06	-5.8528117905092886096e-06	6.834969040376945037e-06	-5.8528117905092886096e-06	-9.1370693534447967415e-06	7.8237585430323986087e-06
-7	7	1	-7.1006975452961103678e-06	6.0307466787319650504e-06	-8.2754896750138664933e-06	7.4513182294620201326e-06	8.2235449080242937255e-06	-9.9440008551103872695e-06
-7	7	2	6.0053229675155287164e-06	-6.7405828854117485997e-06	8.2222990619871312595e-06	-9.8339400793730148871e-06	-7.7594163306506063599e-06	1.0826750178864436665e-05
-7	7	3	-2.0092367557663697801e-06	3.3413527133149660123e-06	-3.7282748298555443709e-06	6.7223079990278664323e-06	4.0110888395414068139e-06	-7.8888956666634353014e-06
-7	7	4	1.0417650305351121259e-06	-4.3393038340845732121e-07	1.957013113606207599e-06	-2.5790268099360729959e-06	-1.6016841453744167603e-06	3.7539187464233277881e-06
-7	7	5	-6.9064050008517811912e-07	-1.2492286268352876332e-07	-8.2920468813218743149e-07	5.4146691917544591902e-07	1.9398986326581297908e-07	-9.3294569460256457115e-07
-7	7	6	4.5197953169811046731e-07	-1.466219871351928708e-07	6.736418868603354951e-07	-2.0132438581347498783e-07	-2.5860608102259580399e-07	6.3819465124662474282e-08
-7	7	7	1.8672716412549184603e-05	1.4203893281938483018e-05	1.3092233937021244812e-05	7.5145411287641608486e-06	5.5804824755279397913e-06	6.6893521531743230167e-06
-7	7	8	-1.397429122049100308e-06	-1.1603186551039639187e-06	-1.4070746670933147624e-07	-1.033788190943197544e-06	-1.0996314484222977708e-06	-1.1071415614067073671e-07
-7	8	-8	5.2418155533531182201e-06	3.2553041960508232082e-06	3.5323218972027223678e-07	2.9935904497698864519e-06	-4.2333564194637068941e-06	1.4519927822541651537e-07
-7	8	-7	-6.8360928371427610823e-07	7.4043523236851210654e-07	-1.1000214039439753187e-06	7.3656615419409210296e-07	-5.7355803507883857202e-07	1.0135465813902179726e-07
-7	8	-6	-2.9260017159031810637e-06	-1.0400690260950284607e-05	5.483354874362705736e-06	-5.5060595693229769221e-06	1.0724808501037318183e-05	4.7927258786780303255e-06
-7	8	-5	-2.9931137441249484454e-06	-3.222439956091484582e-06	6.3622235625597604202e-06	-2.9825950304205112108e-06	1.4369916941870545512e-05	-2.6073611014473968134e-07
-7	8	-4	1.1966484619774356158e-06	1.3549017206574650497e-07	-9.3775178384988474716e-07	1.1314124823667267741e-06	-3.969638376160281875e-06	2.0257171636183971976e-06
-7	8	-3	-1.0526053069551423758e-06	-1.4942167340365948475e-08	3.6867123753427965586e-07	-1.1720371155667343084e-06	3.439202349653411363e-06	-3.090567251050437424e-06
-7	8	-2	1.4496126198767256801e-06	-6.2832259767761778305e-07	5.3044419485950651062e-07	8.8351440496717540155e-07	-2.9518673901305135201e-06	5.733186711740363741e-06
-7	8	-1	-9.5578618665970726273e-07	2.7094972111593233011e-06	-5.1536428485680390198e-07	1.3848889294104758071e-06	2.5675890277635204703e-06	-7.8873690428314579214e-06
-7	8	0	-1.3087507224656116171e-07	-3.2064419668813622353e-06	-1.1451568821574102311e-07	-2.805636721021191903e-06	-7.5196451861012185109e-07	7.8298832570794592349e-06
-7	8	1	7.4769334766644526995e-07	3.00311973806979839e-06	7.7210895437198104427e-07	3.3943499646600523622e-06	-9.4301820131073146449e-07	-6.1329615507918318614e-06
-7	8	2	-1.1438743172339476161e-06	-1.5435813447116853545e-06	-1.3604085649557869708e-06	-2.1259689487354249943e-06	1.4380741495043312267e-06	3.1013410884508013426e-06
-7	8	3	3.5979039811062523808e-07	9.865345794549009178e-07	6.6668532443475556977e-07	1.3488445143462245216e-06	-9.3831660290122257762e-07	-1.2950046861951631083e-06
-7	8	4	1.4349840006147577265e-07	-6.0647303464544582717e-07	-1.5940807256463262939e-07	-9.953028267694795697e-07	5.69938345236847894e-07	9.2927784290942880949e-07
-7	8	5	-3.2679701566325477309e-06	2.7005301549340661436e-06	-4.5982193001911214425e-07	3.5613928511508831586e-06	-3.8394431312549873078e-06	-1.9174863449337202834e-06
-7	8	6	-7.5396153654990636926e-06	1.508244094686905484e-06	-6.6348736302443419519e-06	4.0778262157485247773e-06	5.0280247243548329852e-08	-3.677483510529976709e-06
-7	8	7	1.2916741259382335203e-06	-1.0439117395252762495e-06	7.559488012282691666e-07	-2.3084735670947148467e-07	4.2773263882021145683e-07	-7.8008618900016584513e-07
-7	8	8	-1.3839707008770748988e-06	4.9224660826406714555e-06	5.2919588631706583639e-06	2.7688555626954401233e-06	-6.5029332264380990591e-06	1.5383022596151470827e-06
-6	-8	-8	-2.6888792535119787061e-07	1.9257556259372061347e-07	-9.8353339656303466224e-07	-5.1508520590610032541e-07	1.1851993405764330652e-06	3.7065353396080985869e-07
-6	-8	-7	2.314950496568878616e-06	-6.1173163014897430313e-06	2.9716704425844603525e-06	-4.0048202941859316711e-06	-5.3804380742984224368e-06	9.8203514517751302223e-06
-6	-8	-6	-9.5344471796941867768e-07	-1.5878504122702966637e-06	5.4394907099638561976e-07	-1.6657157272866786984e-06	2.2817928997423790427e-07	3.8088047153192019478e-06
-6	-8	-5	2.7129367961951051092e-06	1.5016980785280252744e-06	-1.9317883046187336434e-06	1.2171540667760990159e-06	-1.6466286804415206332e-07	-3.7494842010753889242e-06
-6	-8	-4	-6.6676860474216119388e-06	-3.2172345859099889616e-06	4.1316880193594719169e-06	-2.2107552131803050753e-06	1.7381530324134738628e-06	9.2473623052255933812e-06
-6	-8	-3	9.3654702352063127395e-06	1.2959237735345848351e-06	-4.8238710533091327381e-06	3.8596326240978552164e-06	-5.867284328254937895e-06	-1.2884201211330116349e-05
-6	-8	-2	-1.1740585263929735011e-05	1.8591222904330249307e-06	5.3217366979573164673e-06	-5.3390848026721731369e-06	1.3934808999959940858e-05	1.5778972339389617967e-05
-6	-8	-1	7.000593273946672817e-06	-2.6048410697061766989e-06	-4.052036628766180062e-06	2.8832568284708525718e-06	-9.5872666135505997938e-06	-7.4370082095297620754e-06
-6	-8	0	-4.7533923710385370882e-06	3.2721123715020623292e-06	3.5650442782789026044e-06	-2.4540842786265467469e-06	3.4927442659891421926e-06	7.9133600104165249627e-06
-6	-8	1	8.6874762698391856498e-07	-3.7616518570231003658e-06	-1.3283965918359061956e-06	1.5486843237866321723e-06	-5.4146869727837381746e-06	-1.0180436551845544816e-05
-6	-8	2	1.9928778444851187475e-06	1.3510598630456881717e-06	1.9710799312625431624e-06	1.1949380524545351967e-06	1.3862953258505528468e-05	8.8329317989552042433e-06
-6	-8	3	-3.9018142499828703284e-07	2.3066328052819463115e-06	-3.5187125746215984707e-06	-8.6084762377995337979e-07	-1.0163596382320835948e-05	2.3176719471506836102e-06
-6	-8	4	-1.7383663298681601649e-06	-1.0812684059809069062e-06	3.5893174623907753817e-06	-1.1811133080404511191e-06	4.5710854299793104102e-06	-3.9841292250522629151e-06
-6	-8	5	1.3597920508471528558e-06	-4.7458093700701456055e-07	-1.1372650529128990396e-06	1.7125276786989160451e-06	-1.878736236440552005e-07	2.1705471615098482841e-06
-6	-8	6	-7.8034217606979100538e-08	1.5379610003975755766e-06	-5.277559099907673364e-07	-1.5430438378882385333e-06	-7.817087642613355976e-07	-5.1943078345340913448e-07
-6	-8	7	-5.1307655952837322077e-06	7.150144620862757291e-06	-2.7765902556885422121e-06	-3.1457667003183686932e-06	-7.5710450881729616843e-06	2.5335334460899421497e-06
-6	-8	8	-7.1728068642511284116e-07	3.6119124828749467642e-07	1.1017559330795980461e-07	6.5268036305343860566e-07	-4.2778492151087478655e-07	9.2357379926905956003e-07
-6	-7	-8	5.7425623752457406409e-06	-7.3489907321962777696e-07	1.2446129660061486713e-05	7.1961973561892855677e-06	-1.5197285233988106566e-05	-5.7454983817509034302e-06
-6	-7	-7	4.9071374346349442044e-07	-9.7178246418303945417e-07	2.100599309510042356e-06	1.7377928432387136724e-06	-2.5212110896216086694e-06	-9.048364453675369823e-07
-6	-7	-6	-2.256985809988854883e-06	1.8867035440580793732e-06	-2.4789562722248987754e-06	-3.4896456548204333877e-06	5.1491014609179035249e-06	2.184549719899093336e-06
-6	-7	-5	7.3015429533789868446e-06	-7.0973782472781550158e-06	2.8855814250574705661e-06	9.0722053278581084209e-06	-1.2801665539135241735e-05	-4.1842335622675659397e-06
-6	-7	-4	-9.3361735401416838547e-06	1.475443684956540707e-05	-4.3924611947477085167e-06	-1.5247042594727090557e-05	2.169106740102101611e-05	4.5506692664242978704e-06
-6	-7	-3	2.5079992602627147071e-06	-1.5019026463771313783e-05	6.3123211881619737643e-06	1.2838953866628610638e-05	-1.9744747959570035429e-05	8.049390540920143699e-08
-6	-7	-2	2.7144862387205970421e-06	8.4663671453744644664e-06	-5.4885141375531031795e-06	-6.3443446556533625329e-06	1.1066340765274068308e-05	-3.1938951413366253808e-06
-6	-7	-1	-3.5601087602131114009e-06	-3.8285848463657517365e-06	3.69623228336051562e-06	3.1995175985646712529e-06	-4.5129734222449434757e-06	5.7488588824180963659e-07
-6	-7	0	4.8056606755608469514e-07	2.1595751754119395313e-06	-4.1191377219092976138e-07	-1.8510644360673767108e-06	4.0658799769964890536e-06	9.4547385408752244488e-07
-6	-7	1	-8.421001705969546599e-07	-2.8427190521988964478e-06	-1.8364127377168212127e-07	2.4797422082971336102e-06	-6.3380899399835030465e-06	3.0188114488655573751e-07
-6	-7	2	1.3019570123226271272e-06	-1.0997246345447923529e-06	1.1272214300687655267e-06	-1.2494354047452642157e-06	7.8511460422085607252e-06	-7.6721978202428021314e-06
-6	-7	3	3.5757594879019590407e-06	8.4870046639436701845e-07	-4.44262230080831638e-06	4.8551981397348635883e-06	-3.214599726082154319e-06	1.3026196592170082763e-05
-6	-7	4	-3.9109200511187414227e-06	4.6449080659814190872e-06	2.7278705697501238354e-07	-9.720273974366355047e-06	-5.3890027269718402113e-06	-1.0043117356168992701e-05
-6	-7	5	9.5303872725123283483e-08	-6.6571729982356971518e-06	4.1792460722888255195e-06	6.9740634899867576745e-06	5.9653091484745036463e-06	1.7750812880986245434e-06
-6	-7	6	1.5591736615712022767e-06	1.8881691613214788878e-06	-2.5089457684675797936e-06	-8.6970416262324405886e-07	-1.3679297349743074119e-06	8.7351430492769408184e-07
-6	-7	7	-1.0276382644629585743e-06	-2.5100371661713273807e-07	6.7284454922872289652e-07	-3.1147900351573132638e-07	-2.0798824888238449827e-07	-5.2662504633041651532e-07
-6	-7	8	-2.2044515114868827951e-06	4.0090341463169309872e-06	5.3029974029043266639e-06	-3.7020808992562354599e-06	2.9867840939261243699e-06	-2.3254517711150810463e-07
-6	-6	-8	2.4411564495160140724e-06	1.3553275614174105247e-06	-5.2990756796019678759e-06	3.6701120240076658762e-06	2.143439422564465035e-06	-3.7690796890688074065e-06
-6	-6	-7	-1.0604958001525197813e-06	-1.1795257654892166549e-06	5.0360554714540789982e-06	-3.7838618424456233593e-06	-3.4076225754013369556e-06	4.2543322353727201332e-06
-6	-6	-6	4.9867238499074505908e-06	6.6421459297447896767e-06	-1.3156781095772118495e-05	4.900330094082230399e-06	8.1700572458646679046e-06	-1.1542476023827020923e-05
-6	-6	-5	-1.1346846045024389034e-05	-1.0878942673121755309e-05	2.0528940815916729793e-05	-1.2120805643069459129e-06	-1.1018513725070807894e-05	1.4509227884914443075e-05
-6	-6	-4	1.4755231810317178022e-05	8.4045556063835967324e-06	-2.0036061213032211096e-05	-5.441441992825297843e-07	7.9212441040725479167e-06	-1.1790617110651600263e-05
-6	-6	-3	-9.3231242935827286734e-06	1.1141675702782997191e-07	9.5804555168633967775e-06	-3.7737445755487735761e-06	-5.1466244656133832577e-07	7.3246556370418877379e-06
-6	-6	-2	5.0592270962468031872e-06	-4.6860799428298646405e-06	-4.7998331651157717288e-06	5.0380239824931119264e-06	-7.7818179339309553993e-07	-1.0558321189897422813e-06
-6	-6	-1	1.8160556904383482919e-06	1.8303708488621522772e-06	-1.5953910065883194296e-06	-1.4370520153683124488e-06	-1.3239881031001731735e-06	-2.3599130009630385467e-06
-6	-6	0	7.2929215731241219792e-07	3.7044196854650759295e-06	-7.2929215731241219792e-07	-3.7044196854650759295e-06	-1.9148229415083095183e-06	-1.0232881181184309841e-06
-6	-6	1	2.4254555369133614186e-07	-3.9562627764124933945e-06	-1.6048116264101398156e-06	3.9585433052268550642e-06	-8.1735964363128221484e-06	1.3683172886173879244e-08
-6	-6	2	1.1778037647423372071e-06	1.974749291624844446e-06	-3.052605282863959525e-07	-3.6936175673388474557e-06	2.6176297093678242933e-06	-5.1566048271420098761e-06
-6	-6	3	-1.8452556430991874175e-06	3.0791431468042589542e-07	2.0110172657407215733e-06	1.2699458059890902614e-06	3.3152324528306847035e-07	3.1557202413390323137e-06
-6	-6	4	2.9461958951126112201e-06	5.4644283619247334031e-06	-6.7511309576887546771e-06	-6.0913683698563263376e-06	-5.7074025938642151856e-06	-9.4041001189738961353e-07
-6	-6	5	-7.6521923901570067754e-06	-1.1253670856864572969e-06	1.2469665910519145245e-05	-1.545394323607410405e-06	5.7809682244345653165e-06	-3.2049136911526414964e-06
-6	-6	6	4.9837275105228178316e-06	-2.758049178451041643e-06	-5.1818617965589259175e-06	7.4759519800092131314e-06	-1.9813428603610805941e-07	4.7179028015581714884e-06
-6	-6	7	-4.5976969611903851904e-07	1.7234658531741667079e-06	-2.0454638007656752943e-07	-2.4541656907749686492e-06	-5.6941377959623370289e-07	-6.2631414651497295635e-07
-6	-6	8	-1.5714103202832699032e-06	-6.6830631053834506607e-07	1.4163985251220800533e-06	-2.6617360855437324814e-12	-1.1625884637089250652e-07	-5.0123172920582293887e-07
-6	-5	-8	8.8558000841369115163e-07	-1.5757547567451696177e-06	3.4709535895706693744e-06	5.8921329255924569733e-06	-2.8335309997919368021e-06	-2.5007670109364087127e-06
-6	-5	-7	-8.7822008479126432329e-07	6.4078377944610937826e-06	-7.5945055993658703414e-06	-1.7005848398523492937e-05	6.1774069293681344638e-06	6.6546021751215582741e-06
-6	-5	-6	7.8488083350068588341e-06	-7.8996063072756226599e-06	7.3057528202832208793e-07	2.0570847607354090321e-05	-8.4576210700304606976e-06	-9.2427666988527859408e-06
-6	-5	-5	-8.7114077148546299495e-06	9.7349031599022636086e-06	5.3398935373504989111e-06	-1.7864780219595555606e-05	5.1137957204750565202e-06	6.1828964277128396141e-06
-6	-5	-4	5.1396787142903668877e-06	-8.1355911246512972599e-06	-2.9904242282122872062e-06	1.1350604844186122365e-05	-3.9714877861701904769e-06	-1.9848693682557057955e-06
-6	-5	-3	-2.5667025067003877337e-06	-4.1087979948710188837e-06	-4.8317428086504655131e-06	8.5851296993551800006e-06	1.3186309694484884091e-05	-6.0909535091832627983e-06
-6	-5	-2	1.4432180430573184253e-06	-6.1907378585415113176e-06	-2.2295930005462064684e-06	5.2754085710366276028e-06	1.2443283721935613185e-06	5.3836921480329645224e-06
-6	-5	-1	-5.6658223044818643856e-07	-9.9221544931737841001e-07	1.3913429465534219557e-06	1.4755541784553555052e-06	-3.5572213500779903e-06	-1.4244781963725072777e-06
-6	-5	0	1.1911831955314484708e-05	-6.6330768614453715021e-06	-1.4294198346377381988e-05	7.959692233734444786e-06	1.1500026563311778339e-05	7.7285082731408044437e-06
-6	-5	1	4.9026689836810091064e-07	8.1393324050667655343e-06	-1.4825682666484338737e-06	-9.8986230543743872521e-06	-4.4712399430335639046e-06	-6.5712084147134273714e-07
-6	-5	2	5.8551589154454499776e-06	1.5965354431616449232e-07	-7.870622820163151949e-06	-7.7294599638567985961e-07	-2.1110803040715303632e-06	-1.4534043580157061721e-06
-6	-5	3	-6.7441244097891722006e-07	1.0667635631158857131e-05	3.3379518967668312595e-06	-1.1228474638072546521e-05	4.2144282793202178709e-06	2.6211468655301361624e-06
-6	-5	4	-1.0798568341763447813e-06	-3.451065564086553321e-07	-1.4663149311053377577e-06	5.4463252648812939591e-07	-3.4526789151461892633e-06	1.6313082349717879967e-07
-6	-5	5	1.2824903152879521022e-07	2.1160638164456947436e-06	1.4267876056466997827e-06	-6.4957465398348016464e-06	1.5806864434812540667e-06	-3.9564699600999681236e-06
-6	-5	6	-3.6012165825275437053e-06	-2.9924057351206497647e-06	7.5287237794963252917e-06	7.703073512073321333e-06	2.6727199003860607045e-06	3.426822191607118154e-06
-6	-5	7	2.8880817242027459299e-06	8.8041391511472568356e-07	-7.4989414964845020725e-06	-1.193839082042146037e-07	-2.8808881624580045455e-06	6.6936627852389725217e-07
-6	-5	8	-6.702398470365791964e-07	2.0026172317901003515e-07	9.6018405622440751756e-07	-1.0471576966184479456e-06	9.7435149862820327649e-08	-5.0427726800227248596e-07
-6	-4	-8	-5.5800579662409786894e-06	-3.0945485039106578821e-06	1.4091923271802870291e-05	-4.107520331671645683e-06	-2.8609181612207013404e-06	4.3746715437688158296e-06
-6	-4	-7	1.240575155488842925e-05	3.8459017783765588581e-06	-2.4507863012907865678e-05	3.7177665481451035159e-06	3.370991817471556224e-06	-5.4209252661199669866e-06
-6	-4	-6	-1.2012182501065982914e-05	-7.8842522201923950114e-06	1.8730321284089480318e-05	4.194231751669934547e-06	-4.7469835499367107308e-07	5.0880977190791055957e-06
-6	-4	-5	8.1549554967505857341e-06	5.2625270093552583737e-06	-1.0636068190438043645e-05	-4.0006491743894337157e-06	-1.2770920437502690238e-06	-3.11451307171476333e-06
-6	-4	-4	7.2418483863127980783e-06	7.3231792451621437331e-06	4.7210715590378263267e-07	-6.8414337105924723779e-06	-1.1334879735372979485e-05	-4.1433351571507423747e-06
-6	-4	-3	1.1839432812439753786e-05	1.6582040036044034468e-05	2.7773895003842490881e-07	-8.6702587527511387614e-06	-2.4049184224930740571e-05	-2.1603735068419882792e-05
-6	-4	-2	4.6795826303815459284e-06	5.4466397619547240807e-06	1.2337148071041832841e-05	-1.579552210454157374e-05	-3.8713044033228303468e-05	1.5251124923218972696e-05
-6	-4	-1	1.0779965904181155046e-05	1.68714344270521065e-05	-2.8391953230096696626e-06	-1.2985312746742118885e-05	-5.3323014133048258405e-05	-4.9287355575344156682e-05
-6	-4	0	-2.8439950596324715547e-05	-1.5124680939279142887e-05	4.2659925894487076708e-05	2.2687021408918713484e-05	4.5701525239379030328e-05	3.3103998775493772427e-05
-6	-4	1	2.4846845324109148183e-05	4.4964473070847105256e-06	-4.3741585614203261963e-05	-5.3632243949193601732e-06	-2.5885270512158158756e-05	5.5257862628308241547e-06
-6	-4	2	-6.6991424928678025449e-06	-5.0034152920194709783e-06	2.1109110037506403657e-05	1.2912325818954264222e-05	2.2120792596409401373e-05	1.0814405761850116357e-05
-6	-4	3	-1.0207560794650282632e-05	4.5639956953266167512e-06	1.1943539991914461842e-05	3.8136596920251063865e-06	-4.4904016000812805491e-06	1.4212870980020042582e-05
-6	-4	4	-4.301799655856885806e-06	-2.290402282505331533e-06	1.0900835316092204286e-06	2.5202318689464166025e-06	-5.3626159521761087039e-06	-9.1537155481158069693e-07
-6	-4	5	3.7892797166752280729e-07	-6.6504879710839773759e-07	-5.0323841111320119361e-07	-1.7653284353109576335e-06	5.2122837110466417827e-08	-2.2103213047788434342e-06
-6	-4	6	1.3586540183068640194e-06	3.1678931761365319766e-06	4.2110563205746230828e-06	-4.2512423529594557705e-06	4.166024898689946357e-06	3.3373160749689490213e-07
-6	-4	7	-1.69796854146450165e-06	-2.5257328093467038443e-06	2.2018446560750907713e-06	9.2911462142401067391e-06	-1.9720466064094949583e-07	3.1443125715543145391e-06
-6	-4	8	1.0212569134045737989e-06	3.5498620122680865012e-07	-2.9192624556907062551e-06	-2.2849139040990202335e-06	-6.9368854279192261956e-07	-8.7621730112940370855e-07
-6	-3	-8	-9.3114896300243263523e-06	6.8640825712430387874e-06	-6.5616437813527456956e-07	-1.7417095134436016984e-05	7.2296788643189722646e-06	1.3833487469812274903e-06
-6	-3	-7	9.5991219315762798853e-06	-1.6608883950947158948e-05	2.0192611672223496844e-06	2.4216507528395022633e-05	-9.0932164415892480588e-06	3.857683017213984289e-06
-6	-3	-6	-5.0693824947114775361e-06	8.9561277642345866448e-06	-1.0617185646356056218e-06	-1.0627895198469914476e-05	5.6002417770292798176e-06	-3.6421801649996289831e-06
-6	-3	-5	-2.4386246293477994754e-06	1.1396439966263029336e-05	-8.1597181445102583147e-06	-5.3172215969168874192e-06	7.8221804419235140205e-06	-1.0485395001365502751e-05
-6	-3	-4	-1.7227096969857995357e-05	-7.324812468230858474e-06	-1.2694029438462846107e-05	1.6465247570945730818e-05	3.536116753363413058e-05	-1.361716975863011038e-06
-6	-3	-3	3.3224138842828461926e-05	-3.0521903767546140328e-05	3.1164493899526022225e-05	-1.6487096342485377563e-05	-9.7612771585182939301e-05	7.7530903877577654832e-05
-6	-3	-2	-1.4685366292537455269e-05	1.8359887205015317142e-05	-3.8483612399786118648e-05	4.3224024215666240667e-05	0.00010178151747729154717	-0.00011991569793854531581
-6	-3	-1	2.5802458864291264709e-05	1.6970279744549793593e-06	-1.3369536239900348928e-05	-3.8263813232093498915e-05	-0.00011470614446604654316	0.00010460927184955062948
-6	-3	0	-2.6758191606954254751e-05	4.171465004631771191e-05	5.3516383213908509501e-05	-8.342930009263542382e-05	0.0001050923819292374253	-7.3171530317867156351e-05
-6	-3	1	-5.2652378226512448655e-06	-6.3443577101190019168e-05	-1.0139298250289890103e-05	0.00014432160781468610393	-6.2009321686777146279e-05	5.2303360836918196767e-05
-6	-3	2	2.2470868184853774556e-05	2.5816504359978912909e-05	-3.6811179710308378763e-05	-7.2634259125739389449e-05	1.2195834989098752136e-05	-3.1501875608672342058e-05
-6	-3	3	-9.0857385391738749357e-06	1.6020670369589408053e-05	2.1444604476053528443e-05	-1.2839507770890259237e-05	3.2731273977057781482e-06	1.920183296828855687e-05
-6	-3	4	-5.3323202071374326797e-06	-1.752866067296848397e-05	2.2010339500312043254e-05	2.4458694632290979673e-05	8.5092743145278825737e-06	-7.9489700352344912004e-06
-6	-3	5	1.3961313681319062517e-06	-8.4541186075196199093e-07	-5.3904524119910536965e-06	1.6967052560232936185e-06	-1.558913805436344377e-06	3.5289207116217970984e-09
-6	-3	6	3.7333502603721418333e-08	-2.2761956266746718299e-06	2.3805119568198038829e-06	1.1432399195445197715e-06	1.2275894810136234326e-06	-1.7045756669024119441e-06
-6	-3	7	9.7858760487798201623e-07	4.7164840961143362995e-06	2.8488311672559909574e-06	-3.9132222210144860641e-06	2.0597170187194092814e-06	2.3656054162346514326e-06
-6	-3	8	-2.1442860719334332004e-06	-1.4218889728287778111e-06	-1.2605287280234948578e-06	3.0837766207430773522e-06	-2.0809128269588853396e-06	8.9999503157070556081e-08
-6	-2	-8	7.0068531846696305738e-06	2.0039840335349444565e-05	-2.0398000947006325145e-05	-6.5474397068889697826e-07	-1.5563965175064196167e-07	-1.4866194258839858782e-05
-6	-2	-7	-1.2098279818830573527e-05	-1.8555759450815976846e-05	1.609561344320206591e-05	-4.7871605178948410909e-07	5.7712074323684726422e-06	1.6041712686924975795e-05
-6	-2	-6	9.7760579050735660448e-06	8.0073129191342584676e-06	-8.4547490325924907687e-06	2.8001307066387254045e-06	-6.9578082275427363532e-06	-8.9406898213471666534e-06
-6	-2	-5	-9.4933117763050993236e-06	1.8588939052163228132e-06	8.3585971031816573096e-06	-1.8372990980065520534e-05	8.0485352902934579586e-06	5.1185237057666208376e-06
-6	-2	-4	1.5540731419070387452e-05	3.4946683324971592095e-05	4.3062265896575640351e-05	-2.2781135826296906676e-05	-4.4842230076893404742e-05	-4.1029457074308933111e-05
-6	-2	-3	-1.4388829643672555435e-05	-2.9645647921742311777e-05	-5.5732140981573848623e-05	-6.8811071913905320799e-05	6.5932419941727677748e-05	0.00010516534378608816624
-6	-2	-2	1.0857863049159403925e-05	2.907765719540022489e-05	9.800150745959200591e-05	0.00012775992783729949874	-0.00013057509660707020582	-0.00021499289942350017341
-6	-2	-1	1.1324425047405640543e-06	7.6114316982654449677e-06	-5.1937173954177438882e-05	-0.00010698154681206868558	9.7079692879911496403e-05	0.0001682945034345446878
-6	-2	0	1.9653987706974891167e-06	-1.2518513038616622778e-05	-5.8961963120924669265e-06	3.7555539115849871721e-05	1.2267037410004740846e-06	-0.00021997762811639607868
-6	-2	1	-5.0865523223973853621e-05	2.8969025257542293779e-05	0.00017520340199552142087	-1.7455318131936682277e-05	4.5213664647199740341e-05	0.00013890351528138039812
-6	-2	2	1.3960636769351176132e-05	-2.3957688328096277347e-05	-0.00011639000188391659518	2.9710994878958480527e-05	-7.4508091575863061697e-05	-4.2162070105330354903e-05
-6	-2	3	2.3505216832449256039e-05	-3.3586429444313632241e-06	1.2357001212629946208e-06	-1.9454751882660540225e-05	4.7834233745740505951e-05	-1.9687120477303087445e-05
-6	-2	4	-4.2668614607819707867e-05	5.8390787905523078963e-06	1.0528359469151922246e-05	-4.2693932612681667312e-05	-5.8738742177153595596e-05	-1.2588348120512372235e-05
-6	-2	5	5.0608671693254850374e-06	-4.3542187217823445133e-07	-4.1154035124666944544e-06	1.1813877874920787999e-05	4.4268791982039046019e-06	4.203044903354433498e-06
-6	-2	6	-1.7421039735012553856e-06	1.2835961936241037622e-06	4.5203764457992068774e-06	-4.6277632216121611597e-06	-2.3531182490151985683e-07	-2.5899154691328337927e-07
-6	-2	7	4.8920212761825597575e-06	-3.9984746066539157043e-06	-3.3791912573399110656e-06	4.8472809520163567264e-06	3.2276778774879338944e-06	-2.0423265336986830886e-06
-6	-2	8	-1.275789551522878974e-06	4.235046806093304771e-06	3.6345977676034339488e-07	-1.9331502342707351004e-06	-8.6597721945207344794e-07	2.6929975460022946973e-06
-6	-1	-8	2.6356026818240665174e-05	2.3978579268600107625e-06	-4.9780499837714443311e-07	1.1308366070658794239e-05	-1.9704794488883356382e-05	-3.2119392039773571399e-06
-6	-1	-7	-2.6324637230683920738e-05	5.7433006663833071956e-06	1.0213983824592170408e-07	-7.2331256966956930171e-06	2.2549383363693943118e-05	-3.8895254716577358576e-06
-6	-1	-6	4.4984521457458054655e-06	-1.2478956157171065891e-06	-3.8007041899084472183e-06	1.5273232626392062883e-06	-3.8650014474277305762e-06	9.9334173861057234894e-07
-6	-1	-5	-1.9117235667028717383e-06	1.4598098010182096226e-05	-3.4134581867780339768e-05	-1.7394518842975866256e-05	9.1209846535995135313e-06	-1.4038813843623342221e-05
-6	-1	-4	2.9884745080233009006e-05	-4.1727374976166689655e-05	0.0001152889248164004198	-1.3463257063374994312e-05	-7.3649348824449616764e-05	6.5956876730093787296e-05
-6	-1	-3	-3.6528039407434746688e-05	6.3903432397794620353e-06	-0.00013856912079954564004	6.9937778564167798448e-05	0.00011924578574805136887	-3.6093279334281523553e-05
-6	-1	-2	2.4544580669095130787e-05	1.2091170696296419138e-05	0.00016307664675117587087	-9.3967801956500857357e-05	-0.00015517206538287332102	1.0710388889361172957e-05
-6	-1	-1	4.6752039389797497024e-05	-2.0787833130267979997e-05	-0.0004226342851806346064	0.00014862161289536934285	0.00014212204884184962425	-2.389461411376146287e-05
-6	-1	0	-5.0434506542900410324e-05	-8.1729270844614613456e-07	0.00030260703925740243484	4.9037562506768765956e-06	-0.00014862249110172436506	-1.2256536695115083092e-05
-6	-1	1	4.8576590138086757852e-05	1.9016233518512292274e-05	-0.0001285615908798417098	-9.3213200894801326855e-05	0.00016289794994867886442	2.0884200216272423399e-05
-6	-1	2	-7.8518352941120102202e-06	1.3027369026779410993e-05	-4.0368897956631662606e-05	4.9734264904068694127e-05	-4.373995486065186027e-05	6.3949239532372581735e-05
-6	-1	3	-6.4583224070931610577e-06	-3.3248944588457559376e-05	1.3472389475470901196e-05	-3.8924343139640840626e-06	-8.4258483223626889479e-06	-6.7795367281569819369e-05
-6	-1	4	1.6629725537469827989e-05	1.2577243847352764623e-05	-1.2983817699343609114e-05	-1.1621629171542095029e-05	2.1698633881368840128e-05	1.5960458478143623178e-05
-6	-1	5	-2.6321820125580371064e-06	-2.6992601104121980689e-06	9.8409367205861233882e-06	1.109096074211403042e-05	-1.1904310709524196383e-06	-1.0209199840718318952e-06
-6	-1	6	3.9229159505186979937e-07	5.8136143006011563397e-07	-4.9219218581079379713e-06	-2.334110304641701492e-06	-4.2802871463278649389e-07	1.9234304595316540295e-07
-6	-1	7	-3.9206965362937820849e-06	-2.1733003956370770533e-06	5.1268233271209006163e-06	-6.2051589723130195319e-08	-2.6281936986631127646e-06	-1.8716934233636559961e-06
-6	-1	8	5.2317201823652431184e-06	-8.8642879915746508077e-07	-1.6571697839288336345e-06	4.1903745952590260634e-06	3.7166439137828279227e-06	-1.4102477496072052619e-07
-6	0	-8	1.309419623348739644e-05	-2.7253372304149838581e-05	4.294185173198113178e-06	-2.9350505836078393773e-06	-9.8206471751155481771e-06	2.0440029228112379782e-05
-6	0	-7	-3.5887978978148687201e-06	2.8787080860254287421e-05	-2.033622937675178414e-06	1.2147652673521887833e-06	3.0761124838413160458e-06	-2.4674640737360817305e-05
-6	0	-6	-1.0047312145270023345e-06	-9.7725271154471828153e-06	5.7958160027415348646e-06	5.9019985340958159087e-06	1.0047312145270023345e-06	9.7725271154471828153e-06
-6	0	-5	1.8530954315260008292e-05	3.2920944888793737175e-05	-3.1575027660628130031e-05	4.1119831410311904595e-05	-2.2237145178312009951e-05	-3.9505133866552488676e-05
-6	0	-4	-2.6941920136934315998e-05	-3.6733401955840454148e-05	3.7538884551652206294e-05	-0.00014158787380704173633	4.0412880205401477385e-05	5.5100102933760687998e-05
-6	0	-3	8.4283982551288783686e-06	2.5827223984763396489e-05	2.7120744173589996829e-05	0.00017492845540815647395	-1.6856796510257756737e-05	-5.1654447969526792977e-05
-6	0	-2	4.338041938099551883e-07	1.7768794745841944737e-05	-0.00011023513637795962937	-0.00034626164850904084464	-1.3014125814298655649e-06	-5.3306384237525837599e-05
-6	0	-1	3.5829839580892208167e-06	-2.2077174118024200223e-05	4.8995785504579757782e-05	0.00038492457276905682299	-2.1497903748535322359e-05	0.00013246304470814520811
-6	0	0	0	5.6048735688387923001e-45	-3.0172786589312034796e-05	-0.00053871101888949130248	5.8022692488305082628e-05	-6.3795590146354657778e-05
-6	0	1	-8.1196230023181518759e-06	1.2764415344203947636e-05	0.00010990072038444655481	0.00021243836688784523332	-4.8717738013908911256e-05	7.6586492065223679042e-05
-6	0	2	1.8540984248045179521e-05	-1.3748099676011828622e-05	-1.6997525448146663207e-05	-5.5952896470419621997e-05	5.5622952744135541951e-05	-4.1244299028035480783e-05
-6	0	3	-1.4149529953742313767e-05	-5.2684936700463318036e-07	2.1316169534008134863e-06	-3.3548331036794342233e-05	-2.8299059907484627535e-05	-1.0536987340092663607e-06
-6	0	4	1.5267439832528519972e-05	-9.3185262424955853425e-06	-3.5058091252474152797e-05	1.1181859459686347452e-05	2.2901159748792783346e-05	-1.3977789363743378014e-05
-6	0	5	-4.9324209861506762442e-06	-6.8035436639243770612e-06	2.471434689492884947e-05	1.0326740470685070303e-05	-5.9189051833808108155e-06	-8.1642523967092524734e-06
-6	0	6	-8.9779426449330590412e-07	2.5015964128763743951e-07	1.1266933605566380758e-06	1.8896936354675187563e-06	-8.9779426449330590412e-07	2.5015964128763743951e-07
-6	0	7	1.4100336844429156494e-07	2.2422712422482020205e-06	-2.2440588814284856544e-06	-3.1591359617989060874e-06	1.2086003009510704432e-07	1.9219467790698871436e-06
-6	0	8	-2.9129281329020740732e-06	-3.645613043031024136e-06	4.0165347746320929773e-06	-1.331503950867957639e-06	-2.1846960996765552372e-06	-2.7342097822732682079e-06
-6	1	-8	-3.1061732790952239515e-05	-2.4688737662628667933e-05	-7.2311499323951302498e-06	5.6599583623078713177e-08	2.2392405851664790684e-05	1.8523628194924385244e-05
-6	1	-7	3.2218950572880461979e-05	1.2993374975513707206e-05	3.8479393915981639659e-06	-9.6241372513533067854e-08	-2.7066537720812085634e-05	-1.1150927317942253985e-05
-6	1	-6	2.9811962705267428527e-06	6.888549863599932603e-06	7.6955396863549080952e-06	5.2735159788348480976e-06	-1.6986063228009249074e-06	-6.0096305337941244456e-06
-6	1	-5	2.286364853830464094e-05	-2.4737301444035860027e-06	1.0956184126570832059e-05	1.6001545482116221017e-05	-2.5245141420651400345e-05	6.1687852697075468985e-06
-6	1	-4	-3.440841214240237297e-05	1.9081447272351069239e-05	-7.1715633463299082134e-05	-6.0460520805891157319e-05	3.3683709847778792309e-05	-4.3737301109999393188e-05
-6	1	-3	2.0179170026571829579e-05	-1.6716859723096238712e-05	0.00013911482204763080919	4.7902414481716868691e-05	6.013267296066611138e-06	4.9401190940098100321e-05
-6	1	-2	-8.6615947144311036582e-06	2.5965991315867219458e-05	-0.00017902686545233161583	8.3070052313355879567e-05	-6.3528648582872500328e-05	-3.636294779092372198e-05
-6	1	-1	4.472576785126983079e-06	-2.3105475195506638378e-05	0.00021357146730461334569	-0.00011172988552543793017	0.0001867360065938514235	2.6902965647601903484e-05
-6	1	0	-4.909390512452928095e-05	2.1031312104110451818e-05	-0.0002945634307471756857	0.00012618787262466270413	-0.00020173783410855396507	-0.00012033560287046023781
-6	1	1	6.255726052432633241e-05	-1.1443215766285121236e-06	0.00014964735781449297258	-6.0727865441697313504e-05	0.00022569620533146504899	5.3861935981926239915e-05
-6	1	2	-1.419085071229228723e-05	-1.582412276218429152e-05	4.6912702632675133555e-05	-7.3083526594084559e-05	-6.6028903453214433548e-05	-1.0930604989510593364e-05
-6	1	3	-4.7581114928325554539e-06	1.5987549716425741798e-05	-2.1767428725571137449e-05	3.3299842636227098148e-05	-2.2604134104747316171e-06	2.087515188744245201e-05
-6	1	4	6.4595452042984730448e-06	-1.8778857014987316031e-05	9.2694287602273163951e-06	1.3373985703823739647e-06	7.3719606163908813154e-06	-2.8502635165076566743e-05
-6	1	5	3.5532575214429113008e-06	9.5927487162080547718e-06	-4.8828436048587705586e-06	-1.1921337379141915146e-06	5.2404777467032478421e-06	1.1749725207032503182e-05
-6	1	6	-2.5811786246123174909e-06	-3.190313648061024207e-06	1.1822902674502984344e-06	3.7310165368196786483e-06	-2.7782270025207006339e-06	-3.8121497375309704366e-06
-6	1	7	1.8256585430186330435e-06	-1.6230309710034611592e-06	-6.3577525156298978989e-07	3.9903812527304322085e-06	1.6556752156678268947e-06	-1.9612238683930285125e-06
-6	1	8	-7.2497368934942046732e-07	2.5156035042273462954e-06	-2.9872565772397934395e-06	-4.7575505707190505418e-06	-1.7032319485709114408e-07	2.4813964495103909334e-06
-6	2	-8	-3.4373439294373370288e-05	2.6890993498051630507e-05	1.2928441730839629597e-06	9.7846461666783881119e-06	2.6103290514051018191e-05	-1.7722083581869125005e-05
-6	2	-7	2.1871941910191954137e-05	-2.9239989707345343407e-05	-7.258111229851192288e-07	-8.0722871879988678277e-06	-1.8954753386731708012e-05	2.2756480552582044946e-05
-6	2	-6	-4.6785836612971352426e-06	1.4846567595100606076e-05	7.3486450870191984335e-07	-4.1005037349212365838e-06	4.9235384975311080296e-06	-1.6213402173407683526e-05
-6	2	-5	6.4625895262044009973e-06	-1.0162594696750528936e-05	1.0368770430652075008e-05	5.6584419978191652343e-06	-3.6075992591844511087e-06	1.4458490435228301495e-05
-6	2	-4	1.0614185112916864193e-05	5.5645243587159672765e-05	1.1580302540607601518e-05	-9.8098553765721519079e-06	-1.0131126399071495531e-05	-8.8372793069025585102e-05
-6	2	-3	-2.5684044071878193126e-05	-1.47666078460483555e-05	5.5720315654928595647e-05	-3.5263091563778448231e-05	8.8514965247042112165e-05	6.024487982911079128e-06
-6	2	-2	5.5797459904042076432e-05	6.4834681322703507556e-06	2.4895290546787144872e-05	8.8032698592901680056e-05	-0.00014249708916533906748	6.8582294196090626943e-05
-6	2	-1	-4.3085371509838414291e-05	-1.5343976272281829328e-05	-7.5738745512906154511e-05	-0.00010175545685113723327	0.00010703473803321819028	-0.0001114470560685834838
-6	2	0	2.0430481579397588457e-05	2.8140568250128648425e-05	6.1291444738192758595e-05	8.4421704750385948663e-05	-0.00017499269415875061623	0.00015476091213180505238
-6	2	1	1.7308600543327666788e-05	-1.5317376610187310055e-05	1.9657497280197412594e-05	-3.3054987424633319341e-06	6.4536608699571168762e-05	-8.5293262176197199849e-05
-6	2	2	-3.9255632711978271851e-05	8.5729335090371136101e-06	-7.4484202318533549586e-05	-2.3198788272346120048e-05	-4.3282695817401259191e-05	4.891758879945746596e-05
-6	2	3	2.947491504822860489e-05	1.8490671867508972319e-06	4.9627431556776518235e-05	-6.3958529584182045885e-06	2.5864875725272867677e-05	7.962036345780596958e-06
-6	2	4	-5.4063780967221391872e-07	-5.0483267133884741215e-06	5.577320390730359503e-05	7.9577734684739667758e-05	-2.869755866816011707e-05	-4.7361357412452542096e-05
-6	2	5	2.6702327725604763535e-06	-7.6923150640327332017e-06	1.5593400564829604818e-06	-5.873167451762875704e-06	2.5805433044793876856e-06	-6.8815110961341307462e-06
-6	2	6	-1.9275978345547091254e-06	4.7650254861549583548e-06	-5.8401145909351730611e-07	2.429322451167341518e-06	-1.7329273481902032156e-06	3.9552513357658442331e-06
-6	2	7	-1.9762861643652133215e-06	-6.0043038238497593838e-07	3.1013379648232126095e-06	-1.7990027819624103543e-06	-2.5800561308339576968e-06	-6.5381862643352602367e-10
-6	2	8	2.5284195614192740305e-06	-1.5376184421254818828e-06	-2.5668519117154193626e-06	1.8812674230929715865e-06	2.5380276489933100459e-06	-1.6235306873673542028e-06
-6	3	-8	1.3385933675185253199e-05	2.4853410141449266458e-05	7.6441053585586524926e-06	-2.3395688240613277269e-06	-7.1729107469294452147e-06	-1.9517395915109947635e-05
-6	3	-7	-2.8097360364460520292e-05	-2.9710299668704969454e-05	-9.43144647624559091e-06	3.0418294796093433632e-06	2.0041403251146623225e-05	2.676961235015112297e-05
-6	3	-6	1.079253458733500217e-05	9.1604208555459325843e-06	-6.5731109081383416357e-07	-2.6797042703768445067e-06	-1.1121190132741920099e-05	-1.0500272990734355261e-05
-6	3	-5	1.8676891103189191881e-05	-1.2528336207703752794e-06	-2.1020273150536494102e-06	-1.1485183934820944454e-05	-2.3673485712859220327e-05	-5.3877100159681159985e-06
-6	3	-4	3.0034998191962339017e-05	4.7919525449603014112e-06	-5.1638706756986008488e-06	-5.0549179552598617641e-06	-4.8925400294717461068e-05	-1.0979117283885348228e-05
-6	3	-3	-2.1962312224329450145e-05	2.6101175300298473918e-05	1.459168635402553448e-05	-6.1918903707325204108e-06	5.8516310802684431383e-05	-5.8394240971329469095e-05
-6	3	-2	3.2109107881403268865e-06	-3.8716919829695735161e-05	-3.7168319629015262169e-06	8.7951512111159497353e-06	-1.5207980308773269985e-05	0.00012934348630576112077
-6	3	-1	-4.7047248674375303465e-06	2.7328218225556684319e-05	-2.7728532384530187873e-05	5.0528587244916290668e-06	-5.4957247948965378152e-05	-0.00014881073317986521533
-6	3	0	2.3543486937469239659e-05	-1.2364154784163666265e-06	4.7086973874938479318e-05	-2.4728309568327332529e-06	6.116511357679068749e-05	9.9366795153653191246e-05
-6	3	1	-2.8281433001194936728e-05	-1.813016103888921517e-05	-3.6500411987298151295e-05	-2.1190712712821786057e-05	-6.0187362045275166484e-05	-4.5208828094869943012e-05
-6	3	2	1.1652667310966271941e-05	3.1999775764692484569e-05	2.7811499166715552439e-05	4.4278838134160068848e-05	-6.7592468171745119881e-06	2.9581070092837353824e-05
-6	3	3	1.2594532618649749469e-06	-9.4333424529316271915e-06	-2.5650125559424429922e-05	-1.6448658195371814247e-05	2.816903208315438151e-05	-2.4180267104914371711e-06
-6	3	4	5.8192278029630671078e-06	1.0068503116318611558e-05	4.2249954261975985602e-05	2.2166039330750083447e-05	-2.2958623992037385152e-05	-1.5217748235846463066e-06
-6	3	5	-3.541276977557647214e-06	-2.5580507599549617929e-06	3.4867479811855644767e-06	-4.9370266584344908953e-06	-6.3415811617805155969e-06	-1.0744491688525965662e-07
-6	3	6	1.8202338803676993124e-07	1.3793616603038604944e-06	3.1522983930677955355e-06	-4.893154787479675187e-07	-1.39412580849712781e-06	1.6240193996778442538e-06
-6	3	7	-1.117771822812493036e-06	1.2393039571811379897e-06	-1.3567291023595910805e-06	1.1925770905640185745e-07	-3.7663480425659779303e-07	1.0111500879882316947e-06
-6	3	8	-6.9093858574417765105e-07	1.5946329693272792399e-07	-4.4453300000822495551e-07	7.4213406154447304614e-07	-3.5150406430504887335e-07	-1.5870280037963146255e-07
-6	4	-8	1.6863209618641147739e-05	-3.5787527621631765574e-06	-9.5545844013431508611e-07	-5.8799019342006195922e-06	-1.3125136434048016335e-05	-2.5588639547792716629e-07
-6	4	-7	-2.8884833574402096718e-05	1.6193447049303251911e-05	2.8854786800754823917e-06	6.7593432215628896037e-06	2.6407273738102070662e-05	-1.0017615629938277314e-05
-6	4	-6	1.2660684143171255177e-05	-1.7650513610574093372e-05	-5.5991724670933801667e-06	-3.3985115914553445411e-06	-1.6393465787900173594e-05	1.5384839216270529216e-05
-6	4	-5	-5.8082959363187804447e-06	5.7233369189606990443e-06	2.3425873744937341994e-06	-8.5257197060785537026e-07	8.8440250231775238932e-06	-7.5500618792391235729e-06
-6	4	-4	1.2767104099459768491e-05	1.0841162308642359851e-05	1.3132421277972630819e-05	-6.4281535759111414534e-07	-6.0182348712170219171e-06	-1.690455882055465244e-05
-6	4	-3	-3.1663909968123078053e-06	4.5288007880914853298e-07	7.8404768169215594697e-06	-1.8907481822185891699e-06	1.6786751082853360441e-05	-3.4267577339097492218e-06
-6	4	-2	-2.244947429247032042e-05	-2.4969094729836790816e-06	1.8600451901790840729e-05	4.0484641359500007864e-05	0.00010454932668099264611	8.8460011137951052125e-05
-6	4	-1	-4.7592959953003124456e-06	1.210626538618146584e-05	-2.1656911704980527259e-05	3.1306291920469893144e-06	-5.807187084812023267e-05	-6.0115075548900837781e-05
-6	4	0	2.6448748472512163761e-05	-2.7179791629459509682e-05	3.9673122708768247336e-05	-4.0769687444189262829e-05	7.1809387030306217193e-05	3.9448873957202660744e-05
-6	4	1	-2.1953973071652122656e-05	3.2031140284422843776e-05	-2.5205586208209063473e-05	5.2732357089724525546e-05	-3.0901493597076475268e-05	-1.8742586652361046303e-05
-6	4	2	2.2338268354807005816e-05	-4.5947652812583001823e-05	4.1745092222158723249e-05	-6.848000383150584043e-05	-1.6475379379896422274e-05	-8.8295077473731793796e-07
-6	4	3	-8.119895737555949292e-06	6.4384935060728450552e-06	-1.2423929948937337215e-05	2.8857485187152524374e-05	3.2544845680455086019e-07	-2.5599659904057674593e-05
-6	4	4	3.3722206420660641262e-06	-7.0806496072170012406e-07	4.9553549894732721532e-06	5.2835982259721959656e-06	1.0297597362582406251e-07	-6.3456956670547459928e-06
-6	4	5	-1.6038561504554830472e-06	1.2095754815415519189e-06	-1.2313813021730478953e-06	5.4510239150431347532e-06	-9.3952233880814131928e-07	-2.9093285541846454152e-06
-6	4	6	1.5408008798177709685e-06	-2.025800810297484663e-06	-1.3234475162864323417e-06	-4.6164837732041977047e-06	2.4230992240087255806e-06	1.0518550385053135951e-06
-6	4	7	-1.3605916768956196315e-06	1.0596967626353211912e-06	-5.0998378680388057624e-07	1.7638489374750227642e-06	-8.7480213059402798679e-07	-9.9602167726880507505e-08
-6	4	8	7.0486267911009602257e-07	-1.0712305994133933116e-06	5.7488324905952270267e-07	1.0324794237361720735e-06	2.4120538480281069206e-07	-1.3196626614281311263e-06
-6	5	-8	1.7629475497809850204e-06	-7.159455741861990791e-06	-2.5856864851391171898e-06	-4.6764944106695167372e-07	-2.9382647155476867442e-06	5.0773109057296482972e-06
-6	5	-7	2.8005288356072156922e-06	1.8328561211047653389e-05	5.305346210501990231e-06	-1.2535478715366369343e-06	1.3890797198380939784e-06	-1.6605586660567016755e-05
-6	5	-6	-8.7373406851016806562e-06	-2.0015593858847138624e-05	-4.796091565862427262e-06	5.2091646698145666869e-06	4.7405977135496579379e-06	2.4356564417025946173e-05
-6	5	-5	8.9282475780445657134e-06	6.6915483510579234634e-06	1.6017724687659413298e-06	-4.7193937239005623275e-06	-9.1121246248875379921e-06	-1.2749251745170070484e-05
-6	5	-4	-5.6191992983609869323e-06	-2.3169456127225742361e-06	-1.28188419925152466e-06	2.8830908641229627949e-06	6.8264436984770738323e-06	7.0792819992375645302e-06
-6	5	-3	-2.0066716821226543629e-06	1.7935095732407221045e-05	3.3880096454508431834e-06	1.950943917666888387e-05	9.6600261066633812628e-06	-3.3544595036996322532e-06
-6	5	-2	-1.4789221820889384775e-08	1.2861634149014020005e-06	8.0235133897696390146e-07	1.4672960051668863789e-06	2.0502460129050779096e-06	-1.9025023178698989557e-07
-6	5	-1	7.5512859620423911661e-06	4.2754943002567238799e-06	6.9822201977013891621e-06	4.9841978764312473308e-06	-1.0396614783747396951e-05	-7.3197641938410588404e-07
-6	5	0	-1.2615858588167278747e-05	-1.278795664307993763e-05	-1.5139030305800734496e-05	-1.5345547971695925156e-05	3.780032095451417017e-05	-1.4869640772929875304e-05
-6	5	1	1.2573436740377767851e-05	1.0825783892947346405e-05	2.0238753191528445453e-05	1.2506350121840374454e-05	-2.5753145515375616768e-05	2.4229527484822002299e-06
-6	5	2	-1.7455273796359577984e-06	-5.3816533131397934893e-06	-8.550916052823876701e-06	-3.4637023613236076284e-06	1.6140707993151817934e-05	-7.4857040361103599146e-06
-6	5	3	-1.0045271897025046133e-05	2.4275498700042875822e-06	-1.5412428618441538231e-05	3.9187959464683236462e-06	5.5968372366858064798e-06	-1.6762268374386309126e-06
-6	5	4	-3.5310930646732994954e-06	-3.1887318626599024294e-06	-8.4565816215524304301e-06	-2.3862340029062028695e-06	5.2740874299305902769e-06	-1.8003052903571004808e-06
-6	5	5	1.3189798256554679459e-06	1.7912502599784793206e-06	6.6121586264612895197e-06	-5.4596322956660189817e-07	-5.0293828356747279846e-06	2.6954635415407772311e-06
-6	5	6	-6.3918239454296065155e-07	-4.680866466796209757e-06	-3.3517068673968112763e-06	-2.0372046993583636557e-07	2.1539066616210485336e-06	-4.5110994085163464852e-06
-6	5	7	1.8202348611095333167e-06	2.1020154797046334573e-06	7.2748980256545186007e-07	9.1562736033540747729e-07	1.0405657362614200403e-06	1.1477080109358232612e-06
-6	5	8	-9.6697014327848561142e-07	-2.7919485755680959207e-07	4.4669464449431497774e-07	-6.8687178964154538816e-07	-1.0044117602678110233e-06	2.1989872535835866031e-07
-6	6	-8	-3.5936044159678742866e-06	-3.8837578240968390384e-06	-1.562100832925476555e-06	2.8506172662767074795e-06	1.5236276872817984045e-06	5.0507813177801595708e-06
-6	6	-7	5.2567784818520088238e-06	2.928652563280497491e-06	4.9178205163124992988e-07	-2.4872068915442468261e-06	-4.0842826544749364368e-06	-4.642165246992637623e-06
-6	6	-6	-1.4127293931821389387e-05	1.1079331596683154737e-06	3.8564305075157370362e-06	5.2633520439641768334e-06	1.7983724439337125576e-05	4.1554188842958613597e-06
-6	6	-5	1.242265472303520254e-05	-3.9724463806557970183e-06	-5.9587031158827368527e-06	-3.5185777325703150956e-06	-2.2057629406701527609e-05	5.4464237770257881545e-07
-6	6	-4	-5.3153827514526524693e-06	1.1352048440618331792e-05	5.8238306385558929096e-06	4.3866766457459537023e-06	1.6708820085012817221e-05	-1.0448057692308567558e-05
-6	6	-3	2.9076186616304743092e-06	-6.8198335512016596585e-06	-1.1430832956831676248e-06	-3.1287170204633923662e-06	-8.1014039146272842916e-06	7.3822330614765345846e-06
-6	6	-2	-9.5136559587595291235e-07	7.3152455123346709696e-06	5.887562919487365421e-07	4.0353894606428292175e-06	4.6203656634740685751e-06	-9.8395681550755261034e-06
-6	6	-1	7.4552535114044923604e-07	-1.5355821952000961398e-06	7.8347329245134912025e-07	-2.0711475658327037127e-06	2.2768764786539975527e-07	-3.2133922237956467083e-06
-6	6	0	-4.5022539738857659419e-06	2.2057364737267461897e-06	-4.5022539738857659419e-06	2.2057364737267461897e-06	5.6969552108707352477e-06	1.7039051453966962672e-06
-6	6	1	3.5048156004127617362e-07	1.0253830593255384981e-06	3.68120036439910176e-07	8.7808537126155370244e-07	-1.0583085839180408045e-07	8.8378612838390909186e-07
-6	6	2	-4.2207646088034774976e-06	7.2052349339622790263e-06	-3.9015492013533600231e-06	1.0554136176774061304e-05	-9.5764622235035348244e-07	-1.0046703728435345986e-05
-6	6	3	4.4070583344274242231e-06	-6.2789552672014532151e-06	3.4252953535072406289e-06	-1.0010957280043207565e-05	1.9635259618403663414e-06	7.4640040256835061587e-06
-6	6	4	-1.2475819099049692017e-06	5.8849300251265917677e-06	6.6259501902761068112e-07	1.249701330363579355e-05	-2.8652653933988699831e-06	-9.9181249177638030966e-06
-6	6	5	1.2332680983912305561e-06	-1.067592583513864653e-06	-1.2665266814788793712e-06	-6.1994415065163816666e-06	2.9997537358441319128e-06	6.158218707603019654e-06
-6	6	6	-3.8506892549359921787e-06	3.1364195262469403303e-07	-1.6493662596911955481e-06	2.0267579524887330943e-06	-2.2013229952447968424e-06	-1.7131159998640391142e-06
-6	6	7	9.4838341701708918758e-07	-7.2160431406667947422e-07	7.2705115276167461687e-07	6.6241581933834455698e-08	1.8971336936178395935e-07	-6.7529648228615479707e-07
-6	6	8	-2.9807705416373516149e-07	4.6370127345322076953e-07	-1.559976768096358361e-06	-9.4554763467179875795e-07	9.4642478544946741285e-07	1.0569366810937646059e-06
-6	7	-8	1.0543979123388627978e-05	2.492283996974512058e-06	-2.63093233206305573e-06	-6.0075065836057830662e-06	-1.0210050133096645753e-05	-7.1257812583859438029e-06
-6	7	-7	2.595215170721549592e-06	-1.3786198969442365285e-06	-1.2623570411911692967e-06	-1.1675851203443680948e-06	-3.4868271875239261503e-06	1.408907703640619343e-08
-6	7	-6	-2.786291248414791106e-06	3.3765271305279515454e-06	2.2566234210986105849e-06	1.6380132663043859252e-07	5.4190185730298372118e-06	-3.1854255827924398453e-06
-6	7	-5	1.63334882179552663e-06	-8.0599960248971458447e-06	-3.9166777144461351808e-06	4.2242199893103178485e-06	-7.4433673863792207008e-06	1.5585903214911019663e-05
-6	7	-4	4.5533567683957898887e-06	9.911351348644548663e-06	4.6796493321378908933e-06	-5.0750771442449534675e-06	1.3593511786476250773e-06	-2.3748412025395491774e-05
-6	7	-3	-8.398975148114473565e-06	-9.0245737704852917459e-06	-4.4907840600460926142e-06	3.1871070983201399841e-06	6.3194541561213954381e-06	2.5485730770384242325e-05
-6	7	-2	9.5558306478056714308e-06	8.1659334292736323631e-06	5.0287771860886878092e-06	1.0201161657550164399e-06	-1.106677179210660569e-05	-2.092739370767833775e-05
-6	7	-1	-1.0939469294499191071e-05	-8.3265953685940243787e-06	-7.7577606835609478546e-06	-5.1947648509267226353e-06	1.1332490982068502971e-05	1.359621825507708359e-05
-6	7	0	1.0514116037465683781e-05	7.475223141645378122e-06	9.0120994606848725382e-06	6.4073341214103239836e-06	-1.2477590435654860554e-05	-9.2009455204793014552e-06
-6	7	1	-1.2524455288716022062e-05	-9.0910108858017559289e-06	-1.2952902773188928055e-05	-8.6208867693407466217e-06	1.5523587680026370786e-05	5.8001420705746856962e-06
-6	7	2	1.3699096347078781936e-05	7.5344417520839122355e-06	1.7443251106168680486e-05	7.6836201256936755748e-06	-1.9954089830354037585e-05	-4.2893451836761261112e-06
-6	7	3	-9.1472990413989964387e-06	-4.2026611399789449579e-06	-1.5279268834025645405e-05	-4.3463656829497545733e-06	1.7357029196595180864e-05	1.7361976469248699081e-06
-6	7	4	3.0689930400644252438e-06	3.1327393426290255939e-06	8.7588446003394059995e-06	2.8558992993574417047e-06	-1.0724488490497320939e-05	-2.9871475993198459237e-07
-6	7	5	-1.6931237273769751134e-07	-2.4289733025224959644e-06	-2.3151051080048911637e-06	-1.6913994039872290462e-06	3.037972303921610785e-06	-5.4680879744487434436e-07
-6	7	6	2.7255112513335977225e-08	1.1974445967319492841e-06	4.2441103526904002673e-07	9.5713610735354214836e-07	-4.6789109530054406278e-07	8.0785804819483581114e-08
-6	7	7	-3.5303658594076973266e-07	-3.1921477660904535392e-07	-1.1836022651107257034e-07	-9.0368957274738290597e-07	-1.8424256143815864232e-07	6.300769070824868127e-07
-6	7	8	-4.6892801639948803003e-06	-2.5270452632183876283e-06	-2.3195379663708901679e-06	-2.2737586519029762738e-06	-1.4873644024216311695e-06	9.4254873001313280079e-08
-6	8	-8	-1.5567127531394119371e-06	-2.5605249172986101005e-08	-1.5845668810010880888e-06	-4.1885266753104323817e-07	-4.170323161465291889e-07	-3.9964873065130365167e-07
-6	8	-7	-9.7625862689472946284e-06	1.3251789124589893914e-05	-3.463591331481226805e-07	8.9276155287710380809e-07	7.9720920783569690517e-06	-1.033837747493179152e-05
-6	8	-6	7.9833643390128334789e-09	3.3402944049959121657e-06	9.7302928165088897953e-07	-1.4209435338656556763e-06	1.2893890111955059438e-06	-5.2348857834834527851e-06
-6	8	-5	-1.2633371338900789082e-06	-2.4276468807444912128e-06	-8.7669766941634908947e-08	1.681676863974896975e-06	1.3757329335614788143e-06	5.6038592392532246154e-06
-6	8	-4	3.7253226372152242883e-06	2.6828669285851850616e-06	-1.9643579558420056366e-06	-2.3317654328185673735e-06	-9.5166998675068470702e-06	-8.6878312585149127629e-06
-6	8	-3	-5.8933507235623420534e-06	-1.8637158926803327235e-06	1.3099005378805594502e-06	8.0690399034486737382e-07	1.5279769548139510437e-05	5.8791757596136451106e-06
-6	8	-2	1.2529767817476296281e-05	4.3883035021647876975e-07	3.2476629127732051128e-06	-6.8903160880723487214e-08	-2.4598651801336070087e-05	-1.5921036941723301522e-06
-6	8	-1	-1.4545239838357804479e-05	3.3674906494793912258e-06	-7.895271469021771478e-06	2.2194610359786388839e-06	2.4109267277972651659e-05	-2.4492556090472358605e-06
-6	8	0	1.2955227113795096758e-05	-6.3856854127827750503e-06	9.7164203353463225689e-06	-4.7892640595870812877e-06	-1.9953841240311694528e-05	7.5607597350851071631e-06
-6	8	1	-1.0522398570740534586e-05	7.5064315979287478961e-06	-9.8762756623044624052e-06	7.1241102791752746465e-06	1.5875813873992481563e-05	-1.1954292645829709795e-05
-6	8	2	7.5586749828485968149e-06	-8.9946239561153814592e-06	8.5968595631880868131e-06	-9.9351405607462704679e-06	-1.1711413304206558502e-05	1.2756690374638937494e-05
-6	8	3	-2.5149649029965609538e-06	3.2245427550262304752e-06	-3.4057973782574354235e-06	4.7582252674650878929e-06	4.0521965360267053237e-06	-6.2395152031877739953e-06
-6	8	4	1.5144699570455289053e-06	2.7592606287137589846e-07	2.1580206111345361917e-06	-1.0399465885425720389e-06	-2.0443362867007793431e-06	2.4937822713922079256e-06
-6	8	5	-1.0755269852425259326e-06	-1.2309586875450034522e-07	-1.4659741553167570514e-06	2.7703435651903114999e-07	1.0549262662157802055e-06	-5.9097001293585027542e-07
-6	8	6	1.2196122121365181833e-06	7.6746678260899885106e-07	1.84546477277177879e-06	7.2646458894810740513e-07	-1.2410074848925204151e-06	-2.0115266932181102244e-07
-6	8	7	5.7922328782971504245e-06	-1.4860441165594228963e-06	8.2077937557364552388e-06	-1.2238952077277246757e-06	-4.4155646823012473915e-06	1.2498528035218006067e-07
-6	8	8	-2.7585425764688431167e-07	5.51753151090956035e-07	3.1258148148958084417e-07	-2.182290188112718786e-07	-5.1947217472474407792e-07	6.3204388212948887838e-07
-5	-8	-8	-1.5588305300757762092e-05	1.2811006381407591826e-06	-8.419141611674540467e-06	-1.1855147484244805321e-05	1.8161832424648140504e-05	1.1054459585406831653e-05
-5	-8	-7	-4.7628125521101119107e-06	5.8956647719024944895e-06	-3.2122055710252037995e-06	-7.530467037246167161e-06	7.0731010469645984431e-06	4.3950589197795526041e-06
-5	-8	-6	1.6753820957264070255e-06	-1.1974641488293309537e-06	2.6750982972386901609e-06	9.0217898939884624989e-07	-4.9629494760902588378e-06	-2.05018528507352459e-07
-5	-8	-5	-6.004424078243494813e-06	6.2300992540871308011e-06	-4.4924276444568957961e-06	-2.8463854382300883287e-06	1.3192308309374529442e-05	-1.6758825529189896023e-06
-5	-8	-4	8.5133905453073310755e-06	-1.3759127535437427873e-05	6.2552125016003085352e-06	5.1578533195034382229e-06	-2.3152163184834780068e-05	6.8832027802899079714e-06
-5	-8	-3	8.870532430946924108e-07	1.7628664732951826861e-05	-9.0353645909998677713e-06	-6.2922238832674565846e-06	2.2615883504175157145e-05	-1.2601844199539824387e-05
-5	-8	-2	-3.9296320835187619958e-06	-1.5818806327298794086e-05	5.9467882315722433331e-06	5.0821658194233724912e-06	-1.3963072717492068766e-05	1.9218352540553493556e-05
-5	-8	-1	7.1977477995655274678e-06	1.0821272279978608478e-05	-4.9581404752739503429e-06	-5.1877772301311277946e-06	3.6763848043639641332e-06	-1.2604143558844021729e-05
-5	-8	0	-6.4292728559302063997e-06	-5.621233798610524894e-06	4.0182955349563792116e-06	3.5132711241315782705e-06	-5.464392729747258319e-06	3.9992407433662619811e-06
-5	-8	1	6.4804498710785910976e-06	2.4686926342256512032e-06	-2.6824396846220566511e-06	-2.4042152186929857475e-06	1.094273187841650482e-05	-6.8902585784156308109e-06
-5	-8	2	-1.2002989830155525685e-06	1.1651407373743381009e-06	-1.7347998456972958029e-06	3.4477931768145022943e-06	-9.9399468403280651622e-06	1.6704024550693852947e-05
-5	-8	3	-3.1840815903928615689e-06	2.7542579547374236916e-06	1.8493619085475715664e-06	-7.7723706876416312478e-06	-3.7517089452791185918e-07	-1.6135891909148645959e-05
-5	-8	4	2.9846287260515330571e-06	-5.3185983733514561187e-06	2.353374267901599792e-06	7.358463277169181727e-06	8.4375344433676154819e-06	8.0686785876490439408e-06
-5	-8	5	1.621411743905071838e-06	5.5540463955998225162e-06	-4.6568716608227607375e-06	-4.0541115336936074139e-06	-5.8295829134113456808e-06	-9.3253205830994957898e-07
-5	-8	6	-1.738583765290049327e-06	-1.3728730046563138728e-06	1.977655849554567683e-06	1.9584257347134061722e-07	1.1880546616643826479e-06	-8.8293740591847414162e-07
-5	-8	7	7.1479639107018978281e-06	-4.5853395487186818908e-06	-3.7561109815636816268e-06	4.6764914654181893671e-06	8.1299024300000503993e-07	2.0693191399645866185e-06
-5	-8	8	9.9763566368376517714e-06	-6.3816311595353443826e-06	5.3774363165792760777e-06	4.4752021866813135317e-06	1.1612659214602808223e-05	4.866827119717235044e-07
-5	-7	-8	-4.1190060705552682867e-06	-9.1328741211592956443e-07	7.6485884344769787557e-06	-1.2643541773585897735e-05	-4.1181360860703133085e-06	1.1633903684460116695e-05
-5	-7	-7	-7.2353151942085353323e-07	1.488234851419012906e-06	-1.6931052537110575146e-06	5.0991119972588602787e-06	2.2099134818688100535e-06	-6.1621368911295841157e-06
-5	-7	-6	-1.7176238554819432236e-06	-7.1608304893393672107e-06	5.7860362912271503017e-06	-8.6901017888525642328e-06	-5.3190224601967225245e-06	1.6105810828110795214e-05
-5	-7	-5	1.1071457544551840214e-05	1.0725173855195290176e-05	-1.3109761888447348657e-05	1.1888939546856096085e-05	7.2822090992744475675e-06	-2.7369689220793825033e-05
-5	-7	-4	-1.6272694517005469695e-05	-7.9830109621937530781e-06	1.3715212894871480826e-05	-1.065194189091117425e-05	-3.6607544197682526327e-06	2.861966201183674925e-05
-5	-7	-3	1.0882884353875315285e-05	2.7299530659571423713e-07	-6.1897744500607084132e-06	5.9835847294221372502e-06	-3.6953335396505384722e-06	-1.441668987964451054e-05
-5	-7	-2	-5.6497227121992116673e-06	3.4556783501665815573e-06	2.8382214672663146108e-06	-4.4856983487419132289e-06	4.1905316450659273953e-06	7.0607483451802413493e-06
-5	-7	-1	2.1221156902895179085e-06	-3.1276330683692216821e-06	-1.4896714408999793425e-06	2.3978476539993566862e-06	-1.828783651477352833e-07	-1.1467682361493886048e-06
-5	-7	0	1.419178215650391671e-06	-1.0550415272323782315e-06	-1.013698725464565449e-06	7.5360109088027021074e-07	-7.39594208971159523e-07	7.7613216450178381728e-08
-5	-7	1	1.603862491577570379e-06	3.5458724471041044878e-06	-6.8879480142960162526e-07	-3.0774456244741147013e-06	3.1977488478806399888e-06	-3.8127571357982817408e-06
-5	-7	2	-1.7099606855134077826e-06	1.539040740069553879e-07	1.9919278491662357771e-06	1.2761342110768583486e-06	2.6968457582983062927e-06	4.8512299237863926369e-06
-5	-7	3	2.2455176135259161691e-06	-2.538282404145639825e-07	-4.3629675760401227856e-06	-1.4404734557338028205e-06	-6.4377283215504265004e-06	-3.7841517974031466755e-06
-5	-7	4	-1.0052813419288749502e-05	-6.9432794766208308514e-06	1.5586003933298971412e-05	2.1922607336130057146e-06	1.4709490109162266905e-05	-4.8426430619532782461e-06
-5	-7	5	1.3317676631322968606e-05	-2.1267802913877597056e-06	-1.4188619269812575966e-05	7.6964524977096381405e-06	-6.5463903464146387629e-06	8.6482532054057332675e-06
-5	-7	6	-6.1460657132153394294e-06	4.8364801121510311066e-06	3.0743961128995083646e-06	-7.8923203324873474735e-06	-1.5349259626300229579e-06	-5.1773069611093796048e-06
-5	-7	7	4.3898079114483902227e-07	-2.1179568624627890436e-06	6.3510859147979164681e-07	1.9778310500122139173e-06	9.486662994403910165e-07	4.6500471968164998957e-07
-5	-7	8	3.6691832329484271406e-06	7.3910504032826424319e-07	-4.8926674562656662454e-06	1.3282316985790912745e-06	-1.9878445036396907371e-06	1.6241433864618700039e-06
-5	-6	-8	2.9684916518589710639e-07	-4.5566663898285911101e-07	-5.8180290299704585488e-06	-3.4168769732854573684e-06	4.1779910442366582267e-06	2.8474493793283799773e-06
-5	-6	-7	3.9962773634451215424e-07	2.0376368981684752743e-06	1.404091837208033922e-05	9.4409403654356217325e-06	-1.2320521273457798027e-05	-9.5476895262080156154e-06
-5	-6	-6	-8.9443839582132268957e-06	8.445130729880939063e-07	-1.3300190186619897592e-05	-1.6861562898014251688e-05	2.075384348513091944e-05	1.6157802003857505107e-05
-5	-6	-5	9.7116754628008271377e-06	-7.3892690383709701987e-06	4.730797249555030366e-06	1.5915123945561777057e-05	-1.5388632162266861883e-05	-1.1708879696303161423e-05
-5	-6	-4	-5.1416047644275711734e-06	9.6256592522468262561e-06	-3.69316727859486547e-06	-1.118228158410615755e-05	1.1966756873426761536e-05	4.7413483108507030808e-06
-5	-6	-3	-1.3380725320809992203e-05	7.2149689516529134098e-06	1.2102053866186303916e-05	-3.7513292435805236342e-06	-1.9028988643559559956e-06	-4.5222897655938081322e-06
-5	-6	-2	-5.8985543350022151997e-07	4.0420984185043486121e-06	-1.6967032172968562117e-07	-1.3810743214997999655e-06	1.9836495489396103723e-06	-5.9620230817614707869e-06
-5	-6	-1	7.6831874605448211376e-06	-1.4698107802744779201e-05	-6.0664394682053983697e-06	1.2573642261659594802e-05	-2.0173004934917184348e-06	-1.9513145562336753507e-06
-5	-6	0	-3.7658860960852417767e-06	2.3771756932771219293e-05	3.1382384134043682178e-06	-1.9809797443976015513e-05	-6.0542765831064450087e-06	4.2824667469219891204e-05
-5	-6	1	-4.4536398711242490567e-06	-1.1995019890417193666e-05	2.6845894348811142623e-06	7.3456870105293540092e-06	-6.1606627463345588623e-06	-1.5900977388909847662e-05
-5	-6	2	-5.8905400212272597746e-06	-4.8762192724291649436e-06	5.0262915833510215868e-06	4.9970478860587764995e-06	3.5252469698491479437e-07	2.8005954771034175631e-06
-5	-6	3	-4.7957484237578546614e-07	-1.4808296132972919941e-05	-5.8277996500687635382e-06	5.0204858067002421494e-06	-1.2454890704097170049e-05	-1.4639521941554380576e-05
-5	-6	4	1.1422701269633821383e-06	3.5420631075490057173e-06	1.3016159740570680889e-06	-5.5823825639433419395e-06	3.3802616197898301238e-06	-3.9459949614787563979e-06
-5	-6	5	5.8733787326920785342e-07	-7.7889284253771415945e-06	1.9597422158455942475e-06	1.2478602077360108501e-05	2.9390285322839206752e-06	7.1853940674549884375e-06
-5	-6	6	5.9507677428117785194e-06	8.3736932685238590782e-06	-1.3502517736810939884e-05	-1.0381671092781925565e-05	-8.543544617801124592e-06	-3.4035933690120425764e-06
-5	-6	7	-4.8057107705677681942e-06	-2.3248630397196640074e-06	8.4591249991909311609e-06	-3.0275064398760074918e-07	3.818028020329534053e-06	-1.9201170089319894155e-06
-5	-6	8	9.341161693104535389e-07	-7.0835574611066022105e-08	-9.4628715056751495652e-07	1.0490537009648622332e-06	-1.2589275710660276882e-07	7.4251804159173043594e-07
-5	-5	-8	1.5077854873252625224e-06	-2.4045623153750721313e-06	-1.2092184520299779988e-05	1.2020494364030391365e-05	6.6152493956090729397e-06	-6.0099575304095751032e-06
-5	-5	-7	8.3551880636564034339e-08	-9.0740731167876914779e-07	2.0102633160336855298e-05	-1.4598890863136609997e-05	-1.4418703600695301442e-05	1.1075927267725270303e-05
-5	-5	-6	2.2854621617874067339e-06	5.6733568261127363284e-06	-1.6282180587593369164e-05	3.4330279562684537259e-06	1.1663932021504968268e-05	-7.588653985317658661e-06
-5	-5	-5	-4.370859294491482276e-06	-7.6758586944923090417e-06	1.2088972431282392578e-05	-8.4760314451877426468e-08	-7.7181131367909103019e-06	7.7606190089441869843e-06
-5	-5	-4	6.3526901158595432041e-07	6.8472286024631462347e-06	-1.005784217260979978e-07	4.7144654245046218563e-06	-6.6836323732482048598e-07	-1.4452117533709710325e-05
-5	-5	-3	4.1473890122803096323e-05	-4.9883145733370246521e-05	-3.3694526192003875181e-05	6.2300082853583135171e-05	-1.2965606551332034107e-05	-2.069489520035480877e-05
-5	-5	-2	1.9280711647376527648e-05	3.1072431350100559349e-05	3.9686078053929612863e-06	-2.5291786672076962869e-05	-5.8123298631923720218e-05	-1.4451611695058989507e-05
-5	-5	-1	-4.3470972066473420562e-06	-3.2194992618359683412e-05	-4.4147334997278587203e-06	2.9305940937154128465e-05	4.3809153531876001341e-05	1.4445258406027783205e-05
-5	-5	0	2.8975518137031519643e-05	5.5468496218036270518e-05	-2.8975518137031519643e-05	-5.5468496218036270518e-05	-2.9079100276227941351e-05	-3.3263166957282983287e-05
-5	-5	1	-3.0094697433537866284e-05	-2.0823785912774458458e-05	3.3353419646543891052e-05	2.401589207621834514e-05	1.6293611065030113672e-05	1.596053081721943002e-05
-5	-5	2	8.6693585783888641886e-06	2.6345522710706915921e-06	-1.2414665348509852417e-06	5.3549468248047420654e-06	1.8569730108844697473e-05	1.9973747739688583932e-05
-5	-5	3	3.1559424957880625822e-05	1.2732247238051216994e-05	-2.0834865549886410298e-05	-4.0788536544355484103e-05	1.7874265679990355819e-05	-4.6760482177173771175e-05
-5	-5	4	3.2634838581241134776e-06	1.0751799303985062716e-06	1.3382330169287365491e-06	-5.4136726559306130291e-06	5.7521460938160626393e-06	-5.4231159069151332351e-06
-5	-5	5	-7.7253946613677329816e-07	1.3486883296787499622e-06	4.3412010450194524503e-06	-1.0084135090104508366e-06	3.5686615788826794698e-06	3.4027482066829923152e-07
-5	-5	6	2.7876998399924811632e-06	-2.3545726707870312947e-06	-8.4874006112700078837e-06	6.2641501784368288635e-06	-4.7497506427312724788e-06	3.2579812563748313073e-06
-5	-5	7	1.1156214621710185887e-06	5.1128356700965071205e-06	-1.1032741082130738688e-06	-1.362295660780728305e-05	8.8195385413889802158e-09	-6.0786578126505549612e-06
-5	-5	8	1.1230460483052277124e-07	-1.7351645747158952566e-06	3.1554997350954107417e-06	3.5620956026607175568e-06	2.0423777124537082884e-06	1.1418318924655139376e-06
-5	-4	-8	-2.6907279420254616579e-06	-1.2466679059717767204e-05	1.2848027415435962442e-05	2.3671857174290671392e-05	-4.7423087439520679494e-06	-4.0442541748217324642e-06
-5	-4	-7	1.8666527766758938188e-06	9.0600772249323573794e-06	-7.9417747007932472538e-06	-2.1705928165931536751e-05	3.2048335599705029064e-06	5.931903791294908708e-06
-5	-4	-6	1.2361305684819224006e-06	-3.5164070381230868329e-06	3.4752556202829970415e-06	1.1418036018210718705e-05	-3.3469458872569332557e-06	-4.6816848137045741487e-06
-5	-4	-5	2.8673419442424751019e-07	-5.8203103537457190851e-06	-1.717135867322972629e-05	1.1056811596417816248e-06	1.3450352744159533257e-05	4.9357654260322939547e-06
-5	-4	-4	5.7845645226449959268e-05	-5.8564996248892996298e-05	4.3255399733787952261e-05	-2.0241721138524869806e-05	-0.00011556245626685039457	9.3447966449641115178e-05
-5	-4	-3	-3.8067825332752173702e-05	6.7000224734122779428e-05	3.7094609117581622444e-06	2.2145725034545163498e-05	5.8500427672242745491e-05	-0.00014119467460293151704
-5	-4	-2	1.7788094330547682577e-05	-9.298643240373031771e-07	-2.0102756719928034979e-06	-8.0653510494673567063e-05	-4.0449684482383599447e-05	0.00016363168179944041097
-5	-4	-1	-8.1869887358384564342e-05	-2.3131013927530050695e-05	7.3935894243593239922e-05	7.9616137276468002698e-05	0.00011360585981754986202	-0.00020280947946822174715
-5	-4	0	0.00013354763882368215892	-6.0487075023555712404e-05	-0.00016693454852960269187	7.5608843779444642199e-05	-0.00017816276622985380979	0.00014385828498650506113
-5	-4	1	-3.4176491496056825043e-05	0.00015864672199380764738	5.7769423813677920536e-05	-0.00022710703021150250875	6.0195237774427584035e-05	-0.0001151945108769718252
-5	-4	2	-3.9782692414543161658e-05	-8.580103644127678173e-05	4.8793008764173725021e-05	0.00010394204920979952661	-1.8707135080104547361e-06	-6.6184926835928985648e-06
-5	-4	3	3.9678674147139555897e-05	-1.1900474453339457984e-05	-5.0462161571761116594e-05	3.0640149599575685908e-05	-1.1517585171155595455e-06	2.1019408710535152367e-05
-5	-4	4	2.211382838083958241e-06	2.3964911992403751986e-05	-2.4545107263195351671e-05	-0.00010482248353297127881	-2.1780878715590404928e-05	-7.4866343542466593907e-05
-5	-4	5	-1.7891621491627130985e-06	-5.5045289743966526662e-06	9.2074607358871921709e-07	6.3141171523614194244e-06	-1.0525652902917378095e-06	-4.5323525250751750782e-07
-5	-4	6	-1.5022890610766700568e-06	2.657737541777912519e-07	-1.3406751918979487701e-06	3.4266158376052034535e-06	-2.1456910121625240862e-06	2.5058886868849616525e-06
-5	-4	7	6.8002264015206847849e-07	-8.7938149532551592669e-07	-1.0206671750530828193e-05	-7.9245826003455336381e-07	-5.3466534001947103565e-06	-1.0809629309665417791e-06
-5	-4	8	-7.5191682450423256508e-07	-1.9279484076033540825e-08	5.3945996222944147728e-06	-5.1902879978322620334e-06	2.2273517958320622714e-06	-2.6071936764636520004e-06
-5	-3	-8	-1.1446214120297786468e-05	-2.6221447461315782674e-06	2.5760348082236564669e-05	-5.5919943355617051178e-06	-2.506246705652594573e-06	3.7358383421678758363e-06
-5	-3	-7	9.1288217650679327021e-06	1.1291316793219991009e-06	-1.3596391582265876996e-05	3.1036467846696444574e-06	-6.935620112202901487e-07	-2.136656964374132727e-06
-5	-3	-6	1.358627166259903415e-05	1.4407756121927885954e-06	1.112860293289440803e-05	-1.8601786770261388021e-05	-1.688619451861306383e-05	8.1002470416367034791e-06
-5	-3	-5	2.0737668788679077702e-05	-1.8353322234285650083e-05	-1.4924583132821375915e-05	5.8297877595614052933e-05	-1.1782918908986252831e-05	-1.662540432308278371e-05
-5	-3	-4	-5.4095050105339049921e-05	-3.7745899827952010032e-05	-4.3722931564919570305e-05	-5.7322106435015922701e-05	0.00010041101130536349013	9.0173954611201954565e-05
-5	-3	-3	7.3559086589764660375e-05	6.1678189578835880286e-05	0.00020492466597426121683	7.0267259286251604875e-05	-0.00032752314362386901123	-0.00017306424191764472513
-5	-3	-2	-8.4914624478018714527e-05	-2.4481234523167340144e-05	-0.00024196201948339390061	-0.00014045374266596159763	0.00057522959042013760336	0.00027188370030686073156
-5	-3	-1	-0.00013304512140758958634	1.9378658683739733148e-05	0.00034977417883898953175	6.9400950042039673271e-05	-0.00038409692947902060933	-0.00030509614354481772282
-5	-3	0	-7.7731384076953338388e-05	-0.00017757693470046051303	0.00012955230679492223968	0.00029596155783410087311	0.0001590929229601346711	0.00035854520243124000066
-5	-3	1	0.00032836565993178825707	1.0844726251000499059e-06	-0.00061818191218337471566	-0.00011566725199923167842	-0.00021271743689118269901	-0.00034157939287219479547
-5	-3	2	-0.00011321490982089293161	0.00011675577511465583941	0.00035602377874218701708	-0.00014457219200134739504	0.00025099839356104816949	7.5031149784618512738e-05
-5	-3	3	-6.1293511713488474423e-05	-5.8459712493661479202e-05	-1.2245067299929923531e-05	0.00011449783530900884993	-0.00011440092015574404192	1.7064981152906392499e-05
-5	-3	4	3.5658661613058362293e-05	-2.5944465590557519902e-05	-6.8788843357405645676e-05	-9.9219429689903439787e-06	-7.0183055017312830851e-06	-3.9872039214939659132e-05
-5	-3	5	6.5223558272992920317e-05	2.9360051251231997872e-05	4.3024962592420384541e-05	1.4130988176897063994e-05	9.1038535828445149686e-05	3.7838644157370231863e-05
-5	-3	6	-3.1592480836072402534e-07	-5.1610971656463702117e-06	2.1303118111766105259e-06	8.7701226250251673787e-06	8.0188523195436864574e-07	8.4147007807275739917e-08
-5	-3	7	-2.3768809232051060627e-06	3.3421411295167006404e-07	-2.6653532702628584949e-06	-4.9154205670507336179e-07	-2.8400663466877295812e-06	2.8063484949018566214e-08
-5	-3	8	-1.770809317086278005e-06	-4.3903796005081774579e-06	-7.1835552829253342839e-07	-4.5725368686372315307e-06	-1.3761391462886236829e-06	-4.4586885760565727352e-06
-5	-2	-8	-1.7553645577060687799e-05	1.1990786449652859864e-05	-3.9979797523887566937e-06	-2.0900146119907643365e-05	1.197052342376012053e-05	-2.2692050010561261501e-06
-5	-2	-7	7.8754963375045910519e-06	-1.0703189411714188631e-05	1.3068810197495549174e-06	1.0524315509577510886e-05	-5.998749103860294711e-06	4.6381880056308459121e-06
-5	-2	-6	7.7995645133612029673e-06	1.6429066954462344619e-05	-3.104091462457107478e-05	-1.8155861324652532992e-05	3.8473344470560224539e-06	-7.6389353538344439808e-06
-5	-2	-5	-1.6151138271967275899e-05	-8.3517380741402659646e-05	0.00010664674840526450054	1.7276652245214386999e-05	-2.6507561090138522284e-05	7.6606719843316903491e-05
-5	-2	-4	-4.1630633162984117404e-06	0.00010217182853566044397	-0.00014419497589466013523	4.6876323987870308031e-05	7.7301317092703071489e-05	-0.00015115294766351072592
-5	-2	-3	2.7819054273466220278e-05	-8.8657167320734580544e-05	0.00034663634833391357253	-0.00036474520863041310801	-0.00027745598934505278721	0.0003909254179548330441
-5	-2	-2	5.4279291016690473445e-06	4.6435268927946838377e-05	-0.00046011346491756137606	0.0004672109257293888371	0.00044654364216338879963	-0.00058329909804925590255
-5	-2	-1	-5.9760033745934581763e-06	0.00011098804961957722066	0.00024320551168897702396	-0.00039509841240977926387	-0.00045653100650498674518	0.00023525657672167243797
-5	-2	0	-4.5557533137562699938e-05	1.6003516038367330356e-05	0.00011389383284390674307	-4.0008790095918330971e-05	0.00036043800469851255529	0.00020412617226818808073
-5	-2	1	-0.00011361134738516481693	-0.00029025846240783191241	-5.9762177848976968085e-05	0.00061333439417114320093	-0.00068758109262377804793	-0.00022462352369687326858
-5	-2	2	0.00012095103856132838024	3.2224977339222459502e-05	-7.4933051921102910718e-05	-0.00041255342487848034507	0.0002274445444822180331	-0.00033199098153042420987
-5	-2	3	-2.0565640872263600157e-05	0.0001424026909591756681	0.00014418204311135942208	6.4601904546741708581e-05	6.1845293953800281129e-05	0.00028040575462978721642
-5	-2	4	-6.2669554809272585722e-05	-5.156490282556178389e-05	5.6792404711852805554e-06	4.1134436772982293487e-05	-7.5497323275998078746e-05	-4.3888910145461076343e-05
-5	-2	5	6.6081388278825960668e-07	9.4327565101646476681e-06	-8.9071255446433555519e-06	-3.4831308867877535252e-05	-2.9020363350690824235e-06	-4.4997670369863664329e-06
-5	-2	6	-1.706901712386778095e-06	-2.6752253980735502427e-06	8.5914625737478346972e-06	6.9600390193572899791e-06	1.4414027642602963454e-06	9.0658508057804976049e-08
-5	-2	7	2.5594935048379620284e-06	1.1568019451100294179e-06	-5.0933368742359407517e-06	2.4295702091451986331e-06	3.7297053938827538366e-07	1.5204500205486491332e-06
-5	-2	8	-6.4525666207359372669e-06	-1.1550670693944670963e-06	9.7268880100748983755e-07	-5.7240991047441388753e-06	-3.7896819377080885442e-06	-2.1529416945575768128e-06
-5	-1	-8	3.8762387234656049185e-06	2.8718732686359844356e-05	-9.017211796999789251e-06	4.4894871636815473603e-06	-1.2954977275410292059e-06	-1.8510393824435096566e-05
-5	-1	-7	-9.1545316021354848776e-06	-1.360084548722042912e-05	7.4981650268373560493e-06	1.2518536854727134738e-06	5.4677847119771529828e-06	9.5360533929470611572e-06
-5	-1	-6	3.497916678499119142e-05	4.930818466515351936e-06	-2.4700035300245752617e-05	3.6252594280347037433e-05	-2.503263310411836572e-05	-1.0151114435487300648e-05
-5	-1	-5	-0.00011000618296843306485	1.8114759005650864378e-05	2.1119053519433163762e-05	-0.00018644873781705197601	0.00010578237226454643006	1.917498855775952608e-05
-5	-1	-4	0.00011022434737553620725	-4.1879340651333743701e-05	4.0428236985015466914e-05	0.00034087543599913266296	-0.00014788749346567414103	-3.2869683185615982725e-05
-5	-1	-3	-9.184678679685240267e-05	5.9785305132118178443e-05	-0.00025864395561205018098	-0.00067129707773389891458	0.00023929262986543739359	0.00012412351735776935434
-5	-1	-2	3.9125592146135323188e-05	-0.0001256383217244889472	0.00037214971009864487384	0.00074219407154808858269	-0.00028388883541466072456	-5.7001231462821957215e-05
-5	-1	-1	-2.5390077090986205459e-05	0.00015790642833871722673	-0.00022653144301894995172	-0.0007081667211639620799	0.00035348182847388102306	-8.1365420529624094405e-05
-5	-1	0	-2.9720288528669701271e-06	-4.1185454297734928485e-05	1.4860144264334851483e-05	0.0002059272714886746492	-9.3527230781833436577e-05	-1.4477294879810956993e-05
-5	-1	1	-6.1147386476001811505e-05	1.2058830275906277273e-06	0.00024625415977332326505	4.1381925861817152852e-06	-5.9482772606685792478e-05	1.0167607724134853075e-05
-5	-1	2	9.2277654907114864424e-06	-1.7793820337093810779e-05	-0.00026883759001558441872	-3.0387499886657443917e-05	-0.00011134938128101349664	-5.9678300786063252293e-05
-5	-1	3	0.00014186720347576312344	-3.1234763477469938014e-05	2.4223109134341593669e-05	-0.00015053853082663473792	0.00024451970883771905222	-0.00010223744940466147825
-5	-1	4	-3.5453820639720099253e-05	1.8201347215464873256e-05	8.8676496596981624343e-05	2.0446580149247517346e-05	-2.2148151650404723063e-05	2.7863329056642967518e-05
-5	-1	5	-2.1220871646483833408e-07	-1.7341451783387565018e-05	-4.2444120225584237491e-05	2.4603544768099843771e-05	-8.7010327615816862611e-06	-1.242074282976759457e-05
-5	-1	6	-5.6088873999784021672e-06	-1.5743529886673688403e-06	9.1174971058597625124e-06	-7.6569624560834038311e-06	-3.154489982338708054e-06	-2.5881212332367081113e-06
-5	-1	7	2.3493059720048303752e-06	-2.182199154643799403e-06	-1.174922923234482672e-08	2.8133366835652331353e-06	1.6763972329702581033e-06	-1.1568084413791089744e-06
-5	-1	8	1.3296821682560331341e-06	3.180530999985759775e-06	-8.2846615130403603792e-06	-2.0136141017093967537e-06	-2.0453133397002441802e-07	1.7361301122774252652e-06
-5	0	-8	3.5177710017876333227e-05	6.809917047418959771e-06	5.3506737933995754939e-06	2.59479454762811891e-06	-2.1986068761172709114e-05	-4.2561981546368500687e-06
-5	0	-7	-1.203376181452984331e-05	6.3433549650508271831e-06	7.7513955667498090518e-06	-1.3029816130998930965e-06	8.5955441532356018802e-06	-4.5309678321791623947e-06
-5	0	-6	6.8039846692960281134e-05	-4.1241425773558053022e-05	2.0232750628625000743e-05	4.4035575710205400435e-05	-5.6699872244133563094e-05	3.4367854811298376389e-05
-5	0	-5	-2.0541730283634246449e-05	0.00011398028157353364378	-0.00016062970303446855516	-0.00010491620644122611643	2.0541730283634246449e-05	-0.00011398028157353364378
-5	0	-4	-8.5045002686437182887e-05	-0.00011393090642684065123	0.00023907743590279639041	9.1154376453055009806e-05	0.00010630625335804647861	0.0001424136330335508242
-5	0	-3	0.00022006286549036926828	5.2273785276517971193e-05	-0.00062019748214412373684	-9.4712865045631870601e-05	-0.0003667714424839487895	-8.7122975460863285322e-05
-5	0	-2	-6.9217938885622010635e-05	-0.00013649259983925372776	0.00075849021034703830065	-0.00014809593275160793692	0.00017304484721405503336	0.00034123149959813429228
-5	0	-1	6.8604400512998128521e-05	7.4124419009684327543e-05	-0.00085478857420622335675	2.3998943386482294991e-05	-0.00034302200256499065616	-0.00037062209504842163772
-5	0	0	-1.12097471376775846e-44	-0	0.00031182208319518257876	-4.6471225048620184062e-05	0.00039384422427744320743	0.00018742541049932007137
-5	0	1	-0.00012017908618807215753	1.4183494109087650482e-06	2.3017192866204425256e-05	-0.00016632511907894106137	-0.00060089543094036081475	7.0917470545438248173e-06
-5	0	2	7.1611269450626825425e-05	-6.6736305970395320736e-05	-0.00026607539692221607221	-5.9434053253684435256e-06	0.00017902817362656708389	-0.00016684076492598829506
-5	0	3	9.0894120528218564281e-06	-5.1162179795105054114e-06	1.1510611427208689871e-05	-3.5531928684350302884e-05	1.514902008803642851e-05	-8.5270299658508420701e-06
-5	0	4	-1.7890861717208239693e-05	4.4086618838796868061e-05	2.8780337830090398511e-05	-8.4066107297161218534e-05	-2.2363577146510300463e-05	5.5108273548496085077e-05
-5	0	5	-3.6349573811270780385e-06	-3.9402095322314858916e-06	-3.7705780001004650722e-06	1.7778428614659801121e-05	-3.6349573811270780385e-06	-3.9402095322314858916e-06
-5	0	6	-3.1676990833772442597e-06	2.3781098419293502343e-05	1.2023542813321838146e-05	2.5008694700616526262e-05	-2.639749236147703691e-06	1.9817582016077917489e-05
-5	0	7	-1.8910053660905679015e-06	-1.5944798365089543133e-07	2.6546183715273836807e-06	1.1391778544357363646e-06	-1.3507181186361199599e-06	-1.1389141689349673855e-07
-5	0	8	-6.7376248451808153846e-07	-2.7401942885534941742e-06	3.4760853343348822131e-07	8.0802985840071289518e-06	-4.2110155282380100124e-07	-1.7126214303459339118e-06
-5	1	-8	1.9476632261913073602e-05	-4.0772206564670338881e-05	-3.6654141757896243907e-06	-9.4702766697062312458e-06	-1.2631071935669374156e-05	2.4298844519205682895e-05
-5	1	-7	2.7588443941657902393e-06	1.8265600580389916439e-05	-3.4727363114470435733e-07	-4.7158635278615235298e-06	-2.0202136574248078153e-06	-1.3720552347115872851e-05
-5	1	-6	-1.7836150585267996363e-05	-4.1108321260494708291e-05	2.7448459892332243229e-05	-1.0854024180091963016e-05	1.9438202136445371405e-05	3.2447930353730262791e-05
-5	1	-5	9.6610737475173849619e-05	6.0014856031212154386e-05	-0.00012352924440501696578	4.9358369580431766697e-05	-0.00012131658635617723735	-5.0143182115125799691e-05
-5	1	-4	-0.00015077995353159469403	4.6089265752681380021e-06	0.00023591127268698399398	-0.00019080561645298447062	0.00024745276008623933893	-5.3462562332331291215e-05
-5	1	-3	0.00010331381922612446994	-0.00019980419639782959922	-7.2040360135416708562e-05	0.00068175275027962910224	-0.00019620315208867969512	0.00056025791075625902375
-5	1	-2	-0.0001842589033324597747	0.000162342217128731795	-9.6636779070425875434e-05	-0.00039893991078107068947	0.0004123288687959365058	-0.00060532549821236479159
-5	1	-1	0.00017024613812378488011	-2.0487133212190060318e-05	0.00022083970785610640311	0.00046659062372091401807	-0.00063039098276281805167	0.00056902628978186433999
-5	1	0	-1.0432836036838719472e-05	-1.3637488980208095374e-05	-5.2164180184193599055e-05	-6.8187444901040476872e-05	0.00059084139470892585271	-0.00070912506762230067409
-5	1	1	-8.8289854074653293498e-05	0.00011119908493713057487	-0.00015019172376659565963	-0.00012504538006928125654	-0.00029125754660667079431	0.0006810408047549341851
-5	1	2	4.2776446426957479008e-05	-8.3679217208483373542e-05	0.00018255845330280217817	0.00019678707284515484666	1.5661889415992611823e-05	-0.00030759157944378583008
-5	1	3	-3.2815525945189415083e-05	-5.3310844555267642439e-05	-0.0001172135889032255052	-0.00012671942143495547317	-1.5621346940907187813e-05	-4.6611600447127577416e-05
-5	1	4	3.1117750211990519008e-05	3.035161974725001429e-05	3.2719952054182403521e-06	-4.9517823189329751403e-05	3.8079188963633591955e-05	5.0318980481394955714e-05
-5	1	5	-1.9730425113336171234e-05	2.3464379931015153749e-06	5.9597892375951709999e-06	2.5933931208080972664e-05	-2.0922382960855204079e-05	-2.8403482485146790732e-06
-5	1	6	-2.5477551757184416052e-06	-6.6198005254033958641e-06	-1.5158669701309138135e-06	-1.3219981759418164136e-06	-1.8704848180768823335e-06	-5.2961674085125275041e-06
-5	1	7	2.7743348616984349853e-06	1.8488085315958880104e-06	1.562081365495685478e-06	-1.4392052725880830998e-06	1.7585132775709268523e-06	1.526178275795360299e-06
-5	1	8	-1.7671199176663789521e-06	4.6441382635693650909e-06	7.7880933733685673475e-06	5.2720831327592848897e-07	-2.0779616202125577899e-06	2.8366853755713621339e-06
-5	2	-8	-4.1265687346316242236e-05	-3.3441621051273932516e-05	-1.2101499705035307063e-05	6.1778799241609296797e-06	2.2765679665188824632e-05	2.244548313808644236e-05
-5	2	-7	1.8949936067979968946e-05	8.3101543918700501246e-06	4.0194316910104887891e-07	-3.6220593315379641555e-06	-1.3420827714528248554e-05	-6.9706986603465972326e-06
-5	2	-6	-2.0179914390754575502e-05	-4.7445335337348371263e-06	8.6093507953384138236e-06	-1.153880263677290591e-05	1.9686378924074952553e-05	1.0751039918806186079e-07
-5	2	-5	0.000108650105358167745	-4.8682427154676260095e-05	-1.8901679311888073209e-05	4.8288935161214269914e-05	-0.00011621077708292296615	6.7998001219161959929e-05
-5	2	-4	-3.1786154430524259963e-05	0.00015424481214149004062	4.3440787777890213907e-05	-0.00010906431469653972627	6.1453086927100428519e-05	-0.00024733817252513241392
-5	2	-3	-7.3697931251541642385e-05	-0.00018329960592187205157	0.00018035601395969286394	0.00025946343508665521346	0.00024306722805903129068	0.00047847496659422355256
-5	2	-2	0.00015695624655144677258	0.0001868267456958110518	-0.00032053060964942417391	-5.7318365240908334486e-05	-0.00071292122602804105114	-0.00052438522948043599786
-5	2	-1	-0.00011395213561285133454	-0.00025106879209890444133	0.00011665381777343267991	-0.00011422436699013231688	0.00080306831361112197831	0.0010268952265142577626
-5	2	0	-4.6759609000662555913e-06	-6.6949028286901822879e-07	-1.1689902250165639825e-05	-1.6737257071725454132e-06	-0.00061585597206552974547	-0.00055851678001474279554
-5	2	1	4.3558793510376654352e-05	0.00024570139616819782705	-0.00017747555002125471493	0.00029080375114844879371	0.00057274506759439269485	0.00064689947854409143944
-5	2	2	-3.1897282838258181727e-05	-0.00016643328014956317203	0.00025537660570779509382	-0.0002474083025845624003	-0.00033511981280344053458	-0.00016867489778934552976
-5	2	3	-3.3088900828284687069e-05	8.6526717212645642041e-05	-4.9447625090276201378e-05	0.00016948269314952542201	-2.2183084653623677529e-05	3.1222733254725804541e-05
-5	2	4	2.8287034363311121764e-05	-4.7098399360427169495e-05	-1.8055986335111229071e-06	-1.1859453642326114346e-05	3.626159227089446207e-05	-5.294327237937090046e-05
-5	2	5	-8.0120367765080595804e-07	6.0011741267802060527e-06	7.7789611488864704485e-06	-1.1672823073579931716e-05	-3.9127881372053941586e-06	1.0670303356212179247e-05
-5	2	6	-1.2877847123565499228e-05	-9.0929244839194178289e-08	-8.8339146564131242707e-06	1.3919890794164380907e-06	-7.7869010508335415488e-06	-5.3977073050480783667e-07
-5	2	7	9.4905687631603783901e-07	-3.7374629802285554569e-09	9.6461158613457547216e-07	-2.4123947350221546116e-06	4.022944584730054417e-07	6.865860221633095718e-07
-5	2	8	3.6311948987971405681e-06	-5.1637115546963489484e-07	3.7633259858630649092e-06	-6.4452594466262474568e-06	1.3286653152824466807e-06	1.2885828894880399623e-06
-5	3	-8	-3.9762471495259871061e-05	3.2087304589082450874e-05	8.9060655435581915362e-06	1.2965636479915300291e-05	2.8191319263371743145e-05	-1.5192451688208292917e-05
-5	3	-7	1.3041147946118327567e-05	-2.2170311023407254298e-05	-4.2692781828844842844e-06	-5.0666845604171764538e-06	-1.1144796325606442253e-05	1.3664500205112105655e-05
-5	3	-6	-3.9343767877067987494e-06	-2.7042336551890983342e-05	-1.047637544359704657e-05	-1.8981936926688224238e-05	-1.9595403987095246097e-06	1.3044311996565041795e-05
-5	3	-5	-1.9158885198453042719e-05	-0.00010162972161943261036	-1.5755640203168500913e-05	2.3286579772630434606e-05	9.7055010765519408162e-06	0.00011560166948301087858
-5	3	-4	9.7051921746927201059e-05	6.4141301814658126289e-05	-1.6137486268408719471e-05	-7.939129872998405401e-05	-0.00013341801688496554177	-0.00013972010131581069159
-5	3	-3	-0.00017922040399392306746	1.8448050180537497187e-05	9.2565135687515740079e-05	0.00014085229942596594094	0.00039126580901072084348	0.00011010554912507009874
-5	3	-2	0.00022456716867746498727	-8.6298256624673327117e-05	-9.176025839300408504e-05	-7.3039506624864676196e-05	-0.00069905830928316853475	0.00010618638162438629672
-5	3	-1	-6.69037560234687971e-05	8.8180285612877410024e-05	0.00015713641558590750566	4.3171285107046238462e-05	0.00080592802687506654314	-0.00031138757274324832796
-5	3	0	-9.7321995169466688738e-05	-4.2369982255120353814e-05	-0.00016220332528244448575	-7.0616637091867260874e-05	-0.00046309772534033395329	0.00029336404860254305677
-5	3	1	0.0001507288197148647633	-5.6535238673906571295e-06	0.00016419539977795442952	6.5433407249175973329e-05	0.00026105789924046044663	-0.0002245678410844812302
-5	3	2	-0.00014095616051292914409	3.2529039366777170982e-06	-9.3220022033275965899e-05	-4.0165915748201422969e-05	-0.00021256036823240890459	6.8381133463996427412e-05
-5	3	3	9.2087141496979485413e-05	9.2358735617992086965e-06	6.2480941016912217847e-05	-1.6068237273321093838e-05	9.0997628144720262358e-05	3.1461359876319773305e-05
-5	3	4	-2.4395944359182212185e-05	-1.6365520140078787672e-05	1.0761151764302814623e-05	3.5213338379017260021e-05	-3.8565794272204879164e-05	-4.6866903959361427064e-05
-5	3	5	2.522064553876141507e-05	3.1045281336369219486e-07	-1.9498449754896139062e-05	-5.4556421157926876346e-05	3.691971539169910325e-05	3.3044305508119816838e-05
-5	3	6	2.7394422317676301377e-07	6.1839468595089558769e-06	4.1269910903772584314e-06	-4.5857341181467097904e-06	-1.8352086925413268983e-06	7.4461561086641513181e-06
-5	3	7	6.8429932283056899123e-07	-4.9519299163835730125e-07	-1.7456241137129317243e-06	8.6749156572541125197e-07	1.2369098507559486503e-06	-7.2549137933828859375e-07
-5	3	8	-2.0293941985474605523e-07	2.5506209194577657782e-07	-4.0023099590763346224e-06	-5.9298284267995804165e-06	1.3740290972444091162e-06	2.3830994675159531497e-06
-5	4	-8	2.1136435497688298228e-05	3.2923691393307151921e-05	1.9056971177363337094e-05	-1.3365490371948617704e-06	-3.6817865973735186925e-06	-2.1245581639414401048e-05
-5	4	-7	-3.1927590502111320833e-05	-2.7612678530667988567e-05	-1.0292532268471488058e-05	9.6203799742494484784e-06	1.6923974776667235023e-05	2.522070179290539048e-05
-5	4	-6	1.1657766657185769646e-05	9.9263987671146516542e-06	2.7846550519234400797e-07	-4.090806695001492588e-06	-9.5291618775265790527e-06	-1.0999203435929871437e-05
-5	4	-5	-1.5993075469566351302e-06	-1.1170941595075411623e-05	2.9101815269546944417e-06	-7.3600575333630146652e-06	3.9274527685203906413e-06	5.2828955683850000599e-06
-5	4	-4	4.4851795137524793874e-05	-4.1010639266883313833e-05	-1.0548316575037409174e-05	-9.0596787199675143221e-06	-6.6613060496943399822e-05	4.2203620363636629663e-05
-5	4	-3	1.6467726874439246484e-05	8.5279991439806128884e-05	9.1753550246946938285e-05	4.6666497368827950258e-05	9.4891855538530505776e-05	-7.9911322574572956831e-05
-5	4	-2	-4.8287501502749566025e-05	-7.2354440868312687386e-05	-0.0001128517420731000925	-2.8819018560286160875e-05	-0.00010498473038932627332	0.00012324806505020939672
-5	4	-1	5.1149802824015346887e-06	1.0906964508395877294e-05	4.8199889896059562209e-05	-3.6227461734643464145e-05	0.00016722465817223058047	-0.00019944466948055325321
-5	4	0	6.7977885864221157438e-06	7.4830469438395870864e-05	8.4972357330276451033e-06	9.3538086797994841968e-05	-4.4716510705997108272e-05	0.00014300770947482395034
-5	4	1	-5.3073449402640553629e-05	-7.8383371368946172411e-05	-8.0922671520918727805e-05	-7.1180804073455922524e-05	5.8323439070472156626e-05	-0.00010719364055090717196
-5	4	2	3.6990707079405466744e-05	1.8839783820237888977e-05	6.3879049385269504047e-05	-6.1454737125800670122e-06	-3.5281331072025348011e-05	5.939040697575485308e-05
-5	4	3	-5.1567125505771607355e-06	-1.4480364118508677119e-05	-3.3514117868205211398e-05	1.2176799934000473498e-05	3.6090969573311681203e-05	-4.0369673442848428787e-05
-5	4	4	3.735385387741585613e-05	-6.4128525092122084711e-06	2.7475299721543767535e-05	-6.9053540132416770642e-05	1.9217017625226052627e-05	6.1037474495901519159e-05
-5	4	5	-8.3433457096717520996e-06	-8.1370260334698202392e-07	-1.2337376612928979255e-05	4.2557663558224960013e-07	1.5265555806714313042e-06	-1.1541639118127816405e-06
-5	4	6	-4.0013541598171669084e-08	1.4377086282016719542e-06	2.5662982508856696161e-06	-2.399750364745524759e-06	-1.7442101185889229803e-06	2.7979240999984098011e-06
-5	4	7	-4.0669884863374055535e-06	-2.7782886024705506146e-06	2.3696033356322462143e-06	-1.3371493870003972376e-06	-4.2590508248880013195e-06	-1.2204064949073091301e-06
-5	4	8	4.0689822143586909129e-06	1.4482718196148365649e-06	-2.7882422221475115274e-06	3.1348597475231432546e-06	3.9372349950479380078e-06	-6.6225998650229869485e-07
-5	5	-8	2.0162318330598911863e-05	-1.6686504628253830876e-06	2.1635284288490610749e-06	-1.0297893290477612362e-05	-1.1249243688593657325e-05	-5.393276767282643667e-06
-5	5	-7	-3.4800178324139131793e-05	1.4016870211457795094e-05	5.8288317164478435319e-06	1.3579846111958477988e-05	2.9020721457562128378e-05	-3.1216007107094070686e-07
-5	5	-6	1.4350381942290252565e-05	-1.5876050673106920574e-05	-5.6185450889193989403e-06	-4.1142265871931492632e-06	-1.6640772526008041368e-05	9.8015200715948099902e-06
-5	5	-5	-1.2223667274869236263e-05	9.0729314151492015906e-06	5.5714693610619700601e-07	2.0230013985051426418e-06	1.278081421097543401e-05	-7.0499300166440589488e-06
-5	5	-4	1.1569090690812109583e-05	2.7764592623388689153e-06	1.0056887448106240808e-06	4.2295436689853647814e-06	-1.3204252432501857036e-05	1.8163555083081199385e-06
-5	5	-3	8.5391854744726653392e-05	5.0080948967415731042e-05	8.9083574753529994159e-05	-1.0586747921512513679e-05	6.1528666813389035358e-06	-0.00010111282814821373217
-5	5	-2	-2.9808939688698018816e-05	-2.1558252784150554762e-05	-3.517753668318255347e-05	1.4576651642830103559e-05	-1.3421492486211340024e-05	9.0337261067451645803e-05
-5	5	-1	2.7107459534245459173e-06	2.5345349622208834323e-05	-1.603513709913914296e-06	-3.8968620364215113836e-06	-2.1571298316692302761e-05	-0.00014621105829315173192
-5	5	0	2.4373736355929317906e-05	-4.63221932213321038e-05	2.4373736355929317906e-05	-4.63221932213321038e-05	4.1938967641264035535e-05	0.00013411779086981170071
-5	5	1	-2.3041821593215331088e-05	6.0143374866068758852e-05	-1.1931833479513682971e-05	7.6595686670370610109e-05	-5.5549940568508230417e-05	-8.2261559021509235955e-05
-5	5	2	1.2803881145529880128e-05	-5.359716250623310183e-05	-6.04677420199671656e-06	-6.7413588118259834743e-05	4.7126638368816489602e-05	3.4541064030066832282e-05
-5	5	3	5.0907598635134267097e-05	5.89302905243375787e-05	5.6797777674612699933e-05	4.944899677701797237e-05	-9.8169650657973841086e-06	1.5802156245532674957e-05
-5	5	4	6.8320905814730575428e-06	-8.3687971447082627372e-06	6.6667465147672017977e-06	-1.2104883704546691263e-05	2.066800833823193902e-07	4.6701081997980373512e-06
-5	5	5	-2.0865933086328241723e-06	1.77393126292720925e-06	-4.2314217762192279606e-07	5.4941657324279808124e-06	-1.6634511310109014292e-06	-3.7202344695007717742e-06
-5	5	6	3.6424207628455394024e-06	-1.5591435650368116138e-06	-6.435475510184613733e-07	6.8530912854202728869e-08	3.5716402615533336621e-06	-1.3563953982425119699e-06
-5	5	7	-3.5241219529934826882e-06	7.9914984982717077443e-06	-3.3507169150719880686e-06	-4.3348959455780176125e-06	-1.2386074137249643665e-07	8.8045674598926610901e-06
-5	5	8	-5.977306217589103085e-07	-3.9971911791206309479e-06	2.3202484838209668225e-06	1.9064244222572917046e-06	-1.8237369409874231142e-06	-3.6897597508612018166e-06
-5	6	-8	3.5458857215202920911e-06	-5.3932241107043577533e-06	-3.4490193737034818319e-06	-2.0763065039373282564e-06	-4.8029431062277939309e-06	1.8135351912372271918e-06
-5	6	-7	-1.006287050263089531e-06	2.0897829008321066392e-05	9.7896662935642256585e-06	1.453111635634575771e-06	9.1099190018143997455e-06	-1.3681496461113982658e-05
-5	6	-6	-6.7880182148307735784e-06	-2.4167463327434969116e-05	-9.5589725472693674087e-06	4.8548896678013674834e-06	-3.9022907015770546817e-06	2.4994442440663839771e-05
-5	6	-5	1.3423331777833356172e-05	1.2491758164571249026e-05	4.0714704980000654614e-06	-4.6189778158613146048e-06	-8.5375671802332772794e-06	-1.8034531543604826891e-05
-5	6	-4	-1.2461954812125422977e-05	-7.8692154241264849107e-06	-4.8326684270029741908e-06	5.4003560335850520767e-07	8.3284408746523174344e-06	1.0646572685195863421e-05
-5	6	-3	-1.2446220346149494809e-05	1.7015222447976233378e-05	-1.8305160708270664158e-05	1.1115778361011899235e-05	-1.5866620839625501376e-05	-6.1271473579365930343e-06
-5	6	-2	-2.3728945386809497565e-06	-9.4103604622617743425e-06	5.7463740027958324291e-07	-1.4932608342259301303e-06	7.6561485475411239081e-06	1.9046118652976645042e-05
-5	6	-1	1.375463334484406942e-05	-2.2266836259832832776e-06	5.6366668995176142726e-06	-5.009871401105251474e-06	-3.4953165327114664852e-05	-1.8925810276715091185e-05
-5	6	0	-2.9340178802570291057e-05	-4.048713919891856652e-05	-2.4450149002141908085e-05	-3.37392826657654721e-05	4.1743004159339698665e-05	-7.4934075546700964378e-06
-5	6	1	2.4142141341945400995e-05	1.5732629485637966645e-05	2.5109523806296941018e-05	1.3495057563729109955e-05	-2.9946436128054641134e-05	-2.3071979541848315918e-06
-5	6	2	-8.4113781323460150009e-06	-5.5420614035198263603e-06	-1.189747340507128629e-05	-6.0466399867565205365e-06	1.4663974884348822216e-05	4.2847664514699961323e-06
-5	6	3	-7.3685707905581296814e-06	1.1457193970679222287e-05	8.879719091456041889e-07	1.0342298728912707333e-05	-1.4056895135888091886e-05	-1.5892741733600438345e-06
-5	6	4	-3.8780584822428199257e-06	-2.6206885954842694706e-06	-7.0700290243417806594e-06	-2.6384757214097100898e-07	5.7574704337091462937e-06	-2.8800893861438799807e-06
-5	6	5	1.8169689807747743163e-06	2.1085953318379588147e-06	2.5028973491744237947e-06	-1.4958703713449432981e-06	-1.1865078382345341527e-06	3.903639777451891196e-06
-5	6	6	-2.5401654591769468828e-06	-4.2845386757416231059e-06	-2.5781749023738941649e-07	-1.7481794492088780477e-06	-1.8589870590767330035e-06	-1.8222694472424743288e-06
-5	6	7	5.0173035001135674301e-06	1.4942458872043754304e-06	-7.8241375434439905852e-08	2.4220993461638521973e-06	3.6508522504534966362e-06	-1.0087666629944625928e-06
-5	6	8	-1.4933019491287269194e-06	4.8284668826075413192e-07	5.6105589265414846743e-08	-1.3891956578833594316e-06	-9.753929101545154547e-07	1.3436759235754908664e-06
-5	7	-8	-1.5465899812509257991e-06	-1.8717985566403499948e-05	-9.9315373163386716813e-06	2.4127601008835329791e-06	-7.7234764135145095467e-06	1.3809906067275277871e-05
-5	7	-7	4.4334373915937603405e-06	3.9490549389259626872e-06	1.9227378373021791752e-06	-3.3149708093593417772e-06	-1.2440031566933638949e-06	-6.1357243371636002345e-06
-5	7	-6	-1.4919494896751303147e-05	-4.5661748136402590892e-06	-7.0250926237045473494e-08	7.5896821579384929316e-06	1.2350953000016199259e-05	1.2659774862295124893e-05
-5	7	-5	1.9964387671897564899e-05	-3.6091364599836001784e-06	-5.6667933020137813878e-06	-8.7457009162040751283e-06	-2.7897898294716857656e-05	-8.6348448227021048319e-06
-5	7	-4	-1.7249313786281992509e-05	1.3352705173362121931e-05	4.5703282125664096108e-06	5.1504383549896960191e-06	2.9559716604843708091e-05	-7.6776143454706841687e-06
-5	7	-3	1.119259737252556996e-05	-1.2925301739867727023e-05	1.7052272876838609264e-06	-5.3037081601400311615e-06	-1.4675465282946940893e-05	9.1668505261194703515e-06
-5	7	-2	-7.1284812648792695685e-06	1.2457324751654603827e-05	-1.6794362579922053785e-06	5.8095617172932201197e-06	1.194317625922545372e-05	-1.0809845868610236608e-05
-5	7	-1	3.5373080766930712265e-06	-1.3092108271507337601e-05	1.5676337591640956858e-06	-7.74201795861587329e-06	-6.7131040693166865437e-06	1.1266415647225578364e-05
-5	7	0	-3.1178219003027184173e-06	4.4061358289169555108e-06	-2.2270156430733705401e-06	3.1472398777978256673e-06	2.2585080728592701511e-06	-7.9763523214006878048e-06
-5	7	1	5.4262489558978037332e-06	-1.0091232423368329342e-05	4.2398737264101482133e-06	-8.9333686104758276881e-06	-2.5478713053820230622e-06	1.207741815648915558e-05
-5	7	2	-4.8508452386152315689e-06	9.3335317282676348637e-06	-3.3397482274061795145e-06	1.0371404139537435848e-05	-4.3799430061645104503e-07	-1.2966085167711939154e-05
-5	7	3	4.3505179190366320482e-06	-7.0255813969818898873e-06	2.3372430838788292371e-06	-9.1498363843121654153e-06	1.7972960026771175388e-06	9.6403159017585694904e-06
-5	7	4	-1.6289116996755169958e-06	6.0443146381497188309e-06	2.045548042568805217e-06	9.1454282534961635559e-06	-5.6158486990898052156e-06	-8.4491061459311372607e-06
-5	7	5	1.0025743630071570129e-06	-2.4527994400868917371e-06	2.1815812245005317505e-06	-3.6559970935358285533e-06	-2.0516393512935872261e-06	2.6655964908632681529e-06
-5	7	6	-2.0184674048019379201e-06	3.0394547538425842827e-06	-2.5676473936742806429e-06	1.780541345504789804e-06	1.3135324552850457461e-06	4.5558072511323204266e-07
-5	7	7	3.1215396373775016123e-07	-1.0360485914339863175e-06	1.3425435451038654547e-06	-5.1278237052380484133e-07	-1.1195764281483297462e-06	-2.2725233764332825393e-07
-5	7	8	3.8026540262556920559e-06	2.93301813418116822e-07	-5.2387254737580401677e-06	-2.6793785893626659097e-06	6.9605435559480926817e-06	2.5277698990786558369e-06
-5	8	-8	3.4145207467011166999e-05	1.5809743817839848025e-05	6.5911765996667733458e-06	-1.2451200024048656522e-05	-1.4749578067215206876e-05	-2.2332289910198561961e-05
-5	8	-7	1.1824541007721686711e-05	8.1822860465215664519e-06	-3.0367125964695806989e-06	-5.9386867965646994552e-06	-1.1916629401480724866e-05	-1.2631560657875062339e-05
-5	8	-6	-3.7724919497539654171e-06	2.0718438593598739896e-06	2.3177613120337664569e-06	1.3128666272895172606e-06	6.2340917075066593666e-06	2.3952286919461546928e-08
-5	8	-5	6.0024402153842727948e-06	-8.5650300551720777285e-06	-4.0722415010623274769e-06	4.4927916448375930494e-07	-1.2518026617083997435e-05	9.2838767183460915153e-06
-5	8	-4	-2.6261246517437854511e-06	1.7852207609486854116e-05	1.7935800828364755587e-06	-1.1642475260150189909e-06	6.8698159803526831431e-06	-2.4643754563888606898e-05
-5	8	-3	-2.7044517749532143275e-07	-1.932279953586228674e-05	-1.4667968301789264134e-06	-1.5448424407884021919e-06	-3.4607162513182679065e-06	2.8085086051001407082e-05
-5	8	-2	7.4608382536033800611e-06	2.3160696348511576462e-05	2.8951208508336227872e-06	6.1862886494752441125e-06	-7.0716122306739585804e-06	-3.3156586273377961318e-05
-5	8	-1	-1.5758128533774820856e-05	-2.2270058247313211054e-05	-8.0134107356519933279e-06	-1.0438898536486279815e-05	1.4683356783658167819e-05	2.7839102944675816749e-05
-5	8	0	2.0226476716603393284e-05	1.6035197603486086058e-05	1.2641547947877119956e-05	1.0021998502178805057e-05	-1.8652827172658080485e-05	-2.0563131641174451947e-05
-5	8	1	-2.1923622423305746878e-05	-1.1320464027998995238e-05	-1.6546748221180194207e-05	-9.0052595035417319343e-06	2.2755873652912815883e-05	1.5439755888338875896e-05
-5	8	2	1.7465345421837613735e-05	5.5601901000418932103e-06	1.6237695298398589219e-05	5.6157278757221251028e-06	-2.1287417639000319149e-05	-8.5624362527837656915e-06
-5	8	3	-5.4760361092352585031e-06	-1.6862727750762063689e-06	-7.5216982838205836411e-06	-2.2681121868799929985e-06	1.0931135241462791358e-05	3.2378445398863035538e-06
-5	8	4	1.447230717880753782e-06	9.1680069659101389122e-07	2.5648817486808188945e-06	1.9781658650862001276e-06	-3.3207251000106952967e-06	-2.8103308594336328383e-06
-5	8	5	-7.7103077558585864459e-07	-1.5946481192314561019e-06	-1.2741029686414362136e-06	-3.0199591468623131275e-06	1.2675339742404391278e-06	3.2372865157482449868e-06
-5	8	6	4.9001013870560629399e-07	5.264999440521237258e-07	6.2795256804519244315e-07	1.6307183101790920315e-06	-4.2892830847225138117e-07	-1.7355411268620197626e-06
-5	8	7	-1.4354968288109838515e-06	3.3794076049454893516e-06	5.8749333044810235719e-08	-5.1559572707286131457e-06	-1.0924969726304857414e-06	8.3063851700794787857e-06
-5	8	8	-2.3547022871275047362e-06	1.0295734280591957658e-05	7.1837379701931538184e-06	-5.7557693248912549679e-06	-8.6554268996478451255e-06	1.2190603250261228716e-05
-4	-8	-8	-1.3184336187657892821e-06	1.3997738943494884251e-06	5.1922140506531055593e-07	2.1032733907450667787e-06	1.3999540431758403216e-07	-2.8031603379198109913e-06
-4	-8	-7	1.3635815539632959025e-06	-2.0531218077756792038e-06	-6.9207490176564665321e-07	-2.8167026218858865021e-06	1.1753285467427009972e-08	4.3923011723128294701e-06
-4	-8	-6	6.2306523692495935323e-07	6.3914572167381048727e-06	4.5977833485315762745e-07	5.9934899853105602576e-06	-1.0284146044208498093e-06	-1.2252291458239484721e-05
-4	-8	-5	-8.249412453809016753e-06	-1.5065658468450477669e-05	7.4074656977371918231e-08	-8.4886296734972954675e-06	6.4810105118834180791e-06	2.5634334252356054206e-05
-4	-8	-4	1.6740803192439047265e-05	4.1538471240658299103e-06	-2.6227037736163281993e-06	1.0946156725097760254e-05	-1.1495395645206390019e-05	-2.604616057426134703e-05
-4	-8	-3	-1.7627523933632992481e-05	4.0922105529663042105e-06	7.925571228920850814e-07	-9.7492820637592183207e-06	2.1389879583798430322e-05	2.0541804766069507649e-05
-4	-8	-2	1.2281118165933181034e-05	-6.1572502814449716745e-06	-2.1004598334470931389e-06	4.7051306518225769604e-06	-1.6160396998077991207e-05	-6.5060220444003636457e-06
-4	-8	-1	-4.1540923840331470151e-06	5.1174178755107821041e-06	1.0808974397449792663e-06	-2.5188560621944438241e-06	7.9691900181727539298e-06	-3.1882300448757967661e-07
-4	-8	0	3.938493393611682862e-06	-4.1379585225474586909e-06	-1.969246696805841431e-06	2.0689792612737293455e-06	-4.6639764590734640056e-06	-6.219313913653037914e-07
-4	-8	1	-2.3130774368976480632e-06	3.6575723875368120317e-06	1.6004515695984611117e-06	-1.5602014790907475891e-06	3.5513028091970957941e-06	2.148677717421267837e-06
-4	-8	2	1.8039908401747782861e-06	-1.7621785031406314939e-06	-3.3592107328112198947e-06	-1.1419478487670029787e-07	-9.8288612508953230066e-06	-3.9811361457880642322e-06
-4	-8	3	-4.7354390275679565767e-06	-4.7014649361975938065e-06	9.6059732073831069889e-06	1.2342927144528174822e-06	1.9302009849597678794e-05	-2.9771726763892790207e-06
-4	-8	4	1.2867261003136323729e-05	2.6538315443556377714e-06	-1.2382765031782850024e-05	3.0094544652863861167e-06	-1.1898269060429374626e-05	8.6727404749284108519e-06
-4	-8	5	-1.0459421651063571568e-05	3.2145438882116958269e-06	5.6135475596768639848e-06	-7.4028122458681866789e-06	6.1413877463212418974e-07	-9.2728644828197427023e-06
-4	-8	6	3.4859459417602049202e-06	-4.8358707042590863849e-06	7.9118514156802182533e-09	4.0659659263105535893e-06	2.3345130963943767589e-06	2.1973740989080135802e-06
-4	-8	7	4.4087390381837536083e-07	1.9741401037182468524e-06	-6.8812223126164412649e-07	-5.1734220004537035249e-07	-5.3449746211709302072e-07	5.3683183064428919685e-07
-4	-8	8	2.6718642708394236026e-06	-1.9830110648091864715e-06	-1.4189537956980471435e-06	2.3751593260556117742e-07	-8.3021660278335395085e-08	-7.5398959979903208481e-07
-4	-7	-8	4.6502010576229786368e-07	2.1465813954710717353e-06	4.5872542622082858259e-06	2.5885686036159002205e-07	-4.2463575323133990295e-06	-1.2997904505519272098e-06
-4	-7	-7	-4.8028828209155292626e-06	-6.4476095679622196674e-06	-1.1030806888606599166e-05	-6.9064815751057271194e-07	1.3775311357701187074e-05	4.3749964820604122798e-06
-4	-7	-6	1.6480276184840122431e-05	2.6866096246487023069e-06	1.6700218002113590164e-05	5.2461205669240416988e-06	-3.0470438459025937376e-05	-7.911547077843849763e-06
-4	-7	-5	-1.5420969628297099109e-05	7.9833343238062995205e-06	-1.7136027215936203562e-05	-6.9659059876927318067e-06	3.6327213804948361563e-05	3.3656009237247854211e-06
-4	-7	-4	5.3531184456545374416e-06	-9.7213592239933661464e-06	6.8820362542984350512e-06	3.8043930566131283555e-06	-1.7396681890676797934e-05	3.0636713749203912066e-06
-4	-7	-3	3.8443030548111747013e-06	5.181495115654958516e-06	-5.1062023965884635731e-06	-1.9183290990423648955e-06	6.7887348522915154023e-06	-2.4325589231077595082e-06
-4	-7	-2	-3.0270737889423055091e-06	6.3562545991728478499e-06	5.9862003122323331259e-07	-5.4261323761575575977e-06	3.9589774686032946888e-06	6.2789541182057563156e-06
-4	-7	-1	-3.867765895257938105e-08	2.0809465650817425863e-06	-3.8591810900678163708e-07	-5.5606413288923544855e-08	2.8561373988577889837e-06	-7.9345413673045047835e-06
-4	-7	0	-4.2950830164686472151e-06	-1.2304967599311883271e-05	2.4543331522677982876e-06	7.0314100567496480674e-06	2.9383258369945390866e-06	-8.0031726008375104025e-07
-4	-7	1	2.4814187359659152504e-06	1.4515582320968782302e-06	-1.0916844682670466716e-06	1.4363336367406854781e-07	2.2838836659943351472e-06	6.811666474105992279e-06
-4	-7	2	2.174624007839026213e-06	-1.3238927603523461984e-05	-3.5612133985789829077e-07	5.642672333014733822e-06	3.1028233261754081172e-06	-6.728502041495355168e-06
-4	-7	3	5.0129503310444332724e-06	5.695313133035245483e-06	-1.6452819494156799386e-06	-4.2672587998141163346e-06	2.8449425594226584043e-06	-2.3631863555192776114e-06
-4	-7	4	-3.8632155550761330308e-07	-4.665135407347669575e-06	6.144756103714228265e-07	6.902805107502876897e-06	6.890107626423767227e-07	7.4147735307823645713e-06
-4	-7	5	2.5543405621234324092e-06	1.9845849519316905899e-05	-1.0399145773016043665e-05	-1.8076767825580000672e-05	-1.2515331632523715204e-05	-9.4307953403584779151e-06
-4	-7	6	-1.0450472258688161005e-05	-1.1638749360603392773e-05	1.3623999834062876476e-05	6.0308200786078275794e-06	8.9276849672812482703e-06	-7.2320948202646353516e-07
-4	-7	7	6.1023378769443796575e-06	9.9356748588128887016e-07	-4.9567685077111221949e-06	1.9018959645065605642e-06	-1.4697182923143336679e-06	2.4696488135815829572e-06
-4	-7	8	-1.2202085924887503125e-06	7.8701846218727125068e-07	9.4927872144045721872e-08	-7.0446038483257299599e-07	-5.2704240811833514796e-07	-2.2289360563486573292e-07
-4	-6	-8	6.9454145748708330464e-06	9.1383865191293270539e-07	3.9564553234858758606e-06	-1.1969296836774676713e-05	-6.4400487800498229952e-06	8.5200533016245409701e-06
-4	-6	-7	-1.6692743268855180671e-05	5.1573858831226153133e-06	-9.3151658717019325534e-06	2.1797417731257596199e-05	1.7523138329376044945e-05	-2.1630578560005149318e-05
-4	-6	-6	7.7819282603600139933e-06	-1.3556014826614676237e-05	1.08015096785821577e-05	-1.5097846044127765866e-05	-1.5989461852155500927e-05	2.4135189261870883357e-05
-4	-6	-5	2.7427263509393863169e-06	8.2907101490643130481e-06	-5.6147353225137761133e-06	7.3040627611306522862e-06	4.5435013062650222824e-06	-1.5397443432608234198e-05
-4	-6	-4	-5.9848503665707119772e-06	1.3707753499155349498e-05	-6.0496025393975011927e-06	-3.3076282083312442416e-06	1.5059254175666963343e-05	-8.7463111866584835588e-06
-4	-6	-3	1.7042696013419171347e-05	6.1766270226861359196e-05	-2.3564190081622977876e-06	-8.6858076661902423133e-06	-1.8010756668234300683e-05	-6.4983411636768004466e-05
-4	-6	-2	-9.2487885455273729238e-05	-6.1692845358566030987e-05	2.8128698910353361183e-05	2.6363653085581215016e-05	0.00010058967417948737832	4.4294731460388413538e-05
-4	-6	-1	2.0187217276328197333e-05	5.2766732248807205526e-05	-7.9613211807158111073e-06	-3.5783827358270618398e-05	-3.2980942021017926077e-05	3.6360351543948937911e-06
-4	-6	0	-1.2007709520949726427e-05	-6.4967703772897397794e-05	8.0051396806331509516e-06	4.3311802515264927345e-05	5.5215863620575381782e-06	1.0912860646963155997e-06
-4	-6	1	-2.4906657803988501257e-06	5.4638588364024426249e-05	6.4866714740297246587e-06	-3.8654918125775465697e-05	2.8957365722582945755e-05	-1.3375155298555099352e-05
-4	-6	2	-1.9981687260613545349e-05	-1.1892995348882129711e-05	1.8837600771933018021e-05	1.8221093636923136439e-05	1.6549427794571970141e-05	3.0877290213005153282e-05
-4	-6	3	-2.1261401732840365299e-05	-4.6063554957856890003e-07	2.3249068890597512613e-06	-1.3500083898984633834e-05	-2.3698721865667653186e-05	-2.7614348530740692728e-05
-4	-6	4	-5.0856297980128920006e-07	1.1850730484646890003e-06	-4.5413994015873386734e-06	-5.3999613497246259377e-06	-7.3206620821822979513e-06	-6.9148689761222503297e-06
-4	-6	5	5.809719530333449715e-06	-1.5678261875109909058e-06	-7.9485682944199174136e-06	3.162801904282294214e-06	-4.8905063290371419713e-06	2.5411013351299602474e-06
-4	-6	6	-1.0783523540764648424e-05	5.5322602755263373332e-06	1.1747993103685226018e-05	-1.4112604638206994822e-05	4.5589774098421273515e-06	-1.04244311211894366e-05
-4	-6	7	3.9204637099319678551e-06	-8.2593188595707136152e-06	1.2215059659779452888e-06	1.4064494938282818198e-05	3.2872700907993631866e-06	7.3356705987734361474e-06
-4	-6	8	-1.1597126511023225407e-07	2.4804162877841842702e-06	-2.2321243768145112206e-06	-2.044027454912504037e-06	-1.7320789151659995756e-06	-2.9281244729228568091e-07
-4	-5	-8	7.659474124243515031e-06	-4.6900887656375727158e-06	-2.4074766865351890371e-05	-1.4554555310703480602e-05	1.121699222872317439e-05	1.1441641452008460887e-05
-4	-5	-7	-2.7181563929115593581e-06	1.4820317828410034343e-05	1.8928188539777366528e-05	1.6460137093741932196e-05	-1.196690244674865549e-05	-2.0225993826049972645e-05
-4	-5	-6	-4.2787610241439605311e-06	-6.4547435502276892465e-06	-1.0051401685270355227e-05	-6.6014185985798066894e-06	1.1228675420487935812e-05	9.8043445323016323035e-06
-4	-5	-5	6.7915301386074733539e-06	1.265666207007753415e-05	2.075836333249091799e-05	-5.0320339544188810707e-06	-2.6191587443376895318e-05	-5.0932957016431465878e-06
-4	-5	-4	2.0255352476696176429e-06	-1.1150719167266620127e-05	-4.2498874562132334131e-05	-1.8188319030321660857e-07	5.1098057954995807644e-05	1.1378073155145641054e-05
-4	-5	-3	6.4093702154638601954e-05	-3.5736183895869477484e-05	-1.5631460691719832308e-05	-2.5488540709103997187e-05	-5.9405835053318422202e-05	9.0129146376332635346e-05
-4	-5	-2	-5.1140222784544381329e-05	-1.5724123428649459765e-05	5.2431397581653011158e-05	5.0623471419187669133e-05	-2.8798048385043772013e-05	-9.5110431690670246526e-05
-4	-5	-1	0.00019680750985384971971	0.00010296437063604426114	-0.00014274264352772710182	-0.00010224891228436258303	-7.3516821776763423973e-05	9.9387078877635897669e-05
-4	-5	0	-0.00026620225210691184081	2.0786909632325275243e-06	0.00021296180168552946723	-1.6629527705860220618e-06	9.6538927609834786149e-05	-0.00015255636838916206512
-4	-5	1	0.00014671708758487491124	-6.8763094421920320596e-05	-0.00010320256861823984718	7.6060726212939488143e-05	7.0855507248300449727e-05	0.00010525125337701617188
-4	-5	2	-3.8980747876368340525e-05	8.7450807670763736307e-05	2.1195097283912607843e-05	-5.7793187443070356596e-05	-2.4973752542955156362e-05	3.0418646733851577735e-05
-4	-5	3	-3.0541202090099928374e-05	-2.4953756165481938e-05	1.3552864202924630303e-05	-1.3517961932080869175e-05	-1.813349578192552066e-05	-5.5801611440777366523e-05
-4	-5	4	-1.5330830265242530755e-05	6.0316565695615088295e-06	9.0451916652474430216e-05	5.1218844838813643082e-05	9.7734065550350503627e-05	7.0055212618078558447e-05
-4	-5	5	-9.1919386985232245485e-06	5.4853863398351208322e-06	5.0688730326690750107e-06	-6.4008187340878756102e-06	-2.284677926149503527e-06	-2.0125096622197786903e-06
-4	-5	6	3.4490466941349375456e-06	1.9505467252463250006e-06	-2.0943144754430732978e-06	-6.1611913803618550682e-06	5.5410239988739728228e-07	-3.8339616668039957486e-06
-4	-5	7	-4.5725767073890527737e-06	-3.7089257608284761801e-06	1.8179948424417950302e-05	1.4570075338123123185e-06	1.0372776470361935071e-05	-1.0786664820360491998e-06
-4	-5	8	4.2274756977829684658e-06	5.760026541875319978e-07	-8.0314898379218534576e-06	6.1726723544825204507e-06	-2.9059432998096741781e-06	4.1459215486453410688e-06
-4	-4	-8	-1.9005976166329111641e-06	-9.0817108792026153471e-06	-2.3680843763286043831e-05	1.904012643239167332e-05	1.2790720689959476756e-05	-4.9792077765945298332e-06
-4	-4	-7	3.4166216059691174501e-06	3.505898834032450652e-06	1.092612908003524834e-05	-8.1917900069602723876e-06	-8.1958575348596368685e-06	2.6776520988158980136e-06
-4	-4	-6	-1.8751541504120732424e-05	3.60035710496316001e-06	3.844314674110930246e-06	1.4386637068027125205e-05	9.9381512200065336561e-06	-1.1991329448660190143e-05
-4	-4	-5	-1.3007089017530096744e-05	-6.698619426408405225e-05	-3.8010721213953532001e-05	-5.764113710739936702e-05	4.0814248185186898931e-05	9.9701865097186729995e-05
-4	-4	-4	6.0924619134257550953e-06	1.8684372149485049049e-05	6.5010303755800937539e-05	3.8569064160414709202e-05	-7.1102765669226695175e-05	-5.7253436309899758251e-05
-4	-4	-3	-7.0775867040121407075e-05	-1.9127752758996437703e-05	-0.00020279360588619011786	5.7291243321985950107e-06	0.00036475929723508201518	1.7864837902397121331e-05
-4	-4	-2	-8.9757904416770168841e-05	-6.6580508919770247322e-05	0.00042841719688587647299	9.1341821376904769889e-05	-0.0006773185849382125541	-4.9522624914269051911e-05
-4	-4	-1	0.0003321983702858157016	-0.00025684931696300794405	-0.0004718607418272088177	0.00017260137054631095703	0.00055864948616557235598	0.00033699178566678800227
-4	-4	0	2.3000280139880372051e-05	0.00038797358561328931358	-2.3000280139880372051e-05	-0.00038797358561328931358	-0.00053069829229771610813	-0.00040189048284370763268
-4	-4	1	-0.00033672441397772671576	-0.00016408266642856163286	0.00044981273526118885657	0.00019289459051815972097	0.00045235328513384845481	0.00011524769635839243373
-4	-4	2	0.00028171223266365650467	-5.208536156720384384e-05	-0.00039774255922422587428	9.5857672079879989772e-05	-0.00023206065312113879342	8.7544621025352305417e-05
-4	-4	3	1.9542083665413834028e-05	0.00010460422596796763465	-2.930354212967086167e-06	-0.00010111070071566195295	2.2148972603262331047e-05	4.6580336697409109118e-06
-4	-4	4	-3.666800120164939123e-05	-2.524111192412264708e-05	6.0186824030120915244e-05	-8.3520299168789442035e-07	2.3518822828471527402e-05	-2.6076314915810539912e-05
-4	-4	5	5.0933551733067803974e-05	1.0710683227751097611e-06	-5.1848254191964557888e-05	0.0001311979246545278018	-7.3176196711740344928e-07	0.00010581519438184234399
-4	-4	6	-3.8450864119146056157e-06	3.558143369670604834e-06	1.4000729892152619311e-05	-4.5266762375092729358e-06	6.7704289868253416163e-06	-6.4568857855911192665e-07
-4	-4	7	1.6741272274720821359e-06	1.6429465589073938774e-06	4.3421462537190202963e-06	-4.1819053007332153242e-06	3.4378705606806300218e-06	-1.4508335667576122553e-06
-4	-4	8	2.0833156650342023377e-06	-1.0940987278773226051e-06	3.424151802414668412e-06	8.4369769160484752498e-06	2.7537337337244353749e-06	3.6714390940855764283e-06
-4	-3	-8	-4.1898032574359834809e-06	-3.6873500228601274621e-06	7.0290975368047885807e-06	2.2841677423814418086e-05	-5.4100994758380418907e-07	-6.7219540225003436863e-06
-4	-3	-7	-1.2090273529956970733e-06	-4.985592472264300509e-06	-2.9135679397941630542e-06	-6.8685230828474455058e-06	1.9395447473378967189e-06	5.7925627339427913429e-06
-4	-3	-6	-3.5980463081993640682e-05	-1.4630821935475738821e-06	7.4579643937803543306e-05	5.6623295780983578021e-06	-1.3302846580906010069e-05	-1.8557766600174631914e-06
-4	-3	-5	7.4847621679921040073e-05	3.2316833853230110258e-05	-0.00013958725305764598163	2.824270502739556306e-05	2.3874254490650760309e-05	-4.2799090099021425365e-05
-4	-3	-4	-0.00010508306029049158993	-9.5033001049820898143e-05	0.00021015978127029023414	-0.0001730715210151589239	-5.25367756622260789e-05	0.00022483664181119009107
-4	-3	-3	0.00011636419470506206321	0.00015505581880418032692	-0.00028485234570190448361	0.00060579015528621914417	0.00012970008609515504792	-0.00081253124702512628287
-4	-3	-2	-0.00023324849678610013164	6.0113349884713871937e-05	0.00030475361531537000035	-0.00071338479239251831234	9.3665705991452627606e-06	0.00094985048881934971109
-4	-3	-1	-0.0001098659255062235993	-0.00034895120552509359402	5.8433915789805413246e-05	0.00064393769512903530419	0.00026416195465547815746	-0.00053600826328673142809
-4	-3	0	0.0003873439881139005515	-0.00014926459188774400294	-0.00051645865081853406867	0.00019901945585032532822	-0.00054450888409895167961	0.0001555348884770277947
-4	-3	1	1.7126012334353145052e-05	0.00049049032357398141251	0.00021819442241766343472	-0.00077427252047638551753	0.00072308731659040284372	-0.00036085626713323095674
-4	-3	2	-0.00017477140375236129444	-0.00016640480192579704924	0.00011262479578643491511	0.00057480832923110527187	-0.000180605613825070223	0.00052940288999506375511
-4	-3	3	0.00013280497456188248575	-0.00014005993851381938909	-0.00023482270966195266555	-0.00011713517642949965408	-5.7749410246109346705e-05	-0.0003038817611145921819
-4	-3	4	7.6647491285886429867e-06	8.4402068943856668835e-05	3.3429582259133094489e-05	-0.00015114729735528849883	3.2736935822938462159e-05	-2.8958404072609691732e-05
-4	-3	5	1.7262340174519414288e-05	2.102201240472560925e-05	4.162818577392421351e-05	5.8369235035251484348e-05	3.8786783603970059536e-05	5.1839150944931375298e-05
-4	-3	6	-4.8682730583311152757e-06	8.735692070089189491e-06	1.4531379269840933021e-06	-7.1094753476254185374e-06	-2.5189464087286968661e-06	2.269057039580083443e-06
-4	-3	7	3.4906805602782690507e-06	3.6289475775818426005e-07	2.7242459732083958427e-06	-6.1512470211843311719e-06	3.1622085943911805935e-06	-2.4288802903600368814e-06
-4	-3	8	2.8817708812519446783e-06	-8.2108227909511909964e-07	6.0661660503811867706e-06	2.8712707814580611594e-06	3.7156977095189172722e-06	6.66185403499213332e-07
-4	-2	-8	-5.8590218688615903307e-06	-5.9113923765696831645e-06	1.1098406961386855682e-05	-1.0174236356311912357e-06	1.5490919408408132434e-07	3.2100520971926396029e-06
-4	-2	-7	-7.2710420121957508667e-06	-3.6089596505570004411e-06	1.9445115747060176631e-06	3.3257856370460483967e-06	3.59930641419585241e-06	1.1120381897337008312e-06
-4	-2	-6	-6.6294998922318627344e-05	8.707182913222067896e-05	-1.2866752132086421706e-05	-0.0001613779818635612776	4.8485583325574557669e-05	-4.2552254669600315742e-06
-4	-2	-5	0.00012552317243481021596	-0.00013685445491687251102	-2.3424363710661480638e-05	0.00017728926526499385209	-9.1048792463583591355e-05	3.8567857827500478824e-05
-4	-2	-4	-6.7006580305653968546e-05	0.00039717377058292750508	-0.00038537533780694873016	-0.00086639327757346683984	0.00025969424920912830652	3.6022868203805928394e-05
-4	-2	-3	0.00025922692452292272428	-0.00025790532492759373363	0.00057423096174519369303	0.00093618141814006826558	-0.00072845654052735946387	-0.00028024717885658716274
-4	-2	-2	-3.1161133493522343149e-05	0.00042125199768083717829	-0.001120150707918413438	-0.00083237397933657870496	0.0011824729749054581785	-1.0130016025095600797e-05
-4	-2	-1	-0.00033663416794956217866	-0.00020424172328103044395	0.00093804050634539606988	0.00030659207970562134303	-0.00052954434089254342512	0.00020378273371287914393
-4	-2	0	-0.00031632951742442070578	-0.00024032152266500816191	0.00063265903484884141155	0.00048064304533001632382	-0.00088684375377789514266	0.0010034659262992641146
-4	-2	1	0.00043443277873594546941	-2.4745038021179487976e-05	-0.0010425599842654416968	-0.00024040170071535745997	-0.00034738885358710173273	-0.00057978355351543287184
-4	-2	2	-2.4118062826076320203e-05	0.00024034858544680378473	0.00056819966225023351911	4.1271514989727742297e-06	0.0005199635365980808787	0.00048482432239258031574
-4	-2	3	-0.00023691251211572757554	-3.6960417806128580251e-05	-0.00011954633209653967735	0.00022281968538808417349	-0.00039558090421866319185	9.9265899850551337475e-05
-4	-2	4	0.00020782911991619630859	-4.8321774062494921899e-05	-0.00031288662745269213818	-0.00016512775041946692908	5.1385806189850246272e-05	-0.00013088564927222839322
-4	-2	5	8.0044987764490827908e-05	2.4399357400664993035e-05	7.5153149782166125199e-05	-6.5912404594059347896e-05	9.4097250124459112406e-05	-6.8454759170917410033e-06
-4	-2	6	-3.9683691353408460803e-05	-2.313164812239008538e-06	7.3281727032303357102e-05	0.00012582280295168169577	-2.0285518915045203721e-06	4.039882444240122482e-05
-4	-2	7	3.4309816332678280356e-06	-5.9326772344251893322e-07	6.149617104683414725e-06	-6.15613640443603196e-06	3.7175943917768773099e-06	-2.0979062432345914395e-06
-4	-2	8	1.3001933332493094488e-06	-1.2041061752698844918e-06	6.2107531473445614406e-06	-1.7701940346312686349e-06	2.2027849534607950846e-06	-1.0446015962927593517e-06
-4	-1	-8	-1.2196239745514725699e-05	4.7272184482380478454e-06	2.0561937754385397412e-06	-2.0358160445180993729e-06	5.8410956508275452232e-06	-2.109132218554261554e-06
-4	-1	-7	-2.2772515542950236524e-07	-2.2450457925160786519e-05	2.1318582142267813317e-05	1.8443276932200759359e-05	-2.9153830743642579207e-06	1.0194079252634627642e-05
-4	-1	-6	3.6708622046298898522e-05	0.00013871304686658694413	-0.00016115858952772105076	-5.488684275848047659e-05	2.3873502237542410849e-06	-8.3327557451311209881e-05
-4	-1	-5	-0.00023659457792546856759	-0.00020911840788881983291	0.00041296435641170693622	0.00010033675864575859618	0.00010668279105803345598	0.00014722737458190416878
-4	-1	-4	0.00041151422779579950725	9.7498769732222195956e-05	-0.0014014995499140852492	0.00010830612072521158228	-6.113934031727822206e-05	-0.00012457529991352509153
-4	-1	-3	-0.00044906701410446465484	-0.00027432533636118365712	0.0011011570411446700967	-2.0349833942149610639e-05	0.00023170367175772956176	0.00037255039312896138029
-4	-1	-2	0.00081963074677621130127	0.00027728157230726401547	-0.0017699522235096445868	0.00085080979236018213809	-0.00075428538179760041757	-0.00097996804079461909999
-4	-1	-1	-0.00075613406633678968	0.00014203319907320305858	0.0012819308676659171148	-0.00092000723365463722616	0.0017426053976812416052	0.00035187443736182504603
-4	-1	0	0.00010626935582481939261	0.00035285060616520953682	-0.00042507742329927757042	-0.0014114024246608381473	-0.0018680039173663350472	-6.1545757791038299664e-06
-4	-1	1	0.00027007391347563493777	-0.0011890368516865111159	-0.00053976196230897364754	0.0030791156580799909984	0.00054053369159356610355	-0.0016770317486660532482
-4	-1	2	-0.00031294657371859545356	9.0350003164361975113e-05	0.00056610733186629913667	-0.00058763794293280899404	-0.00034283948150404128458	-0.00011311896513768051969
-4	-1	3	-4.2192682251586219823e-06	8.4924991549749888212e-05	3.3387310672045988208e-05	0.00015625585062249664836	5.5034125904705003752e-06	0.0001653186056071654004
-4	-1	4	6.2170803292108553994e-05	-9.4175117618086642119e-05	-0.00038516271070513003784	6.0867823604341531182e-05	-3.4119874384173955466e-05	-7.8958161717001252547e-05
-4	-1	5	7.0155804701787377337e-05	-7.7717582375930223805e-05	2.0490420897418994416e-05	-3.3064831249632421002e-05	6.0222727940913697365e-05	-6.8787032150670665955e-05
-4	-1	6	2.1717548103595349515e-05	2.6473990438600494227e-05	3.8559736130454830302e-06	1.1738424810940370182e-05	1.5121027671237813656e-05	1.960573109422372395e-05
-4	-1	7	1.4432841546989274609e-06	-2.1972384889863039784e-06	-2.9508877848365201407e-06	1.0661663207482245047e-06	4.0317840485131276179e-07	-1.1032553764567129677e-06
-4	-1	8	1.7086527784546212797e-06	-2.5388660656542461199e-06	-1.0437053141203482032e-06	-4.7452630444575285518e-06	7.2386322496226719387e-07	-1.8625909133843142348e-06
-4	0	-8	1.8903610072867130768e-06	2.0021877684415048307e-05	1.4496692927602189618e-07	-1.7196884422024953245e-06	-9.451805036433565384e-07	-1.0010938842207524154e-05
-4	0	-7	-3.0561021277295437597e-05	-1.9921722118941897426e-05	2.075869403571843264e-05	-1.9234645814420898291e-05	1.7463440729883109134e-05	1.1383841210823942354e-05
-4	0	-6	0.0001496711452321422412	4.3537364897209833068e-05	-0.00013472703404230959297	0.00013560075090455282797	-9.9780763488094831987e-05	-2.9024909931473223175e-05
-4	0	-5	-0.00031100565254864711087	0.00016012382386821819285	0.00024706481471354122372	-0.00037971279125521573963	0.00024880452203891766701	-0.00012809905909457453802
-4	0	-4	0.00018807924760717113495	-0.00052472608196446742998	-0.00021756766244645825599	0.0013393005442724839355	-0.00018807924760717113495	0.00052472608196446742998
-4	0	-3	-0.00028264241933017360698	0.00026259184662819404481	0.00030063908485623402466	-0.00085943083294021745296	0.0003768565591068981065	-0.00035012246217092535695
-4	0	-2	0.00057275071225090063657	-0.00094177371965297222104	-0.00086390933861525286055	0.0029792400633033054927	-0.0011455014245018012731	0.0018835474393059444421
-4	0	-1	-0.0005508364433635607859	0.0010105352533043882209	0.00058562917115046538193	-0.0025557762050621942763	0.0022033457734542431436	-0.0040421410132175528834
-4	0	0	0	-0	-0.0014439337768829619332	0.0008962650272033927893	5.4627905423608501614e-05	0.0039126032041669235595
-4	0	1	-4.9508188791748260714e-05	-0.00073059987813865105797	0.001244204829250702667	0.0015892807010735410071	-0.00019803275516699304286	-0.0029223995125546042319
-4	0	2	0.0002331582277739539604	0.00045140251837378541017	-0.0006569331071442540337	-0.0019485615525290577929	0.00046631645554790792079	0.00090280503674757082034
-4	0	3	6.9560714614867949902e-05	0.00019910307024542363502	0.00052779935942256172004	0.00036655205754736289473	9.2747619486490613422e-05	0.00026547076032723153144
-4	0	4	-8.0027517754172744491e-05	-0.00014861991854067514262	-0.00060000806042837461721	0.00052532523158187009737	-8.0027517754172744491e-05	-0.00014861991854067514262
-4	0	5	-8.5038543043023263196e-05	6.5712236698376594118e-05	1.0871325107547157149e-05	-6.0820922055302258568e-05	-6.8030834434418613267e-05	5.2569789358701278005e-05
-4	0	6	4.1756866042757044392e-05	-3.3821812944061094633e-05	2.7827093410468721306e-05	3.4273320018365955209e-05	2.7837910695171361799e-05	-2.2547875296040728626e-05
-4	0	7	-7.9579230490208562152e-06	-2.0673405257407854028e-06	-3.492975847046301366e-06	2.3701523574289646474e-06	-4.5473845994404889028e-06	-1.1813374432804488016e-06
-4	0	8	-2.2914252545563919227e-06	-3.7886804108911147855e-06	-4.9124809924527031694e-06	1.505072354753777458e-06	-1.1457126272781959614e-06	-1.8943402054455573927e-06
-4	1	-8	2.2247083969780607533e-05	4.023975682653534641e-06	1.4302658268397304725e-06	-4.7490958009380678065e-06	-1.0944758756535338066e-05	-2.6056248164440260081e-06
-4	1	-7	-1.6985886087348454432e-05	1.1371502911908156077e-05	5.8758907761411414554e-06	-1.2310449661932665812e-05	1.05456335893621363e-05	-8.2566373299378976205e-06
-4	1	-6	0.0001151320067968863585	-9.5465281659829460633e-05	1.2784956406330576665e-05	0.00010101732815665873263	-7.4623845130202481023e-05	8.0479742465996100377e-05
-4	1	-5	-4.4375466599181304257e-05	0.00026323684769741310377	-0.00019851437980999869543	-0.0003176583718832075103	-4.2025026826546939854e-06	-0.00027412115253457199592
-4	1	-4	-0.0003914779705299535964	-0.00033727966615286866011	0.00094710784463131972993	0.00052733554535905520239	0.00062825493168778352888	0.00046911355249263248781
-4	1	-3	0.00044637945415094477291	0.00026656300703833285017	-0.00056695968129902936296	-0.00026123476483940442916	-0.0007841591659676028182	-0.00044249559766424524047
-4	1	-2	-0.00031415586015519510708	-0.00037929362570578791132	0.00089648294067088286213	0.0003262340040693694149	0.0010765531906458316452	0.00092170425344626047588
-4	1	-1	-0.00022944696043794048025	0.00031505685345505681644	-0.001988649851634090391	-0.0010719959816832408395	-0.0010708620098823285784	-0.0023322233955034681052
-4	1	0	0.00024318977224953655398	-3.24266374129479623e-05	0.00097275908899814621592	-0.0001297065496517918492	0.00072611935854487988026	0.0038324378370184672936
-4	1	1	-0.00036299773266805317445	-0.0003669988362963061846	0.0010978619111440515894	-0.00090640275501566148174	-0.0025498528418162642872	-0.00056159259016956325668
-4	1	2	0.00016480525621213716419	2.0762667874288568453e-06	-0.00044554396825973764662	0.00070488743793975365028	0.00055238249655414320589	-0.00034829118539501908265
-4	1	3	0.00025517166004208077876	-4.7519832869424791244e-05	0.00035074848544170512737	-0.00071535198200154651461	0.00022331271824220597783	0.00017509088350794909847
-4	1	4	-0.00013405493246616655145	5.2397573231315672639e-05	0.00057142906619577589142	0.00045454825293490548187	-0.00027691219901511052431	-6.1239490002410691054e-05
-4	1	5	8.7372168696025386469e-05	5.3405302570263739695e-06	-0.0001565754706671506236	7.4467917809153659774e-05	0.00010121282909025043932	-1.0621159356209633457e-05
-4	1	6	-3.1275917974321829356e-05	-1.3547869465607932494e-05	1.8248673675694258471e-05	-3.203823329808783946e-05	-2.3892057595496928751e-05	-3.6922074273906477136e-06
-4	1	7	-1.7828526009971375897e-08	1.3944183108529392595e-05	-3.2510285625516454932e-07	1.0985851769857305749e-05	3.6255536030754146554e-08	6.3986972377514667387e-06
-4	1	8	-3.6878242730737934439e-06	1.013693806291829223e-06	-1.4134182664760823554e-06	2.6328727991692032283e-06	-1.6672348532273864275e-06	1.7773780324976423444e-07
-4	2	-8	1.5028886709686576292e-05	-3.1566579473229751602e-05	-7.2455024324170026347e-06	-8.4018609373027956897e-06	-9.3258189629475381693e-06	1.3682824502289178572e-05
-4	2	-7	4.4307164306920609434e-06	-2.4845407563988475351e-05	-3.8571279187553616824e-06	-9.216368078823794602e-06	-3.6338745086112811408e-06	1.1564127728329474381e-05
-4	2	-6	-6.7343429514733305031e-05	-0.00012945913795459987349	2.0290994344391608759e-05	0.00012115846637394062709	5.1659284457952738478e-05	0.00012669224742771346254
-4	2	-5	0.00024129809151588594001	0.00013187202461847742315	-0.00015965853313579050107	-0.0001144644497993731701	-0.00025690188646702491991	-0.00015128339961453121198
-4	2	-4	-0.00048270117344618654331	0.00013946830073501015074	0.00057382267436279898315	-8.343090217704187306e-05	0.00076961251062758603489	-0.00018118375182353107372
-4	2	-3	0.00046441830277611767909	-0.00076205419702786891985	-0.00024229162752157607191	0.00013530529270271675281	-0.00078075215538254093533	0.0011062757911723031159
-4	2	-2	-0.00026481330473067919446	0.00046748838162424046242	-3.0905892576892025816e-05	-0.0003229208413573744817	0.0004987207168844663089	-0.0012578976046058554066
-4	2	-1	-8.1382802280057601747e-06	-0.00011730700782698224693	-0.00044227250985161097301	0.00012050622029098127211	-0.00085199189879119887822	0.00071024047188989153194
-4	2	0	0.00044365657397139749221	-7.4201436504189838923e-05	0.00088731314794279498442	-0.00014840287300837967785	0.0016310944804002790523	-0.0010766598450179911198
-4	2	1	-0.00056151364814795319807	0.00016721389898612855373	-0.00098377538768204997495	-4.5031822345359860877e-05	-0.00027850381722771273395	0.00075891924063523389602
-4	2	2	0.00037712167115565829473	-1.3125034854394117788e-05	0.00060644503324613875054	0.00033280984854414596367	0.00014779830906517778472	-0.00035905991825293419924
-4	2	3	-7.3066352773657258909e-05	-0.0001193949116088894387	-0.00028782758680867125568	-0.00014074222177124913967	9.4463254174237802651e-05	-6.5365067631019825155e-05
-4	2	4	0.00013722559435420592219	0.00012340999322583273961	2.3698739157233788134e-05	-0.00013721982062050655385	0.00012537622477558905184	0.00019201990353608601654
-4	2	5	-5.4069777256150792111e-05	-6.9549276946157366909e-05	5.0321696512080502583e-05	1.1418972936578777123e-05	-6.3384500409752834722e-05	-6.0207010731557408442e-05
-4	2	6	3.0789733854283777572e-05	2.4428390828474429028e-05	-7.5992248539265963895e-05	-4.1445356530118198493e-06	4.585723874927783968e-05	1.7667105769986890659e-05
-4	2	7	1.42345330899208001e-05	6.7037006228917086489e-06	1.9984915124816717733e-06	-2.9278848011005146289e-06	7.5630213335314077592e-06	4.6672245848239803085e-06
-4	2	8	3.2671094476159666903e-06	4.6802481410322318574e-06	4.4844344055805792252e-06	4.4611213400638208195e-06	5.1244612241283864473e-07	1.2248437355001607238e-06
-4	3	-8	-4.1641098543600244442e-05	-3.3773823000921119209e-05	-1.2234716142618020908e-05	1.1623481418031555269e-05	1.6232530718318362263e-05	2.1245717032222392407e-05
-4	3	-7	5.237328214667348341e-06	8.2297026806598561771e-06	-3.1978807000208473772e-06	-3.0887382930339508384e-06	-4.363279279818848049e-06	-6.026432228820182037e-06
-4	3	-6	-5.6435872808428874778e-05	-5.400036671303583074e-06	-1.8663132997105142022e-06	-2.2201994942110560526e-06	3.6690758555763988127e-05	2.4899247004301939524e-06
-4	3	-5	0.00014241023369462348092	-0.00015537137924423292815	-0.00012179571842486442085	3.2229472805447800744e-05	-0.00018700561801061744266	0.00014363478707865503245
-4	3	-4	2.3223591065874922323e-05	0.00035465179460365082531	0.00024809262323733272289	-0.00017176216075315368101	0.00016284587636212463678	-0.00048347341516851609963
-4	3	-3	-0.00033042179399377498384	-0.00055058983641449949289	-0.00033192543743670112387	0.00038085642150225009579	0.00010863695455499886814	0.0011149762033882495461
-4	3	-2	0.0005175258641787057164	0.00043485641269221532012	0.00028807610253833428006	-0.00032928583167566877893	-0.00060293757454990993139	-0.0013636415728979338086
-4	3	-1	-0.00031108319204573389206	4.0042103069563404698e-06	-0.00026236385479382577776	0.00026531284239331170581	0.00045724120380145839761	0.00077992168595210982669
-4	3	0	0.00010445946819200657783	-0.00040771894924553352428	0.00013927929092267545517	-0.0005436252656607113657	-0.00016169458472229165003	-0.00057240049195327253381
-4	3	1	2.6879727705715149419e-05	0.00049752771119294806126	3.6560475595117747447e-05	0.00052747293566188539413	-2.162515962492649325e-06	0.0004076920377861361711
-4	3	2	0.00015565283454491436852	-0.00024972832023359512604	0.00022906468574925012362	-0.00012686853843162207477	-3.229135953404644162e-05	-0.00030915383281975711283
-4	3	3	-0.00018375844496588007162	0.00021249585499424558654	-0.00016381764029629731333	3.1906608740279723683e-05	-8.1193619658209462381e-05	0.00025142119791871439397
-4	3	4	6.1426037791674362523e-05	-0.00010207036880624825346	8.3212019974270720547e-05	3.7689371531748709892e-05	-9.8297718902867915798e-07	-0.00013033739745505978588
-4	3	5	-5.1172491192978954394e-05	3.4774500745062076668e-05	-3.4214287582105693203e-05	-5.0948385438869400407e-05	-2.0409420405119747593e-05	5.8388631859371300224e-05
-4	3	6	-2.2168003193347420114e-06	3.6387762842433048636e-06	2.080789609961162389e-08	1.0080740146688924551e-05	-1.4882708276063004206e-06	-2.6145192171822593155e-06
-4	3	7	-4.4737214233529945626e-06	1.1509426874091196806e-06	-1.3040209427460241381e-06	-5.4368437868776976516e-06	-1.9975461235962722925e-06	2.9877574443242245253e-06
-4	3	8	-1.9863804860521965982e-06	-1.9451282765119347432e-06	9.4468546883415568076e-06	-7.0286199142806397576e-06	-4.5357607511541823137e-06	1.6631683295992724316e-06
-4	4	-8	-3.8129825537976364902e-05	3.09958320001858185e-05	1.0584039773329175613e-05	1.763829695965801823e-05	2.4356932655652769411e-05	-6.6787675202639018292e-06
-4	4	-7	1.2273648956043446679e-05	-1.6778154085073674001e-05	-5.3585880788544673406e-06	-5.2235071033975126475e-06	-1.0075564019941664912e-05	6.6026554181006632678e-06
-4	4	-6	-3.0344455948887643558e-05	-2.0569975540874426193e-05	3.6518111881304895046e-08	-1.47556534205514223e-06	2.0253982707179296992e-05	1.2729606799212855834e-05
-4	4	-5	-9.5137898802826050904e-05	-5.1726142526792030481e-05	-9.4109735490211963386e-05	2.7065133662099376228e-05	8.2253065009127899299e-07	6.3033020951113122657e-05
-4	4	-4	0.00016062446979380422653	3.3441316046684361411e-05	5.0934169933003850018e-05	-0.00010554196937707597669	-0.00010969029986080037651	-0.00013898328542376033132
-4	4	-3	-0.00030418255186690857164	0.00010534964892545113191	-2.6460073550883652846e-05	0.00025431046831145449894	0.00037029663775469990076	0.00019861442584800446227
-4	4	-2	0.00029305859758125261429	-0.00036859758783613244017	-0.00014803823936392220516	-0.00040550558768706786161	-0.00088219367389034963889	-7.3815999701870802234e-05
-4	4	-1	3.0798570443171532451e-05	0.00027573084506293474034	0.00021325379244740118247	0.00024157192003015784745	0.00072982088801691862717	-0.00013663570013110754443
-4	4	0	-0.00030500119198073052332	-0.00017410482550487803581	-0.00030500119198073052332	-0.00017410482550487803581	-0.00020980837826661632062	1.3781331979597975345e-05
-4	4	1	0.00023526043556503216945	6.2900183102031513365e-05	0.00018057225777596988634	6.5810475746367724358e-05	0.00021875271115624907821	-1.1641170577344849053e-05
-4	4	2	-2.806354487238939041e-05	-5.173093848434598917e-05	7.0302314185674878114e-05	-3.0778805795941374559e-05	-0.00019673171811612853027	-4.1904265376809229221e-05
-4	4	3	8.8589447227756359303e-06	6.7686044682916968749e-05	-9.1888798523809031679e-05	8.5961086757499986918e-05	0.00013433032432877956811	-2.4366722766110694281e-05
-4	4	4	1.121630880495852222e-06	-3.5731464664611164495e-05	3.7608407928460633194e-05	-4.9082479004354392048e-05	-3.6486777047964780336e-05	1.3351014339743230941e-05
-4	4	5	1.6033799372395164971e-05	2.1044420017690831318e-05	2.120192692156236885e-05	1.2311390353415836883e-05	-4.1345020393337651363e-06	6.9864237314199965646e-06
-4	4	6	6.6465147811634502095e-06	-3.1991373425605246201e-06	3.2581625762618464456e-06	1.4603918493621588893e-06	2.2589014699344029328e-06	-3.1063527946151221984e-06
-4	4	7	6.8011263691397496679e-07	-5.1722296883217023387e-08	7.2402997334781267917e-08	4.6500606247450824242e-06	3.4726265118811070019e-07	-2.6867330980733137053e-06
-4	4	8	4.7045103317268736085e-06	6.1795567501384019118e-06	-4.4982972839954646487e-06	-9.3252382878203816534e-06	4.6014038078611687051e-06	7.7523975189793913591e-06
-4	5	-8	1.5428313966341327383e-05	3.028567013257084606e-05	2.3195541413125372177e-05	2.4229444966474785164e-06	6.7830564000326943426e-06	-1.3628494755880748852e-05
-4	5	-7	-3.1261661699309763467e-05	-3.2135275910511197617e-05	-1.4287320543449253643e-05	1.3168171812723672133e-05	7.658577725713255335e-06	2.7768851815094733456e-05
-4	5	-6	1.5968876750637836406e-05	1.2549238083859584527e-05	4.7053461242576383051e-06	-5.005718969244931308e-06	-6.7247960635438588754e-06	-1.2537591196943832583e-05
-4	5	-5	-3.4829285833004237022e-06	-1.1457021616023838276e-05	4.2754567220839480635e-06	2.2956015984586960435e-06	7.0617995887242865171e-06	1.1461218891277766326e-05
-4	5	-4	-2.4744978835714148539e-05	2.8720832662839451634e-05	-5.4973725450539576056e-05	5.1797886457521831945e-06	-4.3972177977460323226e-05	-2.2246096855649219887e-05
-4	5	-3	-1.2036432227695617107e-05	0.0001269477283709711515	6.6437172011722696991e-05	9.1269343286285543404e-05	0.00012677719632313199575	-1.714806568415230649e-05
-4	5	-2	-3.0006674610970862605e-05	-0.00014460420625925937362	-9.2052571431329370901e-05	-9.6527680578037806892e-05	-0.00017011807935638170882	4.7889211073424216465e-05
-4	5	-1	1.4877723647572959129e-05	2.3910711144192446116e-05	5.294933909324506439e-05	4.8065235726077749551e-06	0.00020523580087593347866	-7.1610226713730919007e-05
-4	5	0	7.4008677679053349609e-05	1.3677910820178236396e-07	5.9206942143242682398e-05	1.0942328656142588323e-07	-0.00021315249565793562914	3.0384839126464852392e-05
-4	5	1	-0.00010268938844934024518	6.2345708473924817475e-05	-9.4715230845867056709e-05	6.287115732117666317e-05	6.2818600431974343495e-05	-6.4972952710184045952e-05
-4	5	2	4.9996028350655462161e-05	-6.9526394183321100421e-05	4.9352515809294803656e-05	-7.8011536111360013038e-05	-2.3389232821926078041e-05	5.5976051911757811425e-05
-4	5	3	1.1964559003914999947e-05	4.051671753992420246e-05	1.8692229422761546729e-05	6.0375516664723181666e-05	-1.5200970366049247441e-05	-4.6603571054639706273e-05
-4	5	4	0.00010134272481164849171	1.5975010490944723885e-05	-1.4171860727218977654e-05	-8.8257566669148446148e-05	0.00011905755072067221293	0.00012629696882738029851
-4	5	5	-5.33824363531985402e-06	-2.5282548455231474503e-06	-6.9660642085259666644e-06	-5.581582262244269779e-07	2.6954693002700835332e-06	-1.4644456501940911518e-06
-4	5	6	5.7291603333345853478e-07	2.7861148386222246115e-06	-2.9997797973697717468e-06	-1.1564315197623221788e-06	2.8817605200304487416e-06	2.8211028255500847489e-06
-4	5	7	-9.2665952221247257738e-06	1.7867817829894684939e-06	7.5690618121281315716e-06	-2.1618715543247557613e-06	-1.0701669992734223356e-05	2.5652121290830933756e-06
-4	5	8	5.3223476918236270431e-06	-5.1161317709799814077e-06	-5.1352601556573079168e-06	1.3556370420996082139e-06	5.8707114431976310754e-06	-3.4053390368022460493e-06
-4	6	-8	1.6190441852063406996e-05	2.5260543156514003385e-06	4.5953535433131546578e-06	-9.5567244490173916842e-06	-4.6487057685468375045e-06	-8.4305704945887447794e-06
-4	6	-7	-3.6898463923317233865e-05	7.7058993368409837711e-06	1.8249609986670135362e-06	1.7710207652051313768e-05	2.2649088812181576957e-05	1.0776806937849134392e-05
-4	6	-6	2.4192149492403365103e-05	-2.1159106615446975427e-05	-1.0773991485394601332e-05	-9.2043640764906540423e-06	-2.6902091146996845298e-05	4.9017070004739953955e-06
-4	6	-5	-1.1814762744360599188e-05	1.4586954767945716714e-05	1.9200091777200639568e-06	5.100985379103180853e-06	1.1755821208752554913e-05	-5.548381359432756686e-06
-4	6	-4	3.4807216132918447876e-05	1.5884630097261627876e-05	3.7848891544418172631e-06	-1.6276884176841547721e-06	-2.9129882401255723887e-05	-1.8326162723787861304e-05
-4	6	-3	3.1847871072462439893e-05	2.1876937895469996195e-05	2.1701830484327633552e-05	-1.3747144158245294331e-06	9.3983287203867743807e-07	-3.1918679358942387409e-05
-4	6	-2	-2.093798367171724448e-05	-7.0830721212939343049e-05	-3.1652170948543882417e-05	-5.9484359557533821963e-06	-5.3080545502197165066e-05	0.00012381613455861851495
-4	6	-1	4.0247513743568542953e-05	9.7979021401815654551e-05	2.781954087633471337e-05	4.4235503522579126693e-05	5.9271902837341194179e-06	-0.00012650306447178788515
-4	6	0	-4.531803818088957057e-05	-9.5306945598137252518e-05	-3.0212025453926382639e-05	-6.3537963732091497161e-05	2.3720713003193758369e-05	0.00013500622094042127375
-4	6	1	3.7451799972335137671e-05	9.0026013819007077218e-05	3.1133016988096525455e-05	7.3340515067219194298e-05	-3.6990902039238595267e-05	-7.9939035127286829814e-05
-4	6	2	-2.5430249616844218728e-05	-3.2797711896547108101e-05	1.2925769193569925623e-06	-3.9911926153115866633e-05	-5.4738229991759412179e-05	5.4140354666253383698e-05
-4	6	3	1.2862293469413106013e-05	9.0639219921471473002e-06	1.7637809301994500214e-06	7.8549952037325672805e-06	1.3622162765485240743e-05	-3.624761084602273753e-06
-4	6	4	8.8596442073854353644e-06	-7.6777400513527179724e-06	8.4180708943886089818e-06	-1.2209965185959533544e-05	-3.7674621341974772612e-06	1.0637207727586581497e-05
-4	6	5	-2.1735400522097702998e-06	6.4225785812456622098e-08	1.5822896491087985365e-06	9.9241624367159354315e-07	-3.6375796206983743142e-06	-1.1395188637559468165e-06
-4	6	6	-1.4327511908670700315e-07	-4.3835108037193291282e-06	1.0608431612018577389e-06	3.6025805667109126863e-06	-1.15635990725966239e-06	-6.5249211025237989129e-06
-4	6	7	2.724433188049275528e-06	8.6556479852063021563e-06	-2.3967984566210305602e-06	-1.4509821609125670795e-06	3.6112176417033263752e-06	6.1897835580429440196e-06
-4	6	8	-3.8120502695708932335e-06	-2.3520116557732785299e-06	1.2197946914303160991e-06	1.7094874963253113804e-07	-2.8208711533581837969e-06	-1.3042173901110376781e-06
-4	7	-8	3.507148008052867067e-06	-3.4637480063162247654e-06	-2.3437341454986734802e-06	-2.818264885121203821e-06	-3.8043413813377728286e-06	-7.3410777132294096067e-07
-4	7	-7	-5.8493607979366789388e-06	1.5922778554122193992e-05	7.9951273853923418848e-06	4.1711392552319239316e-06	1.1337619269927587477e-05	-4.9275913471236152506e-06
-4	7	-6	6.3783178785591711697e-07	-3.1582086459875686893e-05	-1.1058485604772472829e-05	2.3079164820909957233e-06	-1.3326787730805161774e-05	2.3747293535689954492e-05
-4	7	-5	1.5582402585628866526e-05	2.562668730160819273e-05	8.1994737905181309186e-06	-7.937813182777171583e-06	-9.8665876177770968057e-07	-3.1614288297174591351e-05
-4	7	-4	-1.3350868388506247493e-05	-1.2444581633078090517e-05	-4.2958081302588050642e-06	4.5705502626981599308e-07	5.8332041605533379951e-06	1.3244427929050268624e-05
-4	7	-3	1.1359445800349346188e-05	6.9120438998249992461e-06	4.8663467048898931432e-06	8.816757914322191244e-07	-3.7911187557227113403e-06	-7.1588150197581541242e-06
-4	7	-2	4.1681280533892344758e-06	-5.6891079631875285044e-06	1.6181151135978844465e-06	-1.1576558325283696493e-06	-2.6728532091858740242e-06	7.3264205125257632361e-06
-4	7	-1	1.3369879709118673205e-05	6.4255305266653593303e-06	5.6975464820560150613e-06	4.7944039824940421733e-07	-1.3596693462082585696e-05	-2.2346039318915608435e-05
-4	7	0	-1.4456566751797533175e-05	-3.7547629058008256485e-06	-8.2608952867414477708e-06	-2.1455788033147575739e-06	1.8623439801562072563e-05	1.2685493764366963221e-05
-4	7	1	5.3839931434736183045e-06	4.2642401215883236036e-06	5.1439869785254223615e-06	4.5121644080623782936e-06	-1.4471936275783481619e-05	-1.4528190370083353641e-05
-4	7	2	4.6733990725899457764e-06	-1.520003635401766625e-05	2.8293739425368055315e-06	-1.2712201624222813697e-05	-5.5601065369892717197e-07	1.4092632976744515438e-05
-4	7	3	3.9423885790639873176e-06	4.6063727436103088094e-06	4.1299623134942880194e-06	2.759285743031656212e-06	-4.3800606260680208768e-06	-2.9650307559345322523e-07
-4	7	4	-4.232447182226421826e-06	-3.508609707799087407e-07	-4.415356538676549568e-06	9.3679146432517163686e-07	3.4944267604575392828e-06	-1.9902460333489589729e-06
-4	7	5	4.0534967530144145958e-06	-1.9507118784350144283e-06	-1.0185925913347088737e-06	-7.8409723159031711412e-07	4.6688270302801240574e-06	-4.6283337852156746644e-07
-4	7	6	-6.216711683555868174e-06	2.3745900815714474023e-06	-2.4745233367472924191e-06	-3.7866800492225342327e-06	-1.2575305628320713134e-06	6.0008534451405879946e-06
-4	7	7	2.7893019398081436151e-06	-2.910626681820155151e-06	1.8362948251470212757e-06	1.5845912478857200659e-06	-2.424080023995106763e-07	-3.2478064946400944379e-06
-4	7	8	-5.8787093244786245231e-07	1.2612536751562420941e-06	-9.5437101895282019141e-07	-2.3435585749299768138e-07	5.411391753597864678e-07	8.3568821288449405133e-07
-4	8	-8	1.3794554286679993823e-06	-5.4922669168789569525e-07	-1.0400644885906470178e-06	1.3437976243869017931e-06	-1.7297922029246468148e-06	1.6184109702308497466e-06
-4	8	-7	2.1540408128740510396e-06	4.1190714395443376005e-06	2.0638011168592961474e-06	-1.4885421531849472502e-06	1.1277493833397380416e-06	-4.0549461405224185854e-06
-4	8	-6	-1.0243314161714392514e-05	-7.0330911078294355005e-06	-1.9776974925356034325e-06	5.141929568283383721e-06	4.1919461177621237662e-06	1.1544633496264135295e-05
-4	8	-5	2.3972125016166744048e-05	2.7754981755694464748e-06	-1.686831745215092954e-06	-6.8362967100661628164e-06	-2.1876630805277541932e-05	-1.3158473276561418025e-05
-4	8	-4	-2.2836616523563429303e-05	7.8618355828343327028e-07	2.4795681472491535926e-06	2.9513997716413262724e-06	2.7795752818061738183e-05	5.1166159849992191687e-06
-4	8	-3	2.4952798878430616027e-05	-4.0361711481997697017e-06	1.7179447934943892677e-06	-2.1020043830419472089e-07	-2.8689212388589116655e-05	4.8210270287885066603e-06
-4	8	-2	-2.1927153403138267487e-05	1.4539573480268094431e-05	-6.3945896958475015022e-06	4.7940922214384132683e-06	1.8275948022886525577e-05	-9.9027780747825340941e-06
-4	8	-1	1.1118402377180346629e-05	-1.5878521009006028305e-05	3.989189238033528943e-06	-6.737272814621491493e-06	-1.2560095604453156665e-05	9.6159015190521863586e-06
-4	8	0	-6.8364482652099620521e-06	1.7659196486986154307e-05	-3.4182241326049810261e-06	8.8295982434930771535e-06	1.2269255072976282625e-05	-1.329517308254512983e-05
-4	8	1	4.0976555435143607029e-06	-1.3660341713105780343e-05	2.9270929776461050195e-06	-8.302496449960884188e-06	-7.0261216471113956502e-06	1.1778604747263953827e-05
-4	8	2	-1.1331938021938542621e-06	1.373646072338737743e-05	-1.5273923260610895921e-06	1.0190764863144581779e-05	3.8431816998566498443e-06	-1.3290138005803575643e-05
-4	8	3	-2.4649161783961147773e-07	-8.764639200095840734e-06	-2.1857883564335058563e-07	-8.3400720424449989281e-06	2.5422140459611962668e-07	1.0554006513058875033e-05
-4	8	4	-1.1652575989295888168e-06	2.2602007767401638975e-06	-2.1398321738250028499e-06	3.3406419073243957424e-06	3.1144067487204164595e-06	-4.4210830379086275873e-06
-4	8	5	-2.7441022946227121247e-06	-2.5509868412278042472e-06	2.9977362851400771457e-06	-2.0278718656971059998e-06	-6.9916598919222933023e-06	1.2038055121331265832e-06
-4	8	6	1.2538400024039138187e-06	1.666135254236106839e-06	-2.2340520537207195357e-06	2.1730561244482842199e-06	3.8146294065635687346e-06	-1.7866513297736408554e-06
-4	8	7	-8.435212667116102845e-07	-6.7501519575023259828e-07	6.9252864113362851492e-07	-1.3901799474895706882e-06	-1.2734734565593528418e-06	1.2030541138450907606e-06
-4	8	8	1.1712712101688380987e-06	1.522040221129497676e-06	1.875870667009439877e-06	3.9307992780077507169e-07	-1.2902350619250209336e-06	3.6794018276397376631e-07
-3	-8	-8	-3.5106521137491709379e-06	-2.8896865793612936069e-06	-7.3213695424840369303e-07	3.4990973599327819447e-07	2.0486314969043428477e-06	7.3372273126720685516e-07
-3	-8	-7	4.7930700278712120487e-06	2.7903834883594632364e-06	3.5098835802995318108e-06	-1.9793703631213165208e-06	-6.0654683894299846181e-06	1.0662589199845919611e-06
-3	-8	-6	-1.5435941249212838957e-05	1.7947028359514779435e-07	-7.8944494910069569195e-06	3.1202005882092605647e-06	1.8243903279282359779e-05	-4.2500025927432545222e-06
-3	-8	-5	1.2187715775612817699e-05	-1.3010991059262111267e-05	1.2500422884161409959e-05	-3.0156020654033208296e-06	-2.7313306080025949603e-05	1.2631557940202580426e-05
-3	-8	-4	-1.7932806954138401888e-06	1.7616820225284606069e-05	-1.027676474979902941e-05	3.3533961180318518778e-06	2.1898490021158438962e-05	-1.991940740502715746e-05
-3	-8	-3	-2.8175825023872755123e-06	-1.0920874057223226358e-05	4.0641800948995405039e-06	-1.0009984552214705653e-06	-8.0202310840114988824e-06	1.3590203271147147866e-05
-3	-8	-2	8.457173299028060423e-06	6.7527601704877369233e-06	-3.8195505232688398047e-06	-1.7994715934450137338e-08	2.5924421445332664669e-06	-1.0057161391993804544e-05
-3	-8	-1	-6.4105403519103768418e-06	9.225166614789315288e-07	2.2007583722245407499e-06	-6.1399718542403170616e-07	1.6255540779348034676e-06	2.1444274989554588511e-06
-3	-8	0	-5.9439405323332189798e-07	-2.8116646770924542724e-06	2.2289776996249573821e-07	1.0543742539096702992e-06	-2.1741187331301294057e-06	5.3493345343451007972e-07
-3	-8	1	1.5448490428473078477e-06	-6.2695993770484882308e-06	-6.0633091309085575191e-07	2.2699370499935595869e-06	-2.1610017618492194272e-07	-6.4930173119698895009e-07
-3	-8	2	6.886036837836311329e-07	5.0058122474896515959e-06	-3.1134479282317991666e-07	-3.7632475681760570662e-06	-2.1247364561727286143e-07	-7.5442719014697512945e-06
-3	-8	3	-1.7423726003222976898e-06	-4.9972662284975271309e-06	7.8056919829457578145e-07	4.2611149583748688337e-06	3.3914526179657088425e-07	6.365706993835455861e-06
-3	-8	4	-2.1312711494770625991e-06	1.8542938667255051498e-05	-4.259978085281370682e-06	-1.2347520649226704758e-05	-1.011840953267053736e-05	-1.0787837298012120044e-05
-3	-8	5	-8.8765158146293832067e-06	-1.7568834806908420476e-05	8.866293311217471592e-06	7.8107857234986116819e-06	8.8601598091703253008e-06	1.9559562734527260666e-06
-3	-8	6	8.5060663414984038756e-06	4.4284774943296897098e-06	-5.2241698747401624627e-06	1.1794520634862199495e-06	-2.7125266622376806399e-06	3.7868414984798046463e-06
-3	-8	7	-2.7627202682089114366e-06	1.2781415292439648348e-06	4.3467787084228620233e-07	-1.0933260267660961375e-06	-6.8724826255549215925e-07	-7.0174051805669626494e-07
-3	-8	8	-4.0102399965378531969e-06	-4.5966727577184860972e-06	4.9637394786964381813e-07	-1.0914251947202788704e-06	-1.0074660508320512366e-06	-2.8151774788647109451e-06
-3	-7	-8	-4.7489362975036214647e-06	3.1937914005667577485e-06	3.2968340634934189626e-07	4.8291041834951336291e-06	1.4923781310081841084e-06	-5.4231379357707761341e-06
-3	-7	-7	1.7204413880578995651e-05	-1.7859519536892019283e-05	-2.6465199610231065042e-06	-1.6474972695627678913e-05	-4.7268002735107479882e-06	2.4129052497152830034e-05
-3	-7	-6	-8.9352639007340765967e-06	2.7305480094588796026e-05	3.188121290271086076e-06	2.0083702342951691394e-05	7.4815711171743801749e-07	-3.7083726114071373565e-05
-3	-7	-5	-3.6280553602649539178e-06	-1.4141992927733432854e-05	-1.08330549222218996e-06	-1.0069314498992347549e-05	3.6934609052700381676e-06	2.2582236055229347297e-05
-3	-7	-4	9.8464990312076569677e-06	3.5544811042096064328e-06	-2.8553349980414510501e-07	3.1902060883327518384e-06	-6.8851906487484896787e-06	-8.2487214827395200124e-06
-3	-7	-3	2.9130807846074436115e-06	8.9348384474967492599e-07	-4.1409143128356563004e-06	3.2496479264046621349e-06	6.7490526120090877561e-06	-8.4759956730272190958e-06
-3	-7	-2	1.6544252805994938394e-05	2.5457427483967631218e-05	-2.3618009266195509831e-06	-6.7863197317404764535e-06	-1.6550075965823979362e-05	-1.4434022164859778816e-05
-3	-7	-1	-2.245515636064095475e-05	-2.4869712843639106038e-05	7.0025633452850494595e-06	6.9784237347743260558e-06	1.834752566492751634e-05	2.5760172387497035724e-05
-3	-7	0	5.4899798523629303741e-05	2.2961424971964623281e-06	-2.3528485081555414437e-05	-9.8406107022705528349e-07	2.2750981113295475522e-05	-3.0819850190227427757e-05
-3	-7	1	-8.0363266016488110071e-05	-3.8100804495973979711e-05	2.8914255961828844713e-05	2.1553673263092972971e-05	-3.8690006316662413832e-05	3.6573299353728854725e-05
-3	-7	2	2.0032334365150268382e-06	-5.0326738149420677056e-06	-2.988199883646494121e-07	1.461016787353018273e-07	1.9589801954962677649e-06	-7.0376548468395454673e-06
-3	-7	3	3.1588281152157081249e-06	5.7738318050569195121e-06	-2.2756774880727251368e-06	-2.1779247221618011199e-06	-2.1510860236206505278e-06	6.9200745334604973811e-07
-3	-7	4	2.2507204296872933275e-06	-3.4756602338915259803e-06	-3.3516571171215134485e-06	2.3826671538877615034e-06	-4.1773596326971785392e-06	1.5629223438849382517e-06
-3	-7	5	-9.5835876841231194476e-06	3.5617379461273326992e-06	8.0642341317466197841e-06	-5.1094364737553308396e-06	5.539775173971395521e-06	-5.0161682955810631325e-06
-3	-7	6	1.5218569318948084985e-05	-1.4138795559415636246e-05	-6.2753546049414738971e-06	1.6261401118900219729e-05	2.8803762037565633223e-07	1.1902236859009106588e-05
-3	-7	7	-1.8241701238697147738e-06	1.2233884815090775207e-05	-3.3240260134423062948e-06	-7.7478313765136111956e-06	-4.1058132093864694668e-06	-2.5047378843318511186e-06
-3	-7	8	-1.5305806995686100206e-06	-2.0230703783553655437e-06	1.0523171676625688476e-06	8.0820011546393636088e-09	3.4680975936651893099e-07	-7.5157964087295255426e-07
-3	-6	-8	2.8898116392051418807e-06	1.8343612658528483315e-05	1.6448505825969250905e-05	3.7930272240048158188e-06	-1.3420058734178867178e-05	-9.7236251649517937425e-06
-3	-6	-7	-1.3486715966528142491e-05	-3.0926903168966340864e-05	-2.5655780239476046135e-05	-4.1378716767233661094e-06	2.777068990520581635e-05	1.6801134223891316794e-05
-3	-6	-6	1.0240716033930964682e-05	8.9133871325160001723e-06	1.2013351807999987007e-05	2.981043201636699561e-07	-1.7133709824965468501e-05	-4.7547978864216698834e-06
-3	-6	-5	9.1347941976765305078e-06	7.1957389848938877914e-06	6.47372593383059236e-06	4.3162029319358934877e-06	-1.3249347639202629814e-05	-9.4968869092594050295e-06
-3	-6	-4	6.0725093256387487907e-05	6.2579022563821130507e-05	9.2163333219545843454e-06	-1.6528609654973089343e-05	-5.9368319925222488213e-05	-2.2141352440406208784e-05
-3	-6	-3	-0.00011901876875053834278	3.2385156929433466888e-05	2.340030659047250187e-05	-5.6503902777023219477e-06	7.2218155569593332267e-05	-2.1084376374028819605e-05
-3	-6	-2	9.5553953181761708507e-05	-1.6896747940733822112e-07	-2.6023225213273809347e-05	-1.4141236619386818115e-05	-6.5261254132821148273e-05	4.2677161077271460088e-05
-3	-6	-1	-0.00020940413308701322811	4.7180964036712301154e-05	0.00010088126835380677171	-1.6447457353966398797e-05	2.2924789138199023591e-05	-4.2858147986338510679e-05
-3	-6	0	0.00019233456937887733092	-7.665338855795169595e-05	-9.6167284689438665458e-05	3.8326694278975847975e-05	-8.2646207402128177587e-06	2.9431915630316734796e-05
-3	-6	1	-0.00018448074156276439667	3.1821971225289230958e-05	9.0745838168441065132e-05	-1.5712263926808211849e-05	-8.9671956776468008987e-06	1.1923301150184071678e-06
-3	-6	2	8.3833443097203414265e-05	-7.7424067863701294574e-05	-5.3278778924736614484e-05	2.9757263400459870177e-05	-3.4086172128404742382e-05	-2.6864311594172334718e-05
-3	-6	3	-1.6595613888860767967e-06	4.1083022269100916916e-05	1.2437652959468054821e-05	-1.2578440489658961507e-05	2.3215744530050032421e-05	1.5926141289782990514e-05
-3	-6	4	1.6955587105962708895e-05	4.4088855207714000984e-05	-1.6871696196283858461e-05	-9.2772197624227975446e-06	-1.2590853964953756868e-05	1.9150811762151304421e-05
-3	-6	5	-2.6122524993975196771e-07	2.7205067606725911699e-06	-1.6491855810372151572e-06	1.5762136812465374678e-05	-2.1357578472085094751e-06	2.0546868231362005162e-05
-3	-6	6	-4.3817935752258234392e-06	-5.7578146553491813564e-06	6.4603878543124283135e-06	5.5536678376209750818e-06	4.2694910666995170175e-06	2.6747605099463844036e-06
-3	-6	7	1.1967733105955640269e-05	6.6726846805695669651e-06	-1.7343094723021852221e-05	1.2567463185970301784e-06	-9.7364812886091706021e-06	3.9369331361844112253e-06
-3	-6	8	-6.4743898993841261582e-06	9.6710165022943250653e-07	3.8204460236246915242e-06	-5.8191426110697891576e-06	4.3743830544947143968e-07	-4.0016938394663047047e-06
-3	-5	-8	2.654146851817043939e-05	4.3694750121271352377e-06	1.7052451229666565596e-05	-2.7279341724520910878e-05	-2.0610832712855518692e-05	1.5411035448277893902e-05
-3	-5	-7	-1.7783804810444195268e-05	1.3434520516214019566e-06	-5.6299137539820520118e-06	1.6797111537597780271e-05	1.1642997600177548199e-05	-1.2573701977550443798e-05
-3	-5	-6	2.8336922222643209761e-05	2.3209433620981834493e-06	-1.7026272763777299609e-05	8.7366115402203059238e-06	2.0099525159477439731e-08	-8.4409812978993469434e-06
-3	-5	-5	-3.3970206801563309132e-05	4.9334925270410710655e-05	4.0902418936043193596e-05	6.9410005418793724406e-05	-2.0520294855105206084e-05	-9.9010960581040154864e-05
-3	-5	-4	6.6776327075322364354e-05	-6.0514226902564225894e-05	-4.5377714883622747059e-05	-6.1765380898422546471e-05	6.6398982980366571697e-06	0.00012259239629995135929
-3	-5	-3	-3.8712923390431559366e-05	8.5840190130395021195e-05	0.00011807976501561868944	-5.4626913895716686944e-05	-0.00015808668496893293659	5.2046663624661333112e-06
-3	-5	-2	0.00030953316780855559065	-9.2035513252716662919e-05	-0.00022533581033911190272	8.8528792956755423399e-05	9.9039774134946343721e-05	-8.3268712512813564119e-05
-3	-5	-1	-0.00055287523919290602285	0.00046854755417678078423	0.00035861538476603962121	-0.0002637790022855416661	-0.00013445120625148003751	-8.6747651102634171292e-05
-3	-5	0	0.00023826794385833167597	-0.00070139631488823003802	-0.00014296076631499900558	0.00042083778893293799029	0.00035867512532627141876	7.2716312355519433191e-05
-3	-5	1	7.029399696243639271e-05	0.0005391431946157631324	-0.00010343010618609469776	-0.0002754548592290406283	-0.00030626854004316427004	0.00024015528770208601178
-3	-5	2	-0.00021378636119596827899	-0.00024358360967691270339	0.00011346824078838350003	4.7238846660816885558e-05	-3.7008939822993634533e-05	-0.00024727829786332680391
-3	-5	3	0.00013248318417696997897	-4.4189943380933883912e-05	-1.1061575449428216964e-05	3.4473578714741391236e-05	0.00011404722509458960211	1.3266021143635097529e-05
-3	-5	4	1.8438980986370984589e-05	4.9334490299603501345e-05	-5.5172293995102269701e-05	1.4282327744911777907e-05	-5.513613175409960292e-05	5.4853777405842348816e-05
-3	-5	5	-3.5843692006109962222e-05	3.6656797316009659003e-05	-8.5706980848775554714e-05	-3.189823899218679088e-05	-0.00010721319605244152527	-9.9041606025809951394e-06
-3	-5	6	2.1081247241099736663e-07	6.091775331333807468e-06	-1.2735821984571827936e-05	5.8096152351162261865e-06	-1.0507778750937690673e-05	7.8872336949304259796e-06
-3	-5	7	1.3009673899770093989e-06	-4.6890520575326488016e-06	-3.9084066459822227891e-06	9.3888001687459365783e-06	-2.234161579997155349e-06	4.6966920958759625972e-06
-3	-5	8	-1.4936128388754027972e-06	5.6831931130483875713e-06	-5.8175332812051341395e-06	-8.8891606135783851302e-06	-4.1960631153314851508e-06	-3.4245279660933451554e-06
-3	-4	-8	8.0568706576521286166e-06	-1.882659657820681364e-05	-1.8025494765403998298e-05	-2.3568283246369222235e-05	5.9914208860824515532e-06	1.8844115340012166656e-05
-3	-4	-7	2.211113850123004372e-06	1.2675901340862552537e-05	5.2949751597855759547e-06	3.8403903249145302008e-06	-3.9733203127873312327e-06	-7.6270379031779683449e-06
-3	-4	-6	3.2281647318535055602e-05	-4.6352720799734602685e-05	-7.2019861666554598422e-05	6.9955234276933207603e-06	3.1872417451768867759e-05	1.8512678114738421965e-05
-3	-4	-5	-4.4678831177358610668e-05	9.3101873765038717953e-05	0.00014163686950486019953	-3.2294414859920985838e-05	-8.6502196897472995933e-05	-3.0025592371086442779e-05
-3	-4	-4	5.431547167656934806e-05	-5.7574419431701225113e-05	-8.3248950090632130869e-05	0.00019900785135683974952	4.2512346333205111354e-05	-0.00015582703678306382899
-3	-4	-3	-0.00023190914922400365588	-6.6173857078564725828e-06	-1.3420964786490049929e-05	-0.00049325421720837275222	0.00024980376893932372019	0.00066428967531902008772
-3	-4	-2	0.0002836317810119528735	-0.00034233129861163110819	-0.00018585736045517289102	0.00061635142357822545432	-5.3732950607583555326e-05	-0.00071920589923900432767
-3	-4	-1	0.00028917462265049242434	0.00069877125722133434215	-0.00013634860891620251104	-0.00069112255836245182952	-0.00032212943228666712043	0.00066817646178580440003
-3	-4	0	-0.00066945602758850376954	-0.00023162475998185348041	0.00050209202069137785426	0.00017371856998639012386	0.00035132255508996530725	-0.00076928381676299008654
-3	-4	1	0.00027913802532988235289	-0.00031266952878312905678	-0.00024494340815848071689	0.0003887735288894496777	-0.00014235955664427578176	0.00061708552920841154045
-3	-4	2	-0.00013466659565859544732	0.00017513762064116049485	5.172564233721439384e-05	-0.00026064528740035969138	-9.8548608813464369754e-05	-0.00025858414383897872181
-3	-4	3	-7.2942118508085242623e-05	-9.7453602008721807088e-05	0.00013432903691089483978	3.8743932559333416955e-05	0.00010616326403977454826	-4.579502526294390878e-05
-3	-4	4	5.1507719109334348907e-05	1.5174989256956212494e-05	2.3811334727522310439e-07	9.365691449927621788e-05	3.8868902679275986955e-05	0.00010503815644199337217
-3	-4	5	-3.8734435907846038961e-05	1.1864296963769166218e-05	-7.0772730425339128884e-05	-6.4997666501382718061e-05	-7.9858845884978916997e-05	-4.4879555022844675057e-05
-3	-4	6	-7.4371849587276404647e-08	-5.7952716818017110684e-06	5.2451506462881903551e-06	1.3252417632179682753e-05	3.4595811727318218315e-06	5.9373092472189326857e-06
-3	-4	7	-6.9180572852121206026e-06	2.9351289865761674541e-06	1.1449368098764339365e-06	2.5430266854822770222e-06	-2.310632088018660866e-06	2.7110705288082299434e-06
-3	-4	8	2.8835018114134604031e-06	1.7845116514038918218e-06	-1.1975264120796947685e-05	2.4712169197285082784e-06	-4.9063188811184263501e-06	1.9048003291407135459e-06
-3	-3	-8	-8.4250580631396503674e-06	-2.7537474918431484569e-06	-1.3235936945440091489e-05	5.7461714800302001371e-06	8.1228731282174025609e-06	-1.1221589955701442742e-06
-3	-3	-7	1.4896080169983696572e-05	-7.2547814295951167251e-06	-3.656335833496822842e-06	-2.0188942301886846011e-05	-4.8170332870658033901e-06	1.1761595884920841777e-05
-3	-3	-6	-3.7166799864385361015e-05	-0.00010537223560539753036	-1.421590775904681848e-05	0.00016045968763843680878	2.5691353811716088901e-05	-2.754372601651963921e-05
-3	-3	-5	9.1338036116758657373e-05	0.00028422013060105038662	-6.2891641425084207823e-05	-0.0002992497723303900385	-1.7067836815004674473e-05	9.0177850376038067102e-06
-3	-3	-4	-9.9449825457837963557e-05	-0.00054376406057884778527	0.00061417914355408622339	0.00045992321632936706589	-0.0003860469885721861576	6.288063318711058019e-05
-3	-3	-3	-0.00033184036608942209029	0.00070922224641402993508	-0.00081986145758832548302	-0.0005910759829875141284	0.0011517018236777475191	-0.00011814626342651586089
-3	-3	-2	-0.00080067384522527248591	-0.00082089591285605819325	0.0016035675862683463396	0.00085691781717798576942	-0.0012043406115646107264	-5.4032856482891364249e-05
-3	-3	-1	0.0022495894850286519799	0.00085891470671825163787	-0.0028507368906687344939	-0.0014667546213404240082	0.0018034422169202479758	0.0018235197438665167857
-3	-3	0	-0.00011942202505074898749	0.0007021144579249096818	0.00011942202505074898749	-0.0007021144579249096818	-0.00090412887688937450866	-0.00039495475647710365534
-3	-3	1	-0.00098522597723804780818	0.00011928942971245479004	0.00069703571057343921037	0.00044795611715311799529	-0.00086457079999382568502	0.0017017366405967181663
-3	-3	2	-0.00046721242469639935732	-0.00039338016469886715213	-3.1346201455160476877e-05	0.00011901710578236533223	-0.00074783793922733978517	-0.00041154458837475274341
-3	-3	3	0.00040624826053913828212	-0.00024474033119876585944	-7.5876833758893052107e-05	3.126472658981438793e-05	0.00033037142678024524357	-0.00021347560460895147151
-3	-3	4	-0.00010908999678753129826	0.00013387870844282375414	0.00029329047457795688093	-5.1978921637827568247e-05	0.00013815035834281917345	6.1424840103747134338e-05
-3	-3	5	-0.00013869906003404451622	3.0351234226984278859e-05	-3.5723659014014410185e-05	0.00013435103684568736439	-0.00010465363142883535449	9.8821362643602980529e-05
-3	-3	6	1.5027676109867521586e-05	1.0401567344652978321e-05	-5.62868807171239836e-06	-5.3495135276792211412e-05	4.6994940190775611895e-06	-2.1546783966069616546e-05
-3	-3	7	-8.1993228522703189634e-08	-2.7655684287167398739e-06	-7.0433950787260862956e-06	4.0762093227276349435e-06	-3.0537378459637668372e-06	5.6170324029038360127e-07
-3	-3	8	-2.2462593688675226564e-06	-8.5245582200965229418e-07	-3.3643218226892831037e-06	6.4856627533938723286e-06	-2.1039679468338023718e-06	2.1124525992690826717e-06
-3	-2	-8	2.2264272268123734787e-06	2.4716424409667830565e-06	-2.3830864876483472894e-06	9.3565786768545440767e-06	-2.3913858814255323215e-07	-3.2660105845761797712e-06
-3	-2	-7	3.1992918911308571158e-05	1.2266364114834875528e-05	-6.005815856258992435e-05	-3.1331671994554561006e-05	3.4482229130363058188e-06	3.6948930920863570341e-06
-3	-2	-6	-0.00011055728868438492848	-3.0683666609432625605e-06	0.00022322788360787761738	7.4156767209273825761e-05	-1.913065019376674155e-05	-2.3184739072619643126e-05
-3	-2	-5	0.00056133162778918249246	-0.00011568527276444228672	-0.00072195649739509033631	0.00032529125698058618385	-4.801637771547338264e-05	-6.0705339133569096084e-05
-3	-2	-4	-0.00061340026871983712852	-7.3521982567910934905e-05	0.0012202992843867329058	-0.00065009729962711888546	-0.00015009944065348860653	0.00038019013673949264391
-3	-2	-3	0.0010704929340105528556	0.00061187194592287935582	-0.0019253490928656227712	0.0013146601936651746562	0.00021307312789986220772	-0.0014883120750329957571
-3	-2	-2	-0.0038768100617754450675	0.0003961856067708135142	0.004786248138484177142	-0.0038371062676232341876	0.0010289669541789906761	0.003242827857467013835
-3	-2	-1	0.0021787647583951098677	-0.0010897726719182594494	-0.0020141977121867862301	0.0020647746176023370167	-0.0025078988508117575768	-0.00086023121944989568502
-3	-2	0	-7.1548219897662863561e-05	-0.00035044865201368002915	0.00010732232984649430212	0.00052567297802052007083	0.0012064485036389993675	-0.0011320309209267712721
-3	-2	1	0.00058337729196757874377	0.0023387758867093790677	-0.00027776559566610565469	-0.0016934051997146643345	0.0011946006845705247051	0.0036295172606988081003
-3	-2	2	-0.0017637748327051516479	0.00072625985134671235208	-0.00053201713059979418869	-0.0010350543431733884563	-0.0031776793796575216605	5.4335433846679943046e-05
-3	-2	3	-4.5994566051904703862e-05	-0.0010090455067585234628	6.8403277580971611057e-05	0.00027533978264751167355	-3.9238099792363398856e-07	-0.00082548565166018234712
-3	-2	4	0.00040256672688101672935	0.00030878264887146357129	4.0254334459855696288e-05	-0.00026987351797401682362	0.00032205221239069040193	9.6650227666589253101e-05
-3	-2	5	-0.00013481771389792389696	0.00040916926552439671213	0.00016553937578771905957	-5.5801226908534045897e-05	-1.4674878023666709263e-05	0.00022318106855122440621
-3	-2	6	-0.00010274136404779448469	-5.6077855117287883906e-05	-9.2902390996779250884e-05	-6.3006358882490776912e-06	-8.2338145689490321454e-05	-3.0139139521393631976e-05
-3	-2	7	-2.139382150208855085e-06	-3.4687787471334655228e-06	1.6699608546782905393e-05	1.8761805753441531696e-06	3.8544386632770357413e-06	-9.5056787010172725122e-07
-3	-2	8	-3.3206495587271379852e-06	4.8577942972476566126e-06	3.229011038350029947e-06	6.4848067140110272533e-06	-4.3799082493516936356e-07	3.4428745399706279372e-06
-3	-1	-8	-7.1698807641977312151e-06	-4.6350383221105144859e-06	2.7771656426923710304e-06	6.4989713644326303811e-06	2.3415595812376024563e-06	9.2576795023736413456e-07
-3	-1	-7	4.9589343577175725157e-05	8.510303181721984696e-06	-6.8487121201043203332e-05	0.00010271908168166456893	-1.146870136149771079e-05	-1.8321427318118647113e-05
-3	-1	-6	-0.00014235644910612739933	0.00011937497452473671796	0.00013669128301831341178	-0.00029033760912584486531	4.8396344050011457589e-05	-1.1297885741394213068e-05
-3	-1	-5	1.4915109597258464178e-05	-0.00090688910885588591791	0.00015565230571759497706	0.0015135651592331877523	-4.0079526901874074258e-05	0.00024142043346689402738
-3	-1	-4	-5.6616956954797469353e-05	0.00078509867904843512725	-0.00025465750560913711633	-0.0017420231765235833898	0.0001061270941183823811	-0.000153318215155430498
-3	-1	-3	0.0010227294574129436756	-0.0024935094837701720152	0.00057786068582263211066	0.0050097798723822131381	-0.0012153496860204877125	0.00082358285964276788885
-3	-1	-2	0.00024465190876444658759	0.0055299451608725527785	-0.0044613345909402125217	-0.0081650935819543059291	0.0018636894323234363523	-0.0042123709503316762032
-3	-1	-1	-1.4578398082339824189e-05	-0.0054222188532223273422	0.0017214673388520787371	0.0033407257157481401282	-0.0016777321446050594018	0.012925930843918841465
-3	-1	0	-0.0018429394863056613573	0.0001089838199199941193	0.0055288184589169838551	-0.00032695145975998233081	5.7872704501105101552e-05	-0.0088715226123923119489
-3	-1	1	0.00010812803307675213115	0.0028030658594111581075	-0.00025988992608434009161	-0.0013281812264566165895	6.4494173145916328951e-05	0.0070810163517768583835
-3	-1	2	-0.00012514993427426755962	-0.0016607780854621756548	-0.00012024483899611742232	0.0037027071746132309525	-0.00024784732090946001671	-0.00063981354088664800592
-3	-1	3	-0.001176458703060502195	0.00012128299178367590546	-0.00125044450062195109	-0.0020352820594400663871	-0.0015932735366011527029	-0.00055714436136301284056
-3	-1	4	0.00014609202082637646786	-1.7445656500970478539e-05	6.747140875573237823e-05	-0.00038276265494077818443	0.00012643686780871543868	-0.00010877490611092240416
-3	-1	5	0.00041732746650654535927	6.4607182102960477796e-05	-5.5187704199692995616e-05	0.00025791814109963901846	0.00023935893906398860559	9.0347937481704090369e-05
-3	-1	6	-0.0001309411786510356209	0.00014244839470471467474	-3.4758219220536534593e-05	-6.0811162846352377463e-06	-7.1263625862273897288e-05	7.0210677971584804237e-05
-3	-1	7	3.6768600717504627243e-05	-5.6803621189958695525e-05	-1.2407935641296356753e-05	-3.0064909573064228625e-05	1.39854095016025026e-05	-2.8639396163277189338e-05
-3	-1	8	4.5851571180799084916e-06	6.4899939084516193762e-06	3.0487637777493401185e-06	7.9258098341753577212e-07	2.1005293914986330933e-06	2.5328203385965492111e-06
-3	0	-8	2.5136581657364484926e-06	7.7891578313286893631e-06	4.1223340481331469703e-06	3.953905696916306661e-07	-9.4262181215116818473e-07	-2.9209341867482587229e-06
-3	0	-7	7.062155066171360194e-05	-5.1687088889384732537e-05	9.4875527494805243626e-05	5.0674103670572312919e-05	-3.0266378855020114149e-05	2.2151609524022026294e-05
-3	0	-6	-1.9480144217266445061e-05	0.00022321132835419264621	-0.00020615306795764454673	-0.0002080143616622342497	9.7400721086332225305e-06	-0.00011160566417709632311
-3	0	-5	-0.00078049860594469494014	-0.0003323411898429287528	0.001324027230706792185	0.00032250454491016439544	0.00046829916356681692072	0.00019940471390575726794
-3	0	-4	0.00078865485971370144838	2.2960635801812891355e-05	-0.0017182589889625670722	-1.1295903054520156145e-05	-0.00059149114478527608629	-1.7220476851359669363e-05
-3	0	-3	-0.0010331952902873841812	0.0001275972331520314456	0.004407434836490331867	0.00037164655877120091184	0.0010331952902873841812	-0.0001275972331520314456
-3	0	-2	0.0032012077458649051791	0.0016178988054231843025	-0.0088946867431287796046	0.00087067683789181650033	-0.0048018116187973575518	-0.0024268482081347764537
-3	0	-1	-0.0086739362454105496669	-0.00014361771692869806623	0.013025870226640558908	-0.0058390662089623296058	0.026021808736231649001	0.0004308531507860941987
-3	0	0	-8.9677977101420676801e-44	-0	-0.0015114578389469172665	0.0049378607668547815773	-0.0088067891465773880111	-0.0069148431794232188483
-3	0	1	0.0063728418629124131481	0.00067575094623244875893	-0.012861359581908793012	-0.0038903649716342364982	0.019118525588737240312	0.0020272528386973461684
-3	0	2	-0.0014156170709713859768	0.0012021898256002090666	0.0076123659166854838742	-0.0033310406248761134824	-0.0021234256064570789652	0.0018032847384003135999
-3	0	3	-0.00015253816328722135894	0.00053652575872647730645	-0.0026779647379103796272	0.002020317407373621154	-0.00015253816328722135894	0.00053652575872647730645
-3	0	4	0.00030292966963135368932	-0.00010874446410591609338	-0.00059384438454064883677	-0.00039471074033571492681	0.00022719725222351529409	-8.1558348079437066646e-05
-3	0	5	-0.00029868067720536855755	-0.00021106740280876003799	0.00045274280150353266158	3.8801037536529382689e-05	-0.00017920840632322111827	-0.00012664044168525601737
-3	0	6	0.00013209375453682964765	7.8843553866570043292e-05	-8.4684792925105136971e-05	7.4941656370782174976e-05	6.6046877268414823825e-05	3.9421776933285021646e-05
-3	0	7	-3.4951174485861975165e-05	-8.2248003137997297376e-06	-3.9254237196334585644e-06	-3.382243029989875601e-05	-1.4979074779655131245e-05	-3.5249144201998838102e-06
-3	0	8	7.770807135236761315e-06	-5.1516935670441215339e-07	-2.1668686585152336007e-06	-1.5437732667936871841e-06	2.9140526757137854931e-06	-1.9318850876415454429e-07
-3	1	-8	3.2035738928724429519e-06	7.3616912805193555948e-06	2.1253201384261547692e-06	-6.8224006762301833367e-06	-9.356751925238967608e-07	-3.6134343147235310534e-06
-3	1	-7	-2.4442082912358986115e-05	-8.8808742116243126106e-05	-3.6352353386538456689e-05	-7.9643727407109792725e-06	5.2819850500769285662e-06	3.6923121944002623837e-05
-3	1	-6	0.00023419126249429121742	0.00013652815845756056772	-0.00023327587392040592261	4.502291757959854231e-05	-0.00015597494356721326248	-6.0760259632180529065e-05
-3	1	-5	-0.00057551401958970209959	0.00027769991324399736403	0.00047714777502674832199	-0.00068814004404710857939	0.00044073796675917089162	-0.0003042479567558201343
-3	1	-4	0.00023948755577428491696	-0.0010218408654177448328	-0.00020614877368826264544	0.0011457129477175549432	-0.00023115286025277934231	0.001052808885992697523
-3	1	-3	0.00096935041840970597848	0.0015682468789905785935	-0.0018113859205336536352	-0.0032636851295863712578	-0.0015731457252542572264	-0.0026561419221860357517
-3	1	-2	0.0004030741942471675692	0.00041080861066900969123	-0.00079980036968953184193	0.0052857745928621595669	-0.0010045114762155173561	0.0020266743804275653279
-3	1	-1	-0.0022489778656745512339	-0.0038440375776727189229	-0.0034394664372158264415	-0.013976366258703113235	0.0033074671598078268266	-0.0024442535256849564664
-3	1	0	0.0013642260443294251804	0.0028626192542631646171	0.0040926781329882755411	0.0085878577627894938512	0.0014944017573002398979	0.0095990332094145463387
-3	1	1	0.00018542825153250059862	-0.00036641251952833651722	0.0027003915771519598071	0.0015401692384913662822	-0.00214410682255445793	-0.0026394067970763757797
-3	1	2	5.9401105221193868612e-05	-0.00035421717256697870559	-0.0020873919607834186089	-0.0019874639148071649927	0.001132797638223500148	0.00046240619855311432956
-3	1	3	-0.00025556017295337297686	0.0014778978526287420668	0.0017392303223885987023	0.0022493411598581113109	-0.00083530361374957256236	0.00072811746600937173827
-3	1	4	-0.00023186214568439602159	-0.0004981937495417958911	-0.00044306773322149426743	0.00031309509077258372784	-6.3129675957923449335e-05	-0.00045191908484949283673
-3	1	5	3.2013477220675506387e-05	0.00042210767803609110195	-0.00013850096033089930752	-7.8836753367033879174e-05	4.6908278398585169402e-05	0.00026903195749506140719
-3	1	6	-1.645692826181441949e-05	-0.00012616374360888702247	0.00012838722228691913933	1.6079811355107895461e-05	-2.9626334512060399634e-05	-6.5761840363628154831e-05
-3	1	7	3.1442497952332099868e-05	2.1743041837700911357e-05	-5.9064709710982442532e-05	6.0448982313799759825e-06	2.1913171938282677932e-05	8.454889611674679364e-06
-3	1	8	1.0489052814430482277e-06	-1.1178739499334193076e-05	-2.6010381904982137697e-06	-3.8617938874453627018e-06	7.1846925435341978013e-07	-3.7093030763196523835e-06
-3	2	-8	1.8905804978012720274e-05	7.3106522527113824834e-06	2.452872413725947508e-07	-6.3731380024282763914e-06	-7.0283550564116206738e-06	-4.334779095373837635e-06
-3	2	-7	-5.1550877286393838653e-05	9.2673650357702552305e-06	7.9366473662843443427e-06	-1.3414661585980796769e-05	2.4360846655964314949e-05	-7.8044883256103375169e-06
-3	2	-6	0.00014969816684762905822	-0.00023384402325896789143	-8.2688958309963913381e-05	0.00011788306731847865481	-0.00010241206952713583357	0.00015621636740231016399
-3	2	-5	-0.00010868992254027950918	0.00063790156419615720411	-1.9843220953367584459e-05	-0.00033493757486265514052	5.7276665142820669017e-05	-0.00051671596846275644373
-3	2	-4	-0.00094031933257968851412	-0.00069065896524942653033	0.0001468972651559634292	0.00058446174212155809456	0.00077868813201274810019	0.00081022509499784891793
-3	2	-3	0.00155224678594219909	0.00021148488136221954515	-0.00066299328363521032974	-0.00023939446253034259095	-0.0019942423083656726432	-0.00037108118971578127245
-3	2	-2	0.00042596529498050567097	0.0003316960118091994824	0.0033076133896912923021	0.00017922650449747498614	0.0026686654472205337957	-0.00031831751321632429166
-3	2	-1	-0.0018152253540478985924	-0.00012295168626204563988	-0.0027532720608404981887	-0.00096684913996330070027	-6.086805953730011913e-05	-0.0015648432211404644538
-3	2	0	0.0012046108345750543029	0.0010807859631083431996	0.0018069162518625813459	0.0016211789446625149078	0.00015188593445954157949	0.0016871067797494523552
-3	2	1	-0.00019550660076215521394	-0.0015232718402376460402	-0.0007680265396289972981	-0.0015564272672961665216	0.0009495332769715290628	-0.0014569609861206050776
-3	2	2	-0.00078109175216348723531	0.0001761006854199064311	-5.2981855913195522844e-05	0.00065130755365508093222	-0.0011186557723320354318	-0.00038715652552522125847
-3	2	3	0.00084475348230012763193	0.00024073546987978729239	0.00029913559830613121624	-0.00011348036237893224527	0.00064532975009604022672	0.0003163890447990754559
-3	2	4	-0.00067313410903050796639	0.00011716915831388344889	-0.0002520667109097302354	-7.5710033147316114642e-05	-0.0003788172263180159113	0.00012573188530907064737
-3	2	5	0.0002512390908373847041	-6.4649080787157735956e-05	0.00010760905547554576683	0.0001858266199765596391	0.00010769983231221250488	-0.00011312009646291849179
-3	2	6	-6.130328763598911579e-05	6.8421899584737784126e-05	-5.2337657039996551259e-05	-9.7153865026328043103e-05	-1.3205758137995704087e-05	6.6595571467811570839e-05
-3	2	7	3.0181322870157796665e-06	6.3342110230781753421e-06	1.2948342262493544466e-05	2.8444550335118314722e-05	-2.4060410948485357045e-06	-5.4123525144288717957e-06
-3	2	8	-6.6007530704882702252e-06	5.9964427125488890203e-06	-8.710925610601211538e-06	1.9659167117903103779e-06	-2.9755099878279850286e-07	1.7571868392582557881e-06
-3	3	-8	1.2394843744113320908e-05	-2.2799708197551010589e-05	-7.9679480713604201159e-06	-4.6927536591450966599e-06	-7.636046930802652672e-06	6.7901079519022181471e-06
-3	3	-7	-2.1686328675555205684e-05	-6.009038554954647076e-06	4.0310856042289565146e-06	4.2552871940904516522e-07	1.1021748977050356075e-05	2.7576716890130112555e-06
-3	3	-6	-8.1329615664371419492e-05	-0.00010481167456717148639	2.3309211174769023373e-05	4.2101437583203852309e-05	5.2319413419570223126e-05	7.3456556075187669349e-05
-3	3	-5	0.00043041410310259840171	0.00016740826384082445311	-0.00015630107123876268473	-0.00014244424369786896629	-0.00035202910460481663018	-0.0001859115045232160408
-3	3	-4	-0.0010703457050475762014	0.00043225911468991489632	0.00035651742332986133396	0.00034935323410271719273	0.0010701473462830781921	-6.2179410440398304801e-05
-3	3	-3	0.00095120900762339871768	-0.0011792348659647039488	-0.00046919149884121463378	-0.00046197783170346095596	-0.0014204005064646133515	0.00071725703426124304708
-3	3	-2	0.00021031210429110416956	0.0013284416907030963638	0.00074696807969058028748	0.00044097048883676533875	0.00080498396309921409555	-0.0013312068027994967273
-3	3	-1	-0.0014305825339490142473	-0.0002195306396763553494	-0.0014902055573571203976	8.9208444892957736963e-05	-0.00017886907022431901997	0.00092621725370793921844
-3	3	0	0.0023925581148922015796	0.00027865293464527019678	0.0023925581148922015796	0.00027865293464527019678	0.00018574269461418414892	0.0022569590359783320808
-3	3	1	-0.002294045998499306873	0.00043908394219543635988	-0.0022127872418065295743	0.0011141687043302740245	-0.0002437762700783314355	-0.0020252542864045127227
-3	3	2	0.00042480584528837726701	0.00064798906695481676456	0.00042715670319556589161	0.00032712322889947377568	-3.5262868607829030219e-06	0.000481298757083014402
-3	3	3	-3.5914490645777223503e-05	-0.00059217036555831543358	0.00010615819184801850552	-0.00045492888353683744824	-0.00014207268249379572224	-0.00013724148202147801244
-3	3	4	0.00033473003419234084168	0.00052425859334397724356	3.4040417390357247996e-05	0.00053718430586048462969	0.00022551721260148768679	-9.6942843873805565399e-06
-3	3	5	-0.00011283532168866740287	-0.00019560113462897471613	8.4822241714669959297e-06	-0.00023947958341470325524	-7.2790527516080634875e-05	2.6327069271437118043e-05
-3	3	6	3.1953200719701470203e-05	5.3268331162542401503e-05	-1.1197208066891162895e-06	4.5006473293788068165e-05	1.653646076319529367e-05	4.130928934377164975e-06
-3	3	7	7.0627611816653101391e-07	-7.9201702182314866511e-06	6.4534499271000577458e-06	-1.0436369199370102906e-05	-2.4630744895429399372e-06	1.0783709919165500354e-06
-3	3	8	3.1961574510959412172e-06	2.6602442760482788168e-06	3.7793133182090365052e-06	8.7909919876002075805e-06	-2.1868345016741065359e-07	-2.2990303918319732864e-06
-3	4	-8	-3.7532505865794327802e-05	-3.3748455962583068495e-05	-1.2661524100290687725e-05	1.4458394249972237255e-05	7.7439276495275299102e-06	1.9884868110954769313e-05
-3	4	-7	2.0226266607368280922e-06	1.2396898956817096975e-05	2.8216691494936192734e-06	-1.4326164603959682586e-06	7.4554237368057029656e-07	-6.1315946731478804444e-06
-3	4	-6	-4.4592752930500556151e-05	7.2524493611609444177e-05	6.7049415561326260209e-07	1.9822643136619827735e-05	2.2743372568992450955e-05	-2.3047151381391506986e-05
-3	4	-5	7.6145574613069742158e-05	-0.00019964076688488660051	-7.8065712568067761987e-05	3.8141173378812703323e-05	-0.00010813991482229604404	0.00015029739883398211754
-3	4	-4	0.00011788217256572907483	0.00053969651798900031628	0.00021167465862682689824	9.3590987995088943045e-06	0.0001232630292025300989	-0.00039541328969224139034
-3	4	-3	-0.00072546668197123254703	-0.00083557416223838055971	-0.00047938676182695806561	6.9846855666211993133e-05	8.6284332868621747706e-05	0.00092870330312666321722
-3	4	-2	0.0010148309787998419443	0.0003161692978661376132	0.00061193336684304438285	-0.00020043808863704797225	-0.00029837973451367420493	-0.00087513012407330231009
-3	4	-1	-0.00039655971208608383318	0.0003749941801867020608	-0.00025025586684934529721	0.00033048612013850662585	0.00018865566886087028358	0.00019696193999392023967
-3	4	0	9.9558798417718832072e-05	-0.00056708260159951640825	7.4669098813289134218e-05	-0.0004253119511996373333	0.00025096034703236437535	0.00023951161360459319294
-3	4	1	-9.0298334847605936674e-05	0.00040359994687173209992	3.8314749998645998574e-05	0.00034566803853904731758	-0.00042415400453740180432	-0.00017187231354099299766
-3	4	2	0.00042073287788983645139	-5.1753976302161636895e-05	0.00027317112244239444372	1.8354075763213889815e-05	8.4757071949965735432e-05	-0.00011433911597967023497
-3	4	3	-0.00056914151885165576317	1.6284173619724762893e-05	-0.00039433281166355109958	-0.00010928374214997358706	-4.3364436633587643958e-05	0.00016199582981968953547
-3	4	4	0.00027934506629714660848	-0.00015308680828650018143	0.00027101004963075926886	-4.1556074215528491242e-05	-6.1501249907899326053e-05	-7.3259031999346638057e-05
-3	4	5	-5.8042227438047051325e-05	7.1174653856696359412e-05	-0.00011205558203562688581	1.9893441211070724364e-05	5.4819129165673272433e-05	2.6790039345161232768e-05
-3	4	6	-1.4346611042764419522e-07	2.3642572038473093327e-06	3.5675583751937399793e-05	-2.649032758598915818e-06	-2.385545555650542271e-05	2.948150440989598545e-06
-3	4	7	-3.7399589553396924595e-06	4.414884929215816938e-06	-6.4220441305541233214e-06	-5.5941957132995559139e-07	2.0668999508853451901e-06	2.2117618675667531299e-06
-3	4	8	-2.9252139593867657138e-06	9.8318827861100556984e-06	1.289051595276583121e-05	-7.4838308143441405936e-06	-7.5422132111529531181e-06	7.4288714519633416072e-06
-3	5	-8	-3.9206689667368797402e-05	2.3512053965253978949e-05	8.4167542082169678562e-06	1.970859148461383598e-05	1.9962980005398903724e-05	3.5008494409134041113e-06
-3	5	-7	1.4989768328718440984e-05	-2.0559053936557464569e-05	-8.1746870817010416232e-06	-6.0365534860127156378e-06	-1.2263248627808648021e-05	4.4991991970869737663e-06
-3	5	-6	-3.6794744252218685549e-05	6.5299408767372331123e-07	3.9391636798634284098e-07	1.4709148847546781971e-05	1.8725635766097961323e-05	1.1931126995785457659e-05
-3	5	-5	-2.5939747152319268694e-05	-6.2007741200290520073e-05	-5.5294464462563288547e-05	6.2462941526474161915e-05	-3.9730616171171730718e-05	9.9667586246648468538e-05
-3	5	-4	0.00015086319379868144371	4.7888633978340995406e-05	2.3431400751631003654e-05	-5.2315489271790220442e-05	-8.3858144409472345159e-05	-0.00010131083707349351872
-3	5	-3	-0.00039665884860351448065	2.2532160076797985971e-06	-0.00010221780033890941783	9.7124141616818465109e-05	0.00022629584803866544191	0.0001596203533536843318
-3	5	-2	0.00050218678164678349184	-0.00027396724733219537506	0.00014718664025057079142	-0.00022026462480374581383	-0.00038531357184374838117	-0.000139710691011071472
-3	5	-1	-0.00016009996789391231606	0.00042817951574507522212	-5.8421801503221399484e-05	0.00025240156563088509117	0.00018819089616562995754	-2.2530719080800190211e-05
-3	5	0	3.733090048743529962e-05	-0.00033254141178705161428	2.239854029246118316e-05	-0.00019952484707223095773	-2.9643823937923443528e-05	-0.00012170775725718766599
-3	5	1	-0.00024196150788550926632	0.00012112694092440447733	-0.00014471078501716700911	6.1673699062531932226e-05	-2.3305985706926957873e-06	5.5012327460553757321e-05
-3	5	2	0.00030808203124020437516	-9.4232899815284594785e-05	0.00018506225468779914146	-6.2816752871942133085e-05	-5.3258985919133653509e-07	1.5692532456928433759e-05
-3	5	3	-7.0869306145413424759e-05	0.00020134481919757560775	-4.9170075530754968449e-05	0.00015712063544867077417	1.1080819739178193276e-05	-6.0522906550209020393e-05
-3	5	4	-3.9015716426973469475e-05	-7.6569905991862835634e-05	-2.2160216157988123312e-05	-0.00011202158914133264619	-1.5615171227449488127e-06	8.2599556932768687786e-05
-3	5	5	2.9726873532799123978e-05	-1.0910114532125026021e-05	1.2853144375209279345e-05	3.8953191092028117569e-05	4.982979744470194534e-06	-4.549925981130313352e-05
-3	5	6	3.16704099505403358e-06	7.1749130232718298441e-06	7.5428491539255570499e-06	2.0793439624227653231e-06	-4.7021871307442803987e-06	1.854669876283610345e-06
-3	5	7	-1.1305821341877152215e-06	1.2827121777880475169e-06	1.2531005845409926561e-06	7.6367223471962176616e-06	-1.3796070464668727367e-06	-4.9050678860881342309e-06
-3	5	8	1.014325696612527607e-05	1.6245270598998321913e-06	-1.5660507411867733709e-06	-9.9062278024808851347e-06	4.7825030755387118832e-06	6.8005900240129909162e-06
-3	6	-8	2.0029806787060639314e-06	2.5368789181599388184e-05	1.4752400957285116763e-05	4.0464278974676695468e-06	1.0313182963449062909e-05	-6.4784750199990186206e-06
-3	6	-7	-2.3421063421317312386e-05	-3.7796518931208586834e-05	-1.913806643685353519e-05	1.0176618411754236339e-05	-6.3664583367384674698e-06	2.4921323894878739307e-05
-3	6	-6	1.5751454541051308213e-05	1.3895713342662471362e-05	5.2453990412174875821e-06	-4.7284483210835053418e-06	-2.6303282293081665247e-06	-1.1676304992414741023e-05
-3	6	-5	1.8881401548896551633e-05	-2.955047937371392834e-05	-1.3511207491641867679e-05	-5.0239976850195567815e-06	-2.7542289919308173549e-05	1.1701490402204888189e-05
-3	6	-4	5.1516369463859354037e-05	-1.3190285168681162013e-05	-2.74393077390119036e-06	3.180162441828051869e-06	-4.2753173258746300645e-05	1.466295753925294889e-05
-3	6	-3	-8.3605820654881395169e-05	6.9652179021714664942e-05	-8.4485400437022226832e-06	2.2832906431870206597e-05	6.6708740567476943026e-05	-2.3986366157974244972e-05
-3	6	-2	0.0001263118420272721712	-0.00015021596434597854356	1.3060375436904413259e-05	-7.9919353633284905361e-05	-0.00015028663673019500855	-1.443411438088691091e-05
-3	6	-1	-0.00013508035572186110717	0.00017397851477753614323	-3.9186011659798019148e-05	8.3531758002701700198e-05	0.00017012499720679520663	-2.0744996316398255608e-05
-3	6	0	0.00011608803530831150849	-0.00018224807428275372942	5.8044017654155754247e-05	-9.1124037141376864712e-05	-9.3430298496066085728e-05	5.1879301072060636003e-05
-3	6	1	-4.7461127327206766708e-05	0.00017914551419130503329	-2.9738299574982183713e-05	9.2725970070846869936e-05	3.6046415468272802152e-05	-1.8919277851166133313e-05
-3	6	2	-1.9425570313294963318e-05	-7.5238543573268346922e-05	-1.6437301911521453804e-05	-4.1193307903585491556e-05	2.0173550264621921516e-05	1.0722108350853957673e-05
-3	6	3	8.7354748349806284942e-07	3.3834551821731262227e-05	1.1534026097610837949e-05	2.5160225623609184809e-05	-2.2194504711723614848e-05	-1.6485899425487100616e-05
-3	6	4	3.1133038557706528722e-05	-5.1321639762626830711e-06	-3.9731835584020664187e-06	5.7143083281295075296e-07	2.9309554255882994052e-05	-4.7062692314164386974e-06
-3	6	5	2.6639577198204251356e-05	-1.0516627971708644026e-05	1.6529960190098824956e-06	-1.8360849301605581167e-06	1.4000151096110691819e-05	-4.1066748668325165912e-06
-3	6	6	-1.4719085042049728436e-06	-1.3124045638519493991e-06	-3.9835408811590461266e-06	-3.7055159322728173123e-08	3.2475866290565599165e-06	-6.1914712260324646025e-07
-3	6	7	-1.1508683923626560695e-06	1.3507896719635406363e-05	2.974035248234781216e-06	1.6735800310133480098e-06	-3.0424023809280936132e-06	4.3546014246894474111e-06
-3	6	8	-1.2558811891122286546e-06	-1.0460899180659151794e-05	-1.0956254036287752924e-06	-1.976658801634912615e-06	3.5076360680449580326e-07	-2.4403430915209975672e-06
-3	7	-8	5.2196672886749117252e-06	3.3110392094955862426e-06	2.7943490543722518568e-06	-4.0616961949819000398e-06	4.8768018932262842483e-07	-4.7956238741700074287e-06
-3	7	-7	-2.7589874486346440595e-05	-2.4736536516359517354e-06	-2.4900334677181626483e-06	1.421815930584791869e-05	9.3341984550017410084e-06	1.5278296585120468103e-05
-3	7	-6	3.5167401721877419808e-05	-1.4877511640080522495e-05	-8.4312288018301562701e-06	-1.4512543274098218158e-05	-2.7420134463073889678e-05	-9.4925446664076585247e-06
-3	7	-5	-1.6574292874216870136e-05	1.5914085611406514218e-05	3.6151753471649437441e-06	3.8965176353706798329e-06	1.5005821210561044171e-05	-4.0933266773249569339e-06
-3	7	-4	9.3340162563342176115e-06	-1.1076217402731136137e-05	7.452119726990426269e-07	-5.3097293239839904715e-06	-5.6963912400273386115e-06	-9.8486326492363079912e-07
-3	7	-3	-2.1481574353433489341e-05	5.1318303201187282026e-06	-2.9103272196186737764e-07	3.8788609598612044214e-06	2.0802498002189130221e-05	3.91884525289074991e-06
-3	7	-2	-6.7287057897562667851e-07	-4.6416702961656960285e-05	-4.3708042585246256617e-06	-8.8422403275473790348e-06	-1.4288509036372748528e-05	3.8677213296069611265e-05
-3	7	-1	3.1149612317044788126e-05	0.00010143099564302625933	1.901991044658873765e-05	3.3403376860772648774e-05	3.9690536174986782228e-05	-7.0469348903670216253e-05
-3	7	0	-3.6572437091988493224e-05	-9.226499897665410739e-05	-1.5673901610852211382e-05	-3.9542142418566044088e-05	-4.171892440182475636e-05	6.6493293840317910606e-05
-3	7	1	4.4733050668968729266e-05	8.7600840297569890409e-05	1.3682001352684783224e-05	3.8606217633492149544e-05	3.8425142538112713698e-05	-7.4410025417353899799e-06
-3	7	2	-3.3749511074534828792e-06	-1.3351577768055141024e-05	4.1147511951686511055e-06	-8.0935382550304602121e-06	-1.9464055844270500859e-05	8.3000172405238992066e-06
-3	7	3	-1.0709302006520484779e-05	2.013100011970359231e-06	-8.477440880867933052e-06	5.0207935731354445312e-06	9.0713933821713607029e-06	-9.7020849920123442516e-06
-3	7	4	2.2008282195528776144e-06	7.26894861094681287e-08	9.5836040669337032181e-07	-4.0201205128564245636e-06	-2.6509547048739915262e-08	7.0897280120808446751e-06
-3	7	5	3.030207522488286315e-06	-9.4420746577039846029e-08	6.7835661467984833051e-07	-1.1217629102209946302e-06	8.6842525294118397805e-07	1.5138156263631687123e-06
-3	7	6	-1.3274286784761610129e-05	-1.5444780886051058548e-06	-1.5394981012571178386e-07	-5.182399341748859257e-07	-6.4575352805674744646e-06	-1.6762578776518591701e-07
-3	7	7	1.1801962210624246941e-05	9.3800120622140582535e-07	2.4452385219645695476e-06	3.7036007573643619064e-06	2.6127452825886791415e-06	-3.3016002404123308686e-06
-3	7	8	-2.806240827600082923e-06	-5.8800371783683438742e-08	-1.7331081979865646418e-06	-1.3070439741850830509e-06	4.6412936288821291253e-07	1.1216133379930664875e-06
-3	8	-8	7.3390445030796148775e-06	-2.7329111827826777444e-06	-1.3858416833865572937e-06	-2.0174920223903875572e-06	-4.1379833720414125551e-06	-9.9265032884688372067e-07
-3	8	-7	-4.2687365387132564568e-06	3.9972108258863084013e-06	3.0490278389111121794e-06	1.9173290984495395896e-06	5.3140617610612381151e-06	4.7814290141962722289e-07
-3	8	-6	5.9125255945751345471e-06	-1.9909924962222481964e-05	-7.7368424350201874077e-06	-9.0009351840751957968e-07	-1.3272052710647816868e-05	8.754837789901214452e-06
-3	8	-5	4.0424418548984944683e-06	2.7303183867332037537e-05	6.7945859642571156207e-06	-3.9765210002171139298e-06	8.4458724298722886509e-06	-2.2744343920746605488e-05
-3	8	-4	-7.4655924034644110239e-06	-2.1147081179293680678e-05	-2.1317304415284435827e-06	4.5950655388295480553e-06	1.3357334195414206789e-06	2.5050441962129354925e-05
-3	8	-3	1.1493423191403620405e-05	1.7991587710957981905e-05	1.9795216071416925047e-06	2.1434881032361655303e-06	-6.2146989056924415215e-06	-1.2275619435661540491e-05
-3	8	-2	-1.5296350633039788267e-05	-1.1957213979187390415e-05	-4.0890505849952135778e-06	-1.2767672676177065617e-06	6.5883236095788289365e-06	1.2828751898310257682e-05
-3	8	-1	1.3099535759634500011e-05	2.3679270237319797234e-06	4.5430746651173314977e-06	-7.6614891284704968816e-08	-2.9540099579648527115e-06	-7.7167002014735781797e-06
-3	8	0	-3.5546372406094264535e-06	-4.8725018990283863456e-06	-1.3329889652285350789e-06	-1.8271882121356449855e-06	2.8516959032183441427e-06	1.0780709436829066423e-05
-3	8	1	7.2680198052856740065e-06	3.3756414923797287643e-07	4.1818751880510353534e-06	1.2605700259247821568e-06	-1.1650942088551262502e-05	-9.0718677596843382016e-06
-3	8	2	-9.0786963925740778912e-06	3.3458397810583254196e-06	-5.4666189020103622353e-06	7.3318232963409943504e-08	8.2484310191803312574e-06	4.7254867397338483554e-06
-3	8	3	4.2059227631363497806e-06	-3.3747613020894791677e-06	3.7359480379386139032e-06	-4.1626921697317369869e-07	-5.7566053380332872947e-06	-2.2647100568276826378e-06
-3	8	4	-2.8968827645091874022e-06	2.8425649645513524513e-06	-1.261579580467818583e-06	-1.1036787722004706619e-06	3.5049708755374693204e-07	4.3392812678144560858e-06
-3	8	5	3.1849947158559873477e-06	-6.1829111245364960927e-06	3.1115500148837070757e-06	1.8498115357377814481e-06	-3.0674831943003389126e-06	-6.6694451319023479726e-06
-3	8	6	-2.3127832998238337642e-06	7.4864807080423831207e-06	-4.2002668479500109326e-06	-9.1831992885949093292e-07	4.4439641473547651377e-06	4.96766692583384642e-06
-3	8	7	8.5256683640630505631e-07	-2.502229930304052526e-06	2.0176840833476241614e-06	-5.487561371467376199e-07	-1.9405388796517253553e-06	-4.4523438481975101361e-07
-3	8	8	1.1777752684295846599e-06	4.9473554765725130753e-06	-2.7173816128875107679e-06	7.6996602839221770266e-07	3.1590473385486047506e-06	1.0852922753224748065e-06
-2	-8	-8	2.9953301047946772867e-06	-4.4670623952296637042e-06	-5.6492186395433771523e-07	-2.2298223853143394463e-06	-1.8391066224433160646e-07	3.3465879841217553724e-06
-2	-8	-7	-2.7624197837661424552e-06	1.1830421444538266273e-05	2.9120903581579754568e-06	2.8168393986761981044e-06	-2.5388404711045027987e-06	-6.5993654397837311755e-06
-2	-8	-6	-3.8855805069643935165e-06	-3.1836015047879268319e-05	-8.6932654735080171801e-06	-1.0114245035684327732e-05	1.2886214133665487412e-05	2.4097665063538860878e-05
-2	-8	-5	1.6911055351855072237e-05	1.706681414794670033e-05	7.7762545238383778349e-06	1.0157000173638414668e-05	-1.9206429378883436819e-05	-2.3077925937000144955e-05
-2	-8	-4	-1.397561707820234768e-05	-3.91274245053643557e-06	-5.3081078097515341143e-06	-4.8404349474006602344e-06	1.7604024158604241222e-05	1.1637241120069539101e-05
-2	-8	-3	8.8125733315146386349e-06	-2.5368030578155660734e-06	1.7633949805052906513e-06	8.7372768087853730964e-07	-1.0577435502357201391e-05	-6.387384437990553376e-07
-2	-8	-2	-7.5656143420010543135e-06	-2.137541564846323422e-06	4.0502514131745817868e-06	5.0362032018142318312e-06	-8.6353913106972728336e-06	-1.8007271242410604326e-05
-2	-8	-1	-9.8795763841921715732e-06	-3.4280193831959150668e-06	7.2414373813857769205e-07	-2.8152313843586938709e-07	1.3966002863275720763e-05	9.1082238738787856539e-06
-2	-8	0	5.3807533490688013917e-06	9.6580740613811899656e-06	-1.3451883372672003479e-06	-2.4145185153452974914e-06	1.4703297895028041443e-06	-9.7871132840613524786e-06
-2	-8	1	7.3632889485494432892e-08	-3.5427911806019439316e-06	1.1654537906798241774e-06	2.1334021627109471383e-06	9.470896104409582444e-06	9.9816349404836909371e-06
-2	-8	2	2.1000631344356247162e-06	1.2387336589179642586e-05	-1.3752529262036782928e-06	-4.4771733067788955357e-06	-3.4009485703790888785e-06	-5.5213566379359404039e-06
-2	-8	3	5.6172325700658826125e-06	-2.5910589009389051539e-06	-3.7627906573314021575e-06	8.281948346077556346e-07	-6.289286706173150396e-06	4.811469583280780093e-07
-2	-8	4	-1.1449107739135604481e-05	1.8275145929320448453e-06	5.8902262391762158335e-06	-2.5773641762271583013e-06	6.0558986087846294264e-06	-4.2409710559882937564e-06
-2	-8	5	1.8339697548551880859e-05	-1.3326536840142492148e-05	-4.9249571029854210768e-06	9.0836968505083995112e-06	-5.4405234535592222634e-07	9.203300224756444053e-06
-2	-8	6	-4.4302786550976391104e-06	1.7262042954776547765e-05	-3.3757614686675969839e-06	-7.1605061173217543025e-06	-5.9777748432560090153e-06	-3.7933271715034896737e-06
-2	-8	7	-3.1649816006712239958e-06	-4.6131665124583784521e-06	1.4712625070748258802e-06	1.4747505183157310217e-07	7.7716240789373712815e-07	-1.1495046586091673805e-06
-2	-8	8	2.6813134050877236916e-06	1.3389064664349392504e-07	-2.5519207579760021741e-07	9.7397968717085334141e-07	4.1513627547433070549e-07	1.0074523488317268822e-06
-2	-7	-8	-9.5001040797798649032e-06	-8.7799387148676650124e-06	-5.3850852750526367058e-06	7.2289669053873524699e-07	7.0869756356160232375e-06	1.5624500744955227664e-06
-2	-7	-7	3.4199066864928486333e-05	2.1446344789871428895e-05	1.8870027753816942046e-05	-7.5625144492902580926e-06	-2.864118971522508245e-05	1.4349873664698501697e-06
-2	-7	-6	-3.5195474494441809411e-05	-4.3128341363055796049e-06	-1.422940803389402496e-05	7.7544318015997580721e-06	2.8332800871023631692e-05	-7.6092257230978578824e-06
-2	-7	-5	1.3682476738246470468e-05	-4.7000650303401410052e-06	5.4497370192746887884e-06	-6.0555480018095659658e-06	-1.3102622522283151983e-05	1.0357793214669448585e-05
-2	-7	-4	-1.880967227085721098e-06	-4.234589417030788925e-06	1.3349144707133063248e-05	1.1408046301732917292e-06	-2.2420519623939998654e-05	1.2088660571213406875e-07
-2	-7	-3	3.0471502031292398984e-05	-2.3882218574328601828e-05	-3.0055152275377940622e-06	2.7896971713107583435e-06	-1.3301465823273412754e-05	9.4121856498272989816e-06
-2	-7	-2	-9.651212609941372091e-05	5.3800253406462100823e-05	-1.2324741053738619165e-05	-3.8386911480368889795e-06	0.00013964871978749889307	-4.0364834388332991512e-05
-2	-7	-1	8.3776027718575324767e-05	-8.1548534215437158343e-05	-1.9753587645994553934e-05	2.3680286904483542333e-05	-2.9276941915188782164e-05	-2.6649399005104940457e-06
-2	-7	0	-4.6150052052549496331e-05	8.0057304165574518537e-05	1.318572915787128394e-05	-2.2873515475878435804e-05	2.1072218144177757687e-05	-5.8911700163933774491e-06
-2	-7	1	9.627410074098343329e-05	-4.3689230302317555281e-05	-2.4808255891070140584e-05	1.4188386809470020569e-05	1.8890410244475896046e-05	1.1940247061655033425e-05
-2	-7	2	8.469901707917213893e-05	0.00015681607633117016897	1.1082309465541718754e-05	-1.5443563345917567237e-05	0.00012348710020856814695	0.00010276360462045869889
-2	-7	3	6.1271869710013086988e-07	-6.8857169178001524786e-06	1.44467116601296503e-06	2.1464172111339444633e-06	3.7793785187636721754e-06	4.1782888077910248341e-07
-2	-7	4	5.2135008283731512302e-06	-1.4780763107999809005e-05	-2.256719151980752389e-06	8.5846022884657603133e-06	-1.3425081017797409597e-06	7.6326724508151756222e-06
-2	-7	5	-5.3624711898791595303e-06	-8.9155775637190850798e-06	5.9851289706031106879e-06	4.2373465179232042249e-06	6.2341920828926908121e-06	2.3660540996048515442e-06
-2	-7	6	1.7474373579926392221e-05	1.2966215802117972192e-05	-1.2622109503423878249e-05	-2.2385197014510662571e-06	-8.9010032273523944485e-06	1.7104656156797471874e-06
-2	-7	7	-1.8043163730267804535e-05	5.5552940753607054754e-08	8.0898728096696720608e-06	-6.333089189510434802e-06	2.9346831724502992153e-06	-6.3172169207236903603e-06
-2	-7	8	4.0009859922649945832e-06	-3.794167590064790807e-06	9.7617417546665998054e-07	1.5821960013881923068e-06	1.8543989015995762082e-06	4.3587960369847056671e-07
-2	-6	-8	-3.7467716352199759622e-05	1.4611948470436140316e-05	-2.6108699560572671876e-06	2.6945873024908367646e-05	1.132508155509289019e-05	-2.3862391886290311237e-05
-2	-6	-7	2.9877558237686371179e-05	-2.7224496021830223413e-05	-3.685066042688344122e-07	-2.2336154447791437249e-05	-8.2205824071085336523e-06	2.6923702675772724332e-05
-2	-6	-6	-1.1155145193078880864e-05	1.2503411994126503205e-05	5.2422233016938149606e-06	1.3393746292147180424e-05	-1.5238415706675216216e-06	-1.7561550290189348723e-05
-2	-6	-5	1.7569821976057769337e-05	-1.935337822971442716e-05	-1.822384616918922969e-05	-6.7368528750711906611e-06	1.4840686612603965183e-05	1.5825574741971200674e-05
-2	-6	-4	3.8962897332787567168e-05	0.0001233350961186298984	1.3494512524708405249e-05	5.4417136334571268e-05	-3.9723217453456390611e-05	-0.00014329325256117185798
-2	-6	-3	3.7051837566972946087e-05	-0.00013573469959607726188	-3.3324366456896024575e-06	-8.9781786198598302552e-06	-1.8036351753269423833e-05	0.00010844615697043783961
-2	-6	-2	-8.0167799991188629745e-05	0.00029321329720864415611	9.8701944317045812571e-06	-6.0928141334514089394e-05	5.0557216696074885973e-05	-0.00011042887320510190148
-2	-6	-1	6.6323388094224124427e-05	-0.00044831578112652172062	-2.9473660997428786126e-05	0.00013282941388269596311	4.4195189796124461127e-05	9.9655078956867703256e-05
-2	-6	0	-9.7910889153815804141e-05	0.00068044276975212311404	3.2636963051271939231e-05	-0.00022681425658404102898	0.00015641642662060219562	-5.6357896438272546825e-05
-2	-6	1	-0.0001584515331558809532	-0.00042159242624413632546	4.8723413005186908551e-05	0.00014885513017510291242	-2.4562588280640472042e-05	4.9945928562344843926e-05
-2	-6	2	0.00030560496365193283745	0.00022051013584945705105	-8.2393089576544053577e-05	-5.9355612909523857519e-05	5.8425694922300663164e-05	4.2443297120885464942e-05
-2	-6	3	-0.00011499366724384059858	9.0268561542986128942e-06	2.9795494741637647133e-05	2.2017550395714913233e-06	-1.70714553459517771e-05	1.0421414182008723447e-05
-2	-6	4	-2.0405673362857469101e-05	-7.1321563344235684376e-05	4.5435634045305016275e-05	-5.4336190941077927043e-05	5.7950614386528786473e-05	-0.00011716506808373474292
-2	-6	5	2.8965296335056841249e-06	3.5884457586581437458e-06	-7.0687010173964115886e-07	-6.2803993671198364969e-06	3.1036773131470420638e-07	-6.101100937080547145e-06
-2	-6	6	6.8420554309297529108e-06	-6.414517045851451974e-06	-4.6203996234519198805e-06	7.1819188432577492305e-06	-2.3397144798086690514e-06	5.0437464946405991372e-06
-2	-6	7	-4.8952036365417133645e-06	1.524995308335545299e-05	-4.2758038165352622195e-06	-1.4783961297421641072e-05	-5.0636043103278566654e-06	-8.314837373974134834e-06
-2	-6	8	-4.1368043966142388558e-06	-1.4016709154558873132e-05	9.9316955338728301001e-06	2.1031145790104772458e-06	6.4145705512510630729e-06	-1.9268413543818604544e-06
-2	-5	-8	5.5996933822653524102e-06	4.4813935214270614869e-05	3.2028571090576364643e-05	1.3974617159630268838e-05	-2.1417780277176565369e-05	-1.99376195283365728e-05
-2	-5	-7	-7.7931872326343696981e-06	-2.2345771200956282543e-05	-1.4938267059670915128e-05	8.3093962415608478668e-07	1.289681568051761595e-05	5.7909777544474490689e-06
-2	-5	-6	1.5217716767757899195e-05	3.933111749741516523e-05	2.2220326054726858829e-05	-1.7485950542291104379e-05	-2.3589510634858348756e-05	1.4612529527708640389e-06
-2	-5	-5	-5.3069112560234844617e-05	-0.00010871825842906104019	-9.2130364844431305443e-05	7.3776584255785888542e-05	0.00011335800986852524871	-3.0289280884161467723e-05
-2	-5	-4	5.8135114231335773775e-05	0.00017942333334405909519	9.299973573049919698e-05	-8.7041440291086069939e-05	-0.00014531722677879187634	1.9090133691828026279e-05
-2	-5	-3	-0.00016732803249036831391	-0.00039213345440952028726	0.00014196661197643305977	0.00019867179169575678588	-0.00012505899830047624175	-6.9697349886581113775e-05
-2	-5	-2	7.7310165027735241539e-05	0.00066377485162040104818	-0.00013192421554515949941	-0.00024918324310798306087	0.00025250037383516352055	-4.0816743850443314677e-05
-2	-5	-1	-0.00062926216867017841731	-0.0010406267705897922875	0.00019909419776183845526	0.00050446851574939934656	0.00026305334853116466671	-0.00044108903756741221205
-2	-5	0	0.0012567244754468436495	0.00052426403630022918711	-0.00050268979017873750316	-0.00020970561452009165858	2.843489746334887177e-05	0.00050551662338640436251
-2	-5	1	-0.0010366144945609583137	6.7903593895677784157e-05	0.00035198298357938100642	-6.1001999616714694234e-05	-0.00031331407122501164948	-0.00016920281029221789608
-2	-5	2	0.00060453011565008395178	-0.0003758109431163186246	-3.8198965316673488249e-05	0.00010250150207837627019	0.00050903270235840025488	-0.00011955718792037792881
-2	-5	3	5.4017867772343844922e-06	0.00053754422219405443087	-4.0416048045968334327e-05	-2.9270892462813550113e-05	-6.3758888891790965292e-05	0.00030957799402468039185
-2	-5	4	-6.1963587762376763049e-05	-3.532014706275404467e-05	2.5466542707945586131e-05	-7.0561082940134067288e-05	8.5138450374360082147e-07	-0.00010586142720654460306
-2	-5	5	1.4675395640391388925e-05	-2.1820617050789046495e-06	1.5910456498454345005e-05	-5.7102359174756786835e-05	2.1780614754610903286e-05	-5.7975183856788348017e-05
-2	-5	6	-8.4121926081425717187e-06	-2.0284733083105429123e-06	5.0830918110917579428e-06	-3.8275290102025359319e-06	1.4318456398622745206e-06	-3.8657652779389610552e-06
-2	-5	7	8.0402760420720935532e-06	-1.2928121211641615083e-06	-9.2555359428950223239e-06	-3.3709423149044388695e-07	-4.3138753757615610077e-06	-6.1015648568293462079e-07
-2	-5	8	-1.2872726457119912924e-05	-1.2101277221346113685e-06	1.043762439884098811e-05	-8.9383119112022004708e-06	3.3053336349956387025e-06	-5.8889768750350281364e-06
-2	-4	-8	2.3584637506371175552e-05	6.9214146238314475455e-09	1.3772880110543989909e-05	-2.0647833603924306003e-05	-1.2782599431864788842e-05	1.0322186448306194792e-05
-2	-4	-7	1.9070739964761463905e-05	7.6029304836104484054e-06	9.2488065448204330313e-06	-2.9474689837127464403e-06	-1.0733815158400666673e-05	-4.8799786176713010458e-07
-2	-4	-6	0.00014844217424034495713	1.7756857052221937707e-05	1.6043809733696765988e-05	-0.00015601525490803406907	-6.0176597902579498627e-05	9.8091217587948736868e-05
-2	-4	-5	-0.00021524883603773968511	-5.3564923274349440644e-05	8.3000121329252049725e-05	0.00025439853425147305717	1.9699437351694236973e-05	-0.00018209285809143866135
-2	-4	-4	0.00061027785667542775155	0.00037366877873659567599	-0.00064464267967227859447	-0.00014158655591039082285	0.00033950375133456471869	-4.52478334579070287e-05
-2	-4	-3	-0.00063147918597534190028	-0.00052400281171485502824	0.00071454964110918329796	-1.8132541756402171976e-05	-0.0005317467308286832027	0.00037351193015177291479
-2	-4	-2	0.0013240463529886751289	0.00059238631138545927695	-0.00094409400464577403114	-0.00019145208919871389494	0.00056414165630287293335	-0.00020948213298803151417
-2	-4	-1	-0.0021562197494297179537	-1.7973577934835353165e-05	0.0012914637304789634148	3.3547220207562778588e-05	-0.00085341542305641829389	-9.8241724960580414797e-05
-2	-4	0	0.0026581823859622970979	-0.0011553478088740616256	-0.001329091192981148549	0.00057767390443703081279	0.0016576621920252802931	0.00029748606251715580375
-2	-4	1	-0.00034695537619471445963	0.001002712057572030047	5.7974122375507470824e-05	-0.00058460600347699884661	-0.00046201426288739898176	-0.00033299989876393518411
-2	-4	2	0.00042520175424690830794	-0.0005425528866605489834	-1.0135784765684121525e-05	0.00030366999993152653204	0.00040493018471554002424	6.4787113202504175553e-05
-2	-4	3	0.00029074615437612639536	0.00050172847874589070021	-3.2953222819021400021e-05	-0.00015767161221305007329	0.00014989313915872239688	0.00012425683621319371145
-2	-4	4	-0.0004287367429776906924	-7.1302018318630794704e-05	-9.1052303656323306915e-05	-2.450628053339259967e-05	-0.00030542067514516865311	-6.015728969270800041e-05
-2	-4	5	9.4685784243265938234e-06	-9.624221826237946086e-05	0.00010767579389512238648	-6.8999123451714408162e-05	8.9928066485828544682e-05	-9.3696186066323310874e-05
-2	-4	6	1.4382505626145232076e-05	-4.563373770268160192e-06	0.00013836994882788651562	3.855615590108758009e-05	9.70408010939727663e-05	2.4182979343969001972e-05
-2	-4	7	-6.6820508701516127784e-06	-8.899830288988343956e-06	1.1086923692220044407e-05	-8.1642931621464226563e-06	4.42622757551099279e-06	-7.2081190323660546818e-06
-2	-4	8	-2.1920238970245354328e-07	5.0327498708051208727e-06	-1.177203309124845846e-06	-1.0679261564137151034e-05	-6.4340225198803626251e-07	-4.0814433143672952989e-06
-2	-3	-8	-3.4954943170228134144e-06	-1.5470027530277637737e-05	-7.6867602883096555289e-06	-1.4072735463807549734e-05	3.7564086873718241769e-06	9.144782681497240796e-06
-2	-3	-7	-2.6811098609329858534e-06	3.4419396569884336333e-05	6.747345432560885464e-05	1.7984887416174089459e-05	-2.8151163322137225765e-05	-1.754192219832727826e-05
-2	-3	-6	0.00011164161813208552609	-0.00025053368932809010061	-0.0002170725122676236225	-1.7523458403244563828e-05	7.1322383423116626853e-05	9.2272958977652319969e-05
-2	-3	-5	-0.00058606636134661365106	0.00085348814756781464161	0.00050098329314749703769	-0.00054997278913024381496	-6.6163431349852764901e-05	-1.1411585548979601886e-05
-2	-3	-4	0.00077387775170587069003	-0.00052930689374309277534	-0.00053760988315868050037	0.0011322152753895549111	1.6268536516075003152e-05	-0.00058450800967061974141
-2	-3	-3	-0.0016232194559479492819	0.0006488499649203783616	0.0010023239824766959783	-0.0016225070397883306454	7.9822321488603624256e-05	0.0011899403965080783321
-2	-3	-2	0.0046639647784114607668	-0.0039813976183641370393	-0.0047943328609866718223	0.005282000228599666343	0.0025275345130685469668	-0.0039416027245353637762
-2	-3	-1	-0.0026374660107463063913	0.0034892048626444008806	0.0029699496301482165329	-0.0042349084565236989539	-0.0036349168689520368163	0.0057263156442822951003
-2	-3	0	0.00073033990206159272833	-0.0011773162087980917467	-0.00048689326804106185503	0.0007848774725320611283	-0.0031387257153214888697	-0.004105738540606048044
-2	-3	1	-0.0015875367253657356442	0.0011924137352704862296	0.0012475889076346202353	-0.0020416202268691333553	0.00056769327217238952591	-0.0037400332100664271731
-2	-3	2	0.0012314324139149803849	-0.0045944607914061106474	0.0009572491855625519467	0.0043411374867476275677	0.0026673061922588081965	0.0019172454387153296199
-2	-3	3	0.0010410958627129474324	0.0013424438416713957954	-0.00072242130204227021032	-0.00047634127239132582942	-2.8357393566971957093e-05	0.00041862128872293801612
-2	-3	4	-0.00087324294457266952389	0.00022455030355307976355	0.00020901118434103272206	0.00010295078997296084786	-0.0002798630840305602204	0.00018948824425626050751
-2	-3	5	0.0001706382605149803851	-0.00053433832044545834152	-0.0002346749662173544537	7.5488005540284695187e-05	-7.2549675524420512759e-05	-0.00016844252485401250323
-2	-3	6	7.8729490265136049137e-05	7.2804947087923551426e-05	0.00014268528454896241601	-2.0935534495749518288e-05	9.75858056961932289e-05	1.3800548448099760822e-05
-2	-3	7	2.4718017724477033545e-06	-3.4617464221535641911e-07	-9.9839367508094127606e-06	9.0882794096594778136e-08	-3.5726009582189759995e-06	-5.9957271734418357688e-08
-2	-3	8	3.4915318904004185254e-06	-6.7460569042915470832e-06	-6.7024197669974400622e-06	-2.7981380344492934361e-06	-1.640524440023935392e-06	-2.7358159889913717035e-06
-2	-2	-8	7.5949688227296273011e-06	-2.0835609221352082298e-06	1.9137463085810352155e-06	-8.3873506559297734416e-06	-2.377178782827665735e-06	2.6177278945162455237e-06
-2	-2	-7	-0.0001288652767314857697	6.0337789780647065399e-05	0.00010565607238553780976	-8.6373376485564398123e-05	6.6312012416994170041e-06	7.4387390585478105597e-06
-2	-2	-6	-0.00022060261640118898814	-0.00025666728156403394341	1.9188167277877380582e-06	0.00055908854509801361298	7.2894599891133753837e-05	-0.00010080708784465990341
-2	-2	-5	0.00091426176080916228637	0.001046285335505226996	-0.00092433204770395183125	-0.0012332788187654150375	4.0281147579158387904e-06	7.4797393304075162398e-05
-2	-2	-4	-0.0006040788674866143064	-0.00090611400477779162517	0.00072687760635420546607	0.0013701114324159821729	-6.1399369433795539176e-05	-0.00023199871381909530099
-2	-2	-3	-0.0018164997887099656754	0.0035818242778272134375	-0.0041642430266321398338	-0.0068002750471683453409	0.0039871618768947368616	0.0021456338462274211244
-2	-2	-2	-0.004152960500397581689	-0.0077281898013873877654	0.0099530604782993564034	0.0081904163619492872245	-0.0058000999779017747143	-0.00046222656056190054331
-2	-2	-1	0.0016278898465316618115	0.0083919985645820229653	-0.0048182338587605105101	-0.0063929545889986868004	0.0063806880244576978309	-0.0039980879511666731971
-2	-2	0	0.0095909971067787459786	-0.017887403999450525449	-0.0095909971067787459786	0.017887403999450525449	-0.016192153971990533995	0.012306160983689575991
-2	-2	1	-0.0017489204664398597718	0.0038468290350275415913	-0.0011253817088489985465	-0.007019453592077480944	-0.0057486043505777170703	-0.0063452491140998778379
-2	-2	2	-0.0034549681511217614736	-0.0031126762568902694578	0.009972996765816978873	-0.00060805588832934999877	0.0065180286146952178331	-0.0037207321452196193481
-2	-2	3	0.004257444468074251219	-0.0010920653496261424099	-0.0011249888523140968467	0.003875329328861930149	0.0020883037438401029148	0.0018555093194905251594
-2	-2	4	-0.0002402044498181577848	0.001412965106172085197	6.1582222142630280355e-05	-0.00047098415631401997121	-8.9311113837763758997e-05	0.00047099047492903258578
-2	-2	5	-0.00087371166925326218099	-0.00044728132918966429952	0.00015545419497923213393	0.00014197507490294788003	-0.00028730298970961202967	-0.0001221225017146865678
-2	-2	6	0.00031509228912160724143	-0.0002759438528703742695	-2.229404229173123731e-05	-9.4184262235388858399e-05	9.7599415609958664651e-05	-0.00012337603836858770478
-2	-2	7	-8.0217229309786566979e-05	7.2666671192250485993e-05	0.00019672689215551701094	-7.2188810132530904827e-05	3.3288475098780131685e-05	1.3653173134845145915e-07
-2	-2	8	-2.8380734302825841176e-06	-2.5812860486959658508e-06	7.7299321630140905892e-06	2.0626965419966064855e-06	1.2229646831828766179e-06	-1.2964737667483992074e-07
-2	-1	-8	-2.0959743163637701695e-05	-5.4725184455412714254e-06	-2.0720792524707165338e-07	5.4453749976992217049e-06	5.2658367815653089007e-06	6.8745773667291514324e-07
-2	-1	-7	-7.7129284716168135532e-06	1.1781705021964226414e-05	-0.00012888050833016046186	-6.1622056948593641385e-05	2.061519503905629794e-05	5.4369495578093116831e-06
-2	-1	-6	-0.00018208184326334679853	-3.1317176042455920461e-05	0.00051257212350825363031	0.00011831603253344614871	-2.473473949692666995e-05	-9.28028007475571627e-06
-2	-1	-5	0.00094344390038790808435	-0.00034202846613082477437	-0.0018909317120778458988	0.00061053170860057316954	8.0878226040594859921e-07	1.4705044732215272451e-05
-2	-1	-4	-0.0012148472191211752164	0.0010617829155149653177	0.0026559497502056492353	-0.0003593994365539219648	-5.6563827990824714167e-05	-0.00044104159861900216763
-2	-1	-3	0.0040896587296999006855	0.00035151033163450395727	-0.0076775505831724643116	0.0040668363053936451568	-0.00016725562540911229894	-0.0015899523228875510599
-2	-1	-2	-0.013992082765499758504	0.0014225264763543367472	0.014191960236347766003	-0.0075973631575037160052	0.0068961026473258763697	0.0023761551023975210385
-2	-1	-1	0.0057478447771886409176	0.010678232173539553562	-0.0074188395637951451075	-0.0089820881448226877475	-0.004076849990582137595	-0.012374376202256421112
-2	-1	0	-0.027983959603511101427	-0.021046407948292256834	0.055967919207022202854	0.042092815896584513669	0.026304973463487132945	0.047132423783558655139
-2	-1	1	-0.0020476039582413710707	-0.0061838178470100587519	-0.014892726644027017707	0.0081616605090926303001	-0.018987934560509761583	-0.0042059751849274872038
-2	-1	2	0.002391257362964206365	-0.0016310405771288180934	-0.006765125400846182073	-0.0062874914913440540717	-0.00099130533745888467154	-0.004774786322800845563
-2	-1	3	0.0020264999135243917314	-0.00040311558898623256692	0.0058145257659710609596	-0.0014868778970628521163	0.0032891751976732814741	-0.00076436969167843911953
-2	-1	4	0.00022175449358118615455	0.00028759774915640439657	0.00013346358831407947919	-0.00018818921631381008196	0.00014424314386911294707	9.6751570499749691345e-05
-2	-1	5	-0.00011213392124634137027	0.00062062030696292686937	-0.0003182128039000204538	0.00016539417962075869217	-0.00010849612927854063074	0.00028132695870932246992
-2	-1	6	-0.00029089695956597676771	-0.00030259255793803222032	-6.260367859739436685e-06	-9.4367535329556141927e-05	-9.800904783194882685e-05	-0.00011659210853427008354
-2	-1	7	9.7851910057295183633e-05	-8.5571809311410051128e-06	6.7652247114229637864e-06	-6.7743652962262028956e-06	2.8924149260859046567e-05	-3.4126753083583162812e-06
-2	-1	8	1.7423501912398556821e-06	5.5360357063745644816e-06	4.1288208073999006176e-07	-2.3561427825514740951e-05	4.871978079024627378e-07	-1.5611695515957014985e-06
-2	0	-8	-1.1675755509819867281e-05	1.6750388202994317516e-05	1.8418069727376483149e-05	-5.2852751834117091579e-06	2.9189388774549668202e-06	-4.1875970507485793789e-06
-2	0	-7	3.4337368661773417968e-05	6.2359623502129528263e-05	-0.00010802432539900664373	0.0001027867915237518846	-9.8106767605066903641e-06	-1.7817035286322724781e-05
-2	0	-6	-0.00040845951642452436002	0.0004396245980771239085	-1.731377971465714006e-05	-0.00071037318402566030761	0.00013615317214150812904	-0.0001465415326923746452
-2	0	-5	0.00018515574912975662548	-0.00089623406768289128575	7.6397724420036795573e-05	0.0018987681744495727397	-7.406229965190263935e-05	0.0003584936270731565143
-2	0	-4	0.0029654170073920549898	0.001292683674213892164	9.8967600820630053683e-05	-0.0049552175146034375952	-0.0014827085036960274949	-0.00064634183710694608199
-2	0	-3	-0.0015128056144461156114	-0.0014834213354032268518	0.0060067470192276678498	0.013465820165172176157	0.0010085370762974103353	0.00098894755693548449561
-2	0	-2	-0.0074921905217210284927	0.022912464999857488912	-0.0084559355534057894371	-0.016233478563067251649	0.0074921905217210284927	-0.022912464999857488912
-2	0	-1	0.010214411702107663305	-0.02141483608568961472	0.0091345278303970895567	0.026467954826522945705	-0.020428823404215326609	0.042829672171379229439
-2	0	0	0	-0	-0.017612495126206315077	-0.007699652520434197879	0.019005282080078820389	-0.013386252833826219402
-2	0	1	-0.017438977149121653865	0.016428789476247540602	0.023806666973920663499	0.0035364675379360058054	-0.034877954298243307729	0.032857578952495081204
-2	0	2	-0.0094766139242024680783	-0.0063661191501650235894	-0.012634775166083560966	0.0037784484785931327956	-0.0094766139242024680783	-0.0063661191501650235894
-2	0	3	0.0014634716278065470259	-0.0046263498823778262739	-0.0057424238260205262563	-0.0050217811647077937459	0.00097564775187103131449	-0.0030842332549185511384
-2	0	4	-0.00021925174575910443215	0.0018416497829819044631	0.001271353443307112396	-0.00017319631466053024343	-0.00010962587287955221607	0.00092082489149095223153
-2	0	5	0.00027010310641863849446	-0.00024201973456685729378	8.5016243242740796452e-05	0.00023954050031465938531	0.00010804124256745539778	-9.680789382674290938e-05
-2	0	6	-7.2796004810232912974e-05	0.00025639057248195881418	-0.0002028088871072924234	7.178729218153421176e-05	-2.4265334936744303195e-05	8.5463524160652942579e-05
-2	0	7	-2.4089466258545687977e-05	-9.534960292809992763e-05	5.9782863765639584824e-05	-8.3193886306897151775e-05	-6.8827046452987679934e-06	-2.724274369374283695e-05
-2	0	8	-2.5177795764497146544e-06	8.9564259635370516822e-06	-1.3369160235077366829e-05	-6.1957035968526239471e-06	-6.2944489411242866359e-07	2.2391064908842629205e-06
-2	1	-8	2.2174832187323312304e-05	-1.4322757819643049511e-05	-9.4732056462759622076e-06	-1.5064759703989715855e-05	-6.7278587526153235638e-06	1.6975944919120481076e-06
-2	1	-7	0.00011132231563478968319	-8.6384403486456043538e-05	4.3936843114558177292e-05	3.2140355355285094919e-05	-2.5529684022145886576e-05	2.9272737475456740285e-05
-2	1	-6	-0.00011183854894645172632	0.00039173945978509953133	-0.00024926561301094162914	-0.00026997813600038471013	-4.2647525196730248992e-06	-0.00017557617592843063783
-2	1	-5	-0.00062866354594605887689	-0.00049690520478235607107	0.0014586726460884245644	0.00019871113636064655843	0.00054319994759610842026	0.00023850430918507175638
-2	1	-4	0.0017943627639265278054	-0.00075959331622865863213	-0.0019694522777583805401	-0.00018938950127471654511	-0.0013895444514028590377	0.00033244928279565019334
-2	1	-3	0.00066475355249140106843	0.0039529743920507769833	0.0083145442547976778497	-0.0035259278575690208846	0.0023283457166049584264	-0.0038106255472235249504
-2	1	-2	-0.0079779505737793167397	0.0028148237057234589895	-0.016400424720908021031	0.0058344286236040711693	-0.00022226178667469383013	0.00010239060607857633771
-2	1	-1	0.0098053071903368427265	-0.013736963718136133497	0.019701934093695760292	-0.01384760272507100376	9.1319713022074079818e-05	0.013626324711201263234
-2	1	0	-0.005474393195276019454	0.014761919312450778874	-0.010948786390552038908	0.029523838624901557748	-0.00092026900122559507269	-0.021401949330163472923
-2	1	1	-0.00010326238096561449816	0.0086726671186550582243	0.0056676790141223067424	-0.00043638556983788891501	-0.0058742037760535362537	0.017781719807148006068
-2	1	2	0.0057803020309632868051	-0.0029380795238640499203	-0.0032166085766370277645	0.0049711583433201689958	0.0073886063192818004705	-0.0054236586955241344182
-2	1	3	-0.0046663368054479913843	-5.0424738796696004343e-05	-0.0026471186932840941493	0.00069932861317108913589	-0.0022285183058706292507	-0.00026672603025482707981
-2	1	4	0.0015048439764786191667	-0.00077516468976365022949	0.00027054815510049615244	-0.00031708747426253768411	0.00068478494946418557235	-0.00030831047631619070727
-2	1	5	-0.00045354158286097651098	0.00044943815959234452309	-0.00014941285358795869647	-6.3227897568435953825e-05	-0.00015153406242679888136	0.00019242084335062498916
-2	1	6	0.00024399824384938406207	-7.0594319113159123991e-05	0.00017955418995029229375	0.0001141373056191798878	5.1407049624745973992e-05	-4.2554323974249689297e-05
-2	1	7	-7.3127504181387428372e-05	1.3186272485605212977e-05	-5.6008945043699203737e-05	-6.4135234656867377823e-05	-1.289229475986795164e-05	1.2929682804011115551e-05
-2	1	8	1.1653306460989455628e-05	-7.48966598259697114e-06	-4.1581650934824561608e-06	4.1614847817303529383e-06	3.4330972519326710329e-06	-2.3926020933655366905e-06
-2	2	-8	-1.8143633792554116242e-05	-3.0552569782980632277e-05	-3.9013532700932834551e-06	1.3599207882679919876e-05	3.5605701306152077733e-06	1.1037944416415137615e-05
-2	2	-7	2.1182555060821766263e-05	-0.00010391828695638686501	8.0082901082698253908e-05	9.2878211642133344235e-05	1.6828670291964709788e-05	5.6227571028148630244e-05
-2	2	-6	0.00040881467026600948984	0.0002758168144758359132	-0.00017724377758814878806	8.5931929544437042861e-05	-0.0001953528159513861107	-6.3294961643799632482e-05
-2	2	-5	-0.0010865087031211291633	6.4146303146183942124e-05	0.00021843484796482914813	-0.00034934572735425141032	0.00052197742043438334625	-0.00016539681220017414098
-2	2	-4	0.00078905033979655169775	-0.0014083040387832142497	-0.00056138488238727441738	0.00058932826050867189154	-0.00067521761109191305757	0.00099881614964594301644
-2	2	-3	0.002677562948676955653	0.0026843761836376290111	0.00020996666283208022664	-0.0039434023032055192173	-0.0016450641905632504107	-0.0044185189912287654856
-2	2	-2	-0.0038588486598920201595	0.0035432514018571797769	-0.00080424961195347925442	0.0089462456781642350767	0.0030545990479385410135	0.0054029942763070548661
-2	2	-1	0.0053153739677284485635	-0.0098626831091344867308	0.0017256273695461636121	-0.010503982301765229374	-0.0071794931963645699027	-0.0012825983852614824664
-2	2	0	-0.029229964961929807282	0.012886535951094707508	-0.029229964961929807282	0.012886535951094707508	-0.0013034025001056866264	-0.0055143690934769760276
-2	2	1	0.0077866736665783481061	-0.0077899279813755184856	0.0043014380803328734759	-0.010010992337700171453	0.006970471172490948393	0.0044421287126493068029
-2	2	2	-0.0016289589996468581412	-0.0017897002591081142761	5.3189088324027462449e-05	0.0035553425111408587696	-0.0016821480879708856308	-0.0053450427702489734794
-2	2	3	-0.0002337223959158831767	0.0052873392874812586914	0.00055260696935621354473	0.00067540738554477356293	-0.00052421957684806446288	0.0030746212679576565355
-2	2	4	-0.0011227658378462016669	-0.0014959464711147753974	-0.00057220704029521272851	-0.00082316894851927591668	-0.00027527939877549446922	-0.00033638876129774974034
-2	2	5	0.00051168261321673223253	0.00071133466140824673767	8.9429592926312432384e-05	0.00067174709455846445642	0.00016890120811616790922	1.5835026739912882684e-05
-2	2	6	-0.00012409675050830442831	-0.00016138105616292483437	5.9949360995823543783e-05	-0.00026392861129381019235	-6.1348703834709328547e-05	3.4182518376961776958e-05
-2	2	7	-1.8468650292442863114e-05	-1.5686725197835724117e-05	-8.7880455221285165546e-05	5.4248882443976231626e-06	1.9831944265383512561e-05	-6.0318895549238137505e-06
-2	2	8	-8.8668055451503657773e-06	-1.8246535487548957185e-05	-1.14527717395020533e-06	-3.9155264500346216805e-06	-1.930382092800040006e-06	-3.5827522593785842998e-06
-2	3	-8	1.7876389288729591575e-05	7.8895899309012450929e-06	-2.1955054444897737605e-06	-5.8966236582633726771e-06	-5.292411863866063954e-06	-4.1836313545740758154e-06
-2	3	-7	-4.9019757962186680223e-05	1.1454614085169745554e-06	7.1788627270956164621e-06	-1.7043449840892152813e-06	1.7082300586522886272e-05	-1.0577082527573708288e-06
-2	3	-6	0.00014421781651229707041	-0.00025490488016710442657	-5.5065332493508747794e-05	0.00013517195606673975783	-7.560527175085339285e-05	0.00015255427142240468325
-2	3	-5	-6.3884713025207941726e-05	0.00099080637386761492673	-2.1817093046544080027e-05	-0.00010610790576817447257	1.246362938215672698e-05	-0.00045998729300795066508
-2	3	-4	-0.0010632998387688991429	-0.0016854845389432484334	-0.0002352983794116359753	0.00029160036085131653318	0.00035517613482572259675	0.0010614425401101116979
-2	3	-3	0.0026758521423340120293	0.00036595797231241328825	0.00029387807137278080779	-0.00073910222240894493835	-0.0014900233568498938604	-0.0009830742039505537249
-2	3	-2	-0.0038882142470992721132	0.0040578376338225282186	0.00016306782677305789605	0.0027721242487067842761	0.0041328159872588594859	0.00010034873923764856148
-2	3	-1	-0.0010495320728608240838	-0.0061158592635093050535	-0.0015630077932156304869	-0.0029263826637483635051	-0.0025899592339252435098	0.0034525705357735187243
-2	3	0	0.0024927705993663638873	0.0063119535164281948339	0.0016618470662442424469	0.0042079690109521296001	-0.0040805355875072613081	-0.0018358836928341214136
-2	3	1	-0.0013768463458371093134	-0.0040654224076858555201	-0.0025847810536010289682	-0.0018765411512965087578	0.0050006504691288682779	-0.0025012213614821849836
-2	3	2	-0.002787165689848147658	-0.00069418132540404852825	-0.00066692461274163797325	-0.000481242889103831084	-0.001786778770735690915	2.7683008251698050311e-05
-2	3	3	0.0018139077795345157334	-0.00083820322790650989182	0.00087314036805362545135	-0.00060665605400659207251	0.00033613148496938505564	4.7853902068918766121e-05
-2	3	4	-0.0013011574883191739938	0.00088611011049426571286	-0.00075380871476855111288	0.0003708545822466069908	-8.5222208083173648665e-05	0.00016491411856217762688
-2	3	5	0.0004935521403408277925	-0.0003960891933751894186	0.00040084890980011955459	-9.6376709296465502071e-05	-4.3088489743740608976e-05	-0.00010060965177219647433
-2	3	6	-4.9420184330053775195e-05	9.7353544957734606331e-05	-0.00013511645794926023089	-4.4008904278118452695e-06	5.1084834197945523714e-05	3.4651626866484120228e-05
-2	3	7	2.0203479006827559721e-05	-4.1215546466838305262e-06	4.0763341913542660709e-05	-3.9048203708895331038e-06	-1.1697581103853265614e-05	4.9590740275727704539e-07
-2	3	8	-4.8544117391761921424e-06	5.8331376140008652114e-06	-1.1314370677784000012e-05	6.0980748174512023021e-06	3.0292860693749523925e-06	-8.2849365304398445458e-07
-2	4	-8	1.1887555309566492985e-05	-2.6048975412879148334e-05	-1.3473148901851048786e-05	-5.0447580011262256689e-06	-9.7084632783171480628e-06	3.9898648526566738256e-06
-2	4	-7	-3.5435860707161205313e-05	-3.9475901153406559247e-05	4.1611649446582885565e-06	1.7134001552575466878e-05	1.2502340170422224276e-05	2.1069686931016424152e-05
-2	4	-6	-0.00015661121869263677601	-0.00014982870748485663118	4.0766785800237510633e-05	0.00012284128613494641	7.9381596764370590058e-05	0.0001318370932515831504
-2	4	-5	0.00028055534440490155663	1.3460768110650140651e-05	-0.00014717566095041463808	-7.362847928092230293e-05	-0.00022996266652229236022	-6.4287090668997893183e-05
-2	4	-4	-0.0013458428613517758009	0.00033071969060598709967	4.6355232542537105423e-05	0.00017600412950505224833	0.00071927666321842508718	1.0644284202058679865e-05
-2	4	-3	0.0011187404566167992882	-0.0014207544155130694651	-4.6589246071232255782e-05	-0.0005948725119184305847	-0.0008079459658395092992	0.00015400626111747216999
-2	4	-2	0.00030996475901367973645	0.0022919111470228524345	0.00035593464426568233215	0.00065360798932249605537	0.00040190452951768492786	-0.00098469516837786010693
-2	4	-1	-0.002024818246378897596	-0.0011888114736713047744	-0.00085169966813423265105	-0.00055866285892706502372	0.00064283782022086469621	0.00014297151163434956237
-2	4	0	0.0032610511765237279805	0.0005528157112969717471	0.0016305255882618639902	0.00027640785564848587355	-0.00041947344189848071198	0.0014645338015095439154
-2	4	1	-0.0013517833779347133202	-0.00095654416548983118435	-0.00078966908271852615225	-0.00014051577038796459525	0.00045510957500467807708	-0.0013510252494278039877
-2	4	2	0.00052694435082184781088	0.0012664489991139362118	0.00025572902916542864828	0.00038700996787926540297	1.5486292490990568541e-05	0.00049242906335540551424
-2	4	3	-0.00058086592965740863406	-0.0012952943706237157479	-0.00031755896653093347885	-0.00062882649731463931188	3.6168002269638914047e-05	-2.5094250662958130199e-05
-2	4	4	0.00085499999329598263317	0.0010464786686957138102	0.00036645139061016704677	0.00040916692498461920561	6.1048606037824242705e-05	0.00011407240936323771307
-2	4	5	-0.00018574777035085154506	-6.3880683263174098895e-05	-9.7109509274318796517e-05	-0.00017066671129037277446	3.3884992791144196124e-06	0.00011098109572702858543
-2	4	6	1.060813821655300055e-05	8.3945557800594583216e-05	-2.4955980578401762199e-05	0.00012371217719628531135	2.0173366457785508316e-05	-5.4492932197325339718e-05
-2	4	7	-1.5265975432943612345e-05	-2.7077222339570735415e-06	-8.4033425117594965612e-06	-2.2792779555500857537e-06	4.4020274016439509024e-07	5.2880962204088499695e-07
-2	4	8	-1.5889624170097263619e-06	8.2878557712083104474e-06	2.918089621070075037e-06	1.1365568468901106303e-05	-1.856285414787469109e-06	-3.6108202916484751163e-06
-2	5	-8	-3.4555812930611312661e-05	-3.4824953532061270005e-05	-1.8495275671701440819e-05	1.3902224164356595418e-05	-2.9205940621605714998e-06	1.7395128485738191331e-05
-2	5	-7	1.8684319533816767198e-05	1.2799271697724743979e-05	1.7245628650321970413e-06	-5.3320823637747622175e-06	-4.1065463917817925901e-06	-7.4655650306176137864e-06
-2	5	-6	-1.0032971222872358723e-05	-2.1209357177198794129e-05	1.2584801335825885559e-06	1.1487693238272042809e-05	4.393057185609609967e-06	1.6642863424292967333e-05
-2	5	-5	0.00012191301931203910622	-6.6275155775029985484e-05	-2.3721723782559601111e-05	5.9727347397250122658e-06	-7.2486931507375246308e-05	3.2482797049737000699e-05
-2	5	-4	-1.5152780215999373428e-05	0.00025056226771196172046	5.5985809332851604989e-05	-5.3869595235083772209e-05	7.7558651774064195491e-05	-0.00019261812789983555685
-2	5	-3	-0.00011752243303405496147	-0.00071509595907629040085	-0.00010608970210081046699	-7.9603643478374280155e-05	-9.8467881478647484219e-05	0.00034405790025356975965
-2	5	-2	0.00081203710485883227443	0.00068504639135012312511	0.00026537490706725081618	0.00011688288302699795425	-0.00014859983719070517976	-0.00039283918378262824627
-2	5	-1	-0.00091914546437376969893	-1.0495870409773669178e-05	-0.00042290122559727409256	5.4775772471424679158e-05	-0.00027621519923883122759	0.0002948706031766707477
-2	5	0	0.00054914073102204556762	5.7061544914255029769e-05	0.00021965629240881822705	2.2824617965702010552e-05	-0.00012742496663594384703	-2.8865101051807457545e-05
-2	5	1	-0.00088824533718021220826	-0.00014385049911251710387	-0.00045149070737363408961	-1.1662928868824404326e-05	0.00048096286250774613995	-0.00022938635388091216578
-2	5	2	0.00083198239170922494261	0.00020980939515766094321	0.00034962023710773104928	-1.5045099591745268776e-05	-4.2068201060102714472e-05	0.00024742214413702411091
-2	5	3	-0.00068171698242599858795	0.00022301439280958829927	-0.00029477422983390552235	9.0678730190368091874e-05	3.6812394772510152058e-05	-2.4549551108879622185e-06
-2	5	4	0.00011939911632840555342	-0.00012107891274476816242	0.00013669743743656293379	-0.00010342762693744984176	-0.0001111722386315008973	6.8745077299428231153e-05
-2	5	5	-1.8140364608571229213e-05	5.3273384519738494988e-05	-7.0893012483104597601e-05	3.6685069793649882305e-05	6.363686663967610456e-05	-1.537571598575448431e-05
-2	5	6	1.0268408417048208197e-05	-1.405129730403317998e-05	8.2782340800602779974e-06	-5.6154697909374805641e-06	-3.4757255943674953165e-06	-4.2076088964930591961e-09
-2	5	7	-2.7072535256150346209e-06	1.9155265421577175913e-06	-6.3317849162645368686e-06	1.9187777860746907788e-06	3.7492025042989448329e-06	-8.2326226372257408648e-07
-2	5	8	1.8498086722095167416e-05	9.7583020814676422864e-06	1.2401164069639573353e-05	3.1248010418509517386e-06	-3.1262058630009419151e-06	4.8657486921006578792e-07
-2	6	-8	-3.5919163566852485407e-05	1.4543482718905491728e-05	1.5342675916208951977e-06	2.2439030035650903752e-05	1.013049158542879275e-05	1.3193401847011806152e-05
-2	6	-7	2.8429179958578463356e-05	-2.7425878796279492942e-05	-1.1747600286159050296e-05	-1.2327172217390258379e-05	-1.8191994519158746443e-05	-2.7301822445403664625e-06
-2	6	-6	-1.0413551016825957812e-05	1.7609894512981430975e-05	6.0349678438520594048e-06	2.2030446587632947622e-06	9.5061515161273781109e-06	-3.6669201788971829352e-06
-2	6	-5	1.758558130372810303e-05	-1.6203801749472846052e-05	-3.7640764474299487317e-06	-3.9993854575255918435e-06	-1.155112425840717969e-05	1.6822581507584279968e-06
-2	6	-4	0.00020754578512730331914	-1.414198109723925273e-05	1.9361169351669538582e-05	-7.4584236410155614811e-05	-7.4731138536147356777e-05	-0.00010480536406661379416
-2	6	-3	-0.00015772593005565797505	-9.3145755922033739182e-05	-3.2676514503507137497e-05	1.7705341196589133925e-05	3.9797591030091050745e-05	9.7507853007867425045e-05
-2	6	-2	0.00049005357891131521263	0.00016729547421028351174	0.00014166708844188949726	-2.2276469608860927627e-06	-6.5052313585646666643e-05	-0.0001739784150929417697
-2	6	-1	-0.00047900071297172786824	2.0172850571373400887e-05	-0.00015380795972432079362	4.1157856293416564036e-05	3.5153667597531028984e-05	0.00020660143661775255534
-2	6	0	0.0004911343157175670571	-0.00054173874127126360554	0.00016371143857252235237	-0.00018057958042375451711	-0.0001006353144373490165	-8.4015574357081685276e-05
-2	6	1	-0.00030406646222528628401	0.00024365697869549579331	-0.00010233026111294089822	9.6258704498095168031e-05	5.8486422270728060535e-06	-9.0238269597579408017e-05
-2	6	2	0.00019114777060767629432	-0.0002260622877545391009	3.1872284072185902133e-05	-0.00012070896126673434016	9.5530918391118608245e-05	0.00013606459604566391959
-2	6	3	1.1539987478882461101e-05	0.00010173026966789838017	3.164320257769890726e-05	7.0088580152577112446e-05	-5.5593080169476174915e-05	-7.2356980526555291226e-05
-2	6	4	-2.9732471304967041022e-05	-3.7009898202101357192e-05	-6.9972934060744498738e-06	-3.3680139103052586047e-05	-4.3702955433718448534e-06	3.2015259553528197087e-05
-2	6	5	1.1568675651475068341e-06	2.4312329191815955991e-06	3.2376872303758534928e-06	-1.4375824123724007356e-06	-3.4224776503920211189e-06	2.6975920625195192071e-06
-2	6	6	-3.9606990938207834311e-06	-4.1007118121707174187e-06	-2.4376054021948866884e-06	-6.1398998286864271161e-06	1.1173723709212923525e-06	4.7729958912961882589e-06
-2	6	7	-1.5036545269538171429e-05	1.0266996286223753487e-05	-5.988284326727817309e-06	3.6373180161318419667e-06	8.3665934589865175236e-07	-1.8427364633479192889e-07
-2	6	8	1.4164873817089726092e-05	-2.0822628588807790185e-05	1.102231392782557562e-05	-7.5835868681677658023e-06	-4.7255169915967510389e-06	4.8203300392387680539e-07
-2	7	-8	-2.0694235447997785698e-06	9.9124063440124754101e-06	5.2581463477225684315e-06	2.5480524251978426617e-06	5.1182339404571922318e-06	-2.4855571395500647064e-07
-2	7	-7	-1.0165186635029947279e-05	-3.4679562150443888561e-05	-1.6755777435378607778e-05	3.105538721717046338e-06	-1.3851438396798621631e-05	1.301398505041530112e-05
-2	7	-6	2.1199156973825046432e-05	2.4131433949951761064e-05	8.100306597068715841e-06	-9.9742444397788020008e-06	2.3839720386384857724e-06	-1.9680429829725856587e-05
-2	7	-5	-1.6489520282756338522e-05	-1.0045151761328108175e-05	-2.8423858369955715693e-06	3.2925083979900596437e-06	2.6164679413087349577e-06	8.6275724617173277876e-06
-2	7	-4	-7.3660024924093841619e-06	3.4190865421821820718e-05	5.3279308608690329147e-06	3.6454995165446019685e-06	1.3006880252725499682e-05	-1.0715808556957856279e-05
-2	7	-3	-5.1156270649628328884e-05	-2.5877967925323786646e-06	-1.814673139258809899e-06	5.9455608661348319832e-06	2.9869943108148327515e-05	1.5598173216002859839e-05
-2	7	-2	-2.9306631796584105081e-05	-0.00020505004370456738705	1.4202365500411993823e-05	-5.8519666464464487564e-05	7.9014911048026081767e-05	2.3121107894169995336e-07
-2	7	-1	-0.00012513202966471767053	8.9365520722270230325e-05	-3.0409618511733508617e-05	2.1786805722501888764e-05	3.7396729747300780746e-05	-2.6223401387027246077e-05
-2	7	0	8.735954461772617633e-05	-0.00012338186877209713949	2.4959869890778908975e-05	-3.5251962506313466489e-05	-1.5751574365123518752e-05	-5.8350830348756147146e-06
-2	7	1	-4.1326425825216671437e-05	0.00010848618235367056605	-9.3751965108225908391e-06	2.7454240860666919929e-05	-1.7026476074675205306e-05	2.4792678682672685811e-05
-2	7	2	0.00013654979224723927107	-9.6463881590640903393e-05	3.3069860785006829093e-05	1.6180580482991343497e-05	2.0805279499715355693e-05	-0.00015309591328111060563
-2	7	3	-2.799487673629562015e-06	-1.1866016139106254113e-05	-5.3416867374487587886e-07	-4.4772361638227257347e-06	-6.1993154368166432794e-07	2.5362069561821897921e-06
-2	7	4	-4.423842603524384081e-06	-1.5542545991956655021e-06	2.4786998173180559534e-06	4.9214513853710482435e-07	-6.5496459820687901707e-06	-1.6383812920377661937e-06
-2	7	5	5.9281423619645044247e-06	1.1158278572671430893e-06	2.3704177892892912319e-06	1.1228973273526615535e-06	-9.4732796021920620891e-07	-1.1257251153868689816e-06
-2	7	6	-9.5065157723053566387e-06	-1.9043339303059011319e-05	-7.766157144268291588e-07	-3.5706529676806753892e-06	-2.2627869239371515982e-06	-2.1820179720588819211e-06
-2	7	7	1.2119445966834720098e-05	1.9682755171426262502e-05	-2.007492270821790797e-07	9.6863368006605895529e-06	3.6634480747492421992e-06	-4.0626924659673719373e-06
-2	7	8	-4.7801193875739151186e-06	-5.4946573787604444355e-06	-3.1613498834145031112e-07	-4.3830169293500186896e-06	-9.1841173209470978389e-07	2.4614754684911554563e-06
-2	8	-8	2.7230016550764140045e-06	2.4942842986545133619e-06	1.7757459625389864062e-06	-1.7866824519273036712e-06	1.0949955487698829051e-06	-2.4102535265909319057e-06
-2	8	-7	-9.2486835589521462748e-06	-3.7191810016288676604e-06	-1.439390773562022479e-06	4.0696447105194808038e-06	9.9746298991544449239e-07	5.7136456696305111948e-06
-2	8	-6	3.1255648483829546818e-05	-3.9352928990649386381e-06	-3.4479354599938390445e-06	-1.087337022067653614e-05	-1.5015796774601635461e-05	-1.3186062661213735872e-05
-2	8	-5	-2.4958840957354806039e-05	1.3981554959437242518e-05	7.5806889656415154364e-06	6.2265688902445174874e-06	2.2112638727968347792e-05	4.3698882406163308033e-06
-2	8	-4	1.3839190487552513979e-05	-1.161775794980618711e-05	-3.0671802016483788473e-06	-1.5586071345822577913e-07	-1.3053955647073014684e-05	5.4971575479866416792e-06
-2	8	-3	-1.2979821510240734499e-05	1.1852718835536047199e-05	8.5412723610181928109e-08	1.0582844746613848196e-06	8.8809816031209754076e-06	-5.0797206245936727941e-06
-2	8	-2	3.8173281579594395483e-06	-2.5472389569216555847e-05	-1.5898922910539470026e-06	-4.5255138983025605209e-06	-1.0176897322175226712e-05	7.3703339760063137629e-06
-2	8	-1	-9.7161148387258782926e-06	-2.9529756433556943211e-06	8.4435583253227539141e-08	-5.5957392777834776526e-07	2.0107714343477574781e-05	1.4293598644846067318e-06
-2	8	0	1.660200516425390334e-05	-8.3539001559356652053e-06	4.150501291063475835e-06	-2.0884750389839163013e-06	-2.1711373631002130224e-05	2.019186088199831773e-05
-2	8	1	-9.3004368831155547701e-06	-3.3019295975772641717e-06	-4.1799755441189446158e-06	1.52316339479611448e-06	1.4838930586720447386e-05	-1.8789166353523444183e-05
-2	8	2	2.7999313762070224435e-06	-4.3255173903330597129e-07	2.3109173819105485849e-06	-3.4259891498946059421e-06	-6.4437381514351723197e-06	1.3271404860545117321e-05
-2	8	3	5.5653406550570896875e-06	-9.005168010602667737e-07	6.7005211066032007065e-07	1.8109324330166974697e-06	1.9234214749438727954e-06	-5.4294976887513711017e-06
-2	8	4	-4.2620753005114274853e-06	5.8816640507478076772e-07	-2.1479391955340054698e-08	-1.5202747477239991435e-06	-2.088078866345033534e-06	3.3346326979853887237e-06
-2	8	5	1.6444525768933348294e-05	1.7974031917751920291e-06	1.3814260098726205728e-06	3.8465304864444815812e-06	4.3675286917771460622e-06	-5.4354875016010945654e-06
-2	8	6	-2.1326838544518621064e-05	5.1357644190045771747e-06	-5.6351472651476677901e-06	-5.34771160657176632e-06	4.0458350535734964397e-07	8.8422036150972147163e-06
-2	8	7	7.3415504836731118745e-06	-2.3688780127074785075e-06	2.7914433054513393207e-06	1.3780268141982379454e-06	-1.0926350680377845234e-06	-2.2517100770001228187e-06
-2	8	8	-2.7583535235806023283e-06	1.848988472729926941e-06	-2.2056281324119837871e-06	1.3313469891783388727e-07	1.5160397515168333109e-06	3.2911241926464782151e-07
-1	-8	-8	6.7297624523858422333e-06	1.788560579696536956e-06	2.8600346516650031894e-06	-8.9597158765435352698e-07	-3.7012549582132332568e-06	6.7240151519228643395e-07
-1	-8	-7	-2.205675799533400762e-05	-5.7099417365296769651e-07	-5.5409168648165405493e-06	5.1888180182918444756e-06	9.4834418448380479146e-06	-5.8485071389545411735e-06
-1	-8	-6	3.4918593940134955394e-05	-1.306814204464688745e-05	7.6500675035257349201e-06	-1.0386728043076229777e-05	-1.6019855661390137996e-05	1.602699439820945456e-05
-1	-8	-5	-1.6499714072702320741e-05	2.1440582957704280024e-05	-5.0809248909743667767e-06	9.8436686524618079549e-06	1.1429422640099450313e-05	-2.0037986435479748733e-05
-1	-8	-4	3.0198127317567608281e-06	-9.1213612564219711572e-06	-3.3626931495328182785e-07	-4.9706295516934045106e-06	-8.2414553032626564563e-08	1.2221599417492303081e-05
-1	-8	-3	3.2218074566175193698e-06	7.8307092245714167347e-06	4.1387441627298956736e-06	1.1554920306403523398e-07	-1.2110586919485561021e-05	-2.91836761636123301e-06
-1	-8	-2	-1.0315216527043212086e-06	2.6290986190235175758e-06	-5.2740691377215511538e-06	5.5523249073542351175e-06	2.1612037377238368078e-05	-2.3523848938928698199e-05
-1	-8	-1	1.9613108252935705612e-05	9.6765411340433163606e-06	-1.8787186301787245184e-06	-2.305956760445884797e-06	-4.5833592115059120054e-06	8.7711129495237603215e-06
-1	-8	0	-2.1064105969041450829e-05	-5.1864960396026689703e-06	2.6330132461301813536e-06	6.4831200495033362129e-07	-5.3426579383953661764e-07	-3.8006112246920942463e-06
-1	-8	1	1.8151459747660300692e-05	1.0909442847206072738e-06	-2.5217833084759589855e-06	-5.5792922151941320316e-07	-2.0228067201473716155e-06	-3.3724894874346985633e-06
-1	-8	2	-1.5720686065592268154e-05	7.0888717970445531743e-06	2.1145828800392771209e-06	-3.5858619726161905912e-06	5.9798848736097366577e-07	-1.0799011991942486201e-05
-1	-8	3	7.8895611026991955829e-06	3.0463449036681335515e-06	-1.24483142529170448e-06	8.6575471883918168817e-07	-6.8969676654481356029e-07	3.324127551460529019e-06
-1	-8	4	-6.2020402153310466876e-06	-4.9380301827830501882e-06	1.962961870327409207e-06	1.5343951635229210891e-06	2.3754136868220565302e-06	1.8342827813500796312e-06
-1	-8	5	1.6311258924251515926e-05	1.2001795651567864033e-05	-6.5284607685049792668e-06	-1.1949829046516396748e-07	-7.1832854447576638111e-06	2.209161865569310755e-06
-1	-8	6	-1.9968732508355342708e-05	2.3945296111184834521e-06	2.5859205818586098763e-06	-4.7923827518892853428e-06	1.197720244189229641e-07	-5.9907554006659672542e-06
-1	-8	7	6.6240052208344683834e-06	-6.4533894219222185258e-06	1.5231106973061617779e-06	2.3513733111532493412e-06	2.6869843998976801304e-06	1.765371009614825051e-06
-1	-8	8	2.2294319955385300051e-07	3.4634184092284959508e-06	-1.7853011174306999556e-06	-1.5317548748300535762e-07	-1.7574332174864681784e-06	2.7975181367055660976e-07
-1	-7	-8	1.1493179234497469417e-05	-1.7849664873584991783e-05	-2.8742232988240130968e-06	-1.0271380499451818511e-05	1.0782979821588277826e-06	1.1218666046218464747e-05
-1	-7	-7	-1.1359899980396324809e-05	3.9907832317373140426e-05	9.464844992233835454e-06	1.6315745350111910723e-05	-7.8420021378915030964e-06	-2.2016864252593790831e-05
-1	-7	-6	-4.0038301733494847072e-06	-2.7855435791202945775e-05	-1.0741784928067277043e-05	-1.2579831174344789031e-05	1.3199387444970070386e-05	1.9319042335269410651e-05
-1	-7	-5	4.6100366478906047119e-06	9.951449608976724369e-06	6.2937903594439410427e-06	2.5916034556537504365e-06	-9.7333138327996387409e-06	-5.6185347597105954849e-06
-1	-7	-4	-2.6298627287576170937e-06	-1.5577501571986455649e-05	-2.7940187162551046999e-06	9.3991919262580412599e-06	5.5469984356358379218e-06	-1.2554210477954957445e-05
-1	-7	-3	1.8983816812995920839e-05	3.8780893503178954162e-05	2.1552150483027954773e-05	3.1200748947825062514e-05	-5.6616290064730530232e-05	-8.5728712045984785959e-05
-1	-7	-2	-8.1043004952084765928e-05	-9.2115642687248480312e-05	4.0651059765494854375e-06	-3.2710968580612253875e-06	2.6293631558119183933e-05	5.7506660346838531553e-05
-1	-7	-1	0.00011293778494799610766	0.00012210789937802722736	-1.8887772164536213422e-05	-7.2757318726732650481e-06	1.927662020375739646e-05	-7.1177776269314358467e-05
-1	-7	0	-0.00015435169413673431116	-6.3103220443383228801e-05	2.2050242019533473507e-05	9.014745777626174817e-06	2.0295335202492253095e-05	6.4791726260585291307e-05
-1	-7	1	9.8179819067418974254e-05	8.5609028044321259544e-05	-2.0828843429691571321e-05	-1.2977125571114317607e-05	-4.7622084940422024994e-05	-5.2308509534789594724e-06
-1	-7	2	-0.0001231703510081341268	-3.3359175300163345702e-05	2.2078446531415387225e-05	-1.0188116694069791824e-05	1.568938735588679866e-05	-5.2337996079325945083e-05
-1	-7	3	6.8047742819097933398e-05	-3.7344401345214624135e-05	-1.4103204577889580159e-05	1.8310842198265251817e-06	-1.0224896408709709239e-05	-8.1756039354763176486e-06
-1	-7	4	4.0610179355891936871e-06	2.4357637875173542451e-06	-2.8408705120456990734e-06	-4.3630379844995928674e-06	-3.9562689121826749567e-06	-7.0263755259949488508e-06
-1	-7	5	5.3805420919626528305e-06	-8.9398463146558834654e-06	3.8662363448477093582e-07	4.9975944901806792622e-06	1.6173815066712098763e-06	5.2086630233217734269e-06
-1	-7	6	-4.9910853422438031189e-06	1.7114074868874784357e-05	-1.5252871646228242304e-06	-7.607381973270381322e-06	-2.6113492491005954553e-06	-6.0229331573363138671e-06
-1	-7	7	-4.9259910434586790857e-06	-1.9712142241961197676e-05	6.7126022384343862095e-06	2.79591018798358566e-06	6.008889232226003725e-06	-2.0110132296585216684e-08
-1	-7	8	7.5786705405265455715e-06	5.6881393881435347707e-06	-2.712039381155868947e-06	3.407742749170567408e-06	-1.4257006409455669734e-06	3.6927923290421882225e-06
-1	-6	-8	-2.841843662004788103e-05	-3.2676296080238577196e-05	-2.7670335687838306364e-05	3.6512363566985260883e-06	2.4305056343384715749e-05	1.3461097425059273715e-06
-1	-6	-7	2.6688027390409428354e-05	1.4697309181663603764e-05	2.1722337477481218744e-05	-7.1504830582507375659e-06	-2.2431721750756676776e-05	4.0293698811201171338e-06
-1	-6	-6	4.3631996060500582187e-07	-1.9218669188176695247e-06	2.9715537463563812639e-06	3.1436121434823822608e-06	-3.0442737397905489185e-06	-2.8233009903461041478e-06
-1	-6	-5	3.3487606917317766725e-05	2.7281661841170029158e-05	1.4210873272860407803e-05	-1.7004276174653962109e-05	-2.3750569310896044742e-05	1.4948799041350749716e-05
-1	-6	-4	-9.6870215531629354114e-05	-1.4764048486327174448e-05	-4.0122891488870815566e-05	1.9625162084166888199e-05	8.4401891116213568654e-05	-2.5746731004668537416e-05
-1	-6	-3	0.00019282582026270366458	9.5245376953445373409e-05	1.5615900842113136652e-05	-8.9554716714113533988e-06	-9.5507075105127499349e-05	-1.3837515641659080951e-05
-1	-6	-2	-0.00042079036959799098055	-6.4312009396181278598e-05	4.0397836563170881575e-05	-6.4703537246155881581e-05	8.9201675109482859104e-05	0.00022626661643655829759
-1	-6	-1	0.0008172406956274665471	0.00046454562087336548825	-9.8527616465109794908e-05	-2.8258971937780637566e-05	-0.00022607499683680772344	-0.00029499178924668166286
-1	-6	0	-0.0010514454886171927406	-6.3818718048937953923e-05	0.00017524091476953213248	1.0636453008156326219e-05	0.00021182107686822413762	9.0980973389707988351e-05
-1	-6	1	0.00090911964641324151826	-0.00056056112059230415665	-0.00014455826720252278354	9.785214004955983735e-05	4.1770043198104769594e-05	2.6551719705054843739e-05
-1	-6	2	-0.00021735037763305687557	0.00040595280637033053991	-4.5661540845255037865e-06	-7.782577268938611556e-05	-0.00012237365107010494914	-3.0500914882993090276e-05
-1	-6	3	5.035486568248357563e-05	-0.00021416370649194596196	2.4808585011527441378e-05	1.054974721144894803e-05	6.6402125250549412483e-05	-5.0288407741084091259e-05
-1	-6	4	5.1470410641095055049e-05	8.9685503645021513817e-05	-8.3480107237705606835e-06	4.4139937557977753445e-06	3.4558657461792395457e-07	2.9042366544952041894e-05
-1	-6	5	-1.2289534437718989637e-05	6.6563988816087663762e-07	8.0188178720718036424e-06	-3.0126572372521817872e-06	7.1646745589423669516e-06	-3.4820607070704430288e-06
-1	-6	6	7.599464174958563149e-06	-1.5193428022746230613e-07	-1.0738555656363892613e-06	2.9592697624498447842e-06	1.9272179685670471155e-07	2.933947382411934691e-06
-1	-6	7	-1.726581341424873598e-05	6.4313497265761528295e-08	8.0713886259305368993e-06	-6.5437578437500896e-06	4.4517883344763540913e-06	-5.5997476521763967273e-06
-1	-6	8	1.833200566947218541e-05	-9.4165735627182477262e-06	7.0401811666068953233e-07	9.502443788827350321e-06	2.8195142961795401138e-06	5.949761146280731775e-06
-1	-5	-8	-4.2690111096677619781e-05	2.2746440165787870587e-05	-5.1554081729344740758e-06	3.116403501621285184e-05	8.5583939951687488758e-06	-2.2320826905856518341e-05
-1	-5	-7	1.4401547113168590265e-05	-6.5778978993722483768e-06	-2.3792549463852878337e-06	-1.3329972568141887205e-05	-3.5789605446316457852e-07	1.0461108677154525617e-05
-1	-5	-6	-4.652370830486484885e-05	3.5871212555600564609e-05	1.6104331472828304988e-05	3.3222014795650186864e-05	-5.6663248432127787834e-06	-3.3663547755641916488e-05
-1	-5	-5	0.0001807729929523497342	-3.8645824019239419147e-05	-6.2469269807015719563e-05	-0.00013134265218451096299	2.6314671216545770013e-05	0.00013907181698835885224
-1	-5	-4	-0.00047382561199670053401	9.4842027551267688479e-05	0.00014216320613548208396	5.959476131775575758e-05	-5.9247604670177471452e-05	-9.8203958535011612319e-05
-1	-5	-3	0.00097909117537997710987	-0.00035887029134757221852	-8.9404979704404326517e-05	0.00025183834095130060941	-0.00017735542561931848791	-0.00030010713780297696091
-1	-5	-2	-0.0013570607660354891584	0.00045343920652500719921	0.00013055289757306950526	-0.0001440050189146932448	0.00035214813908507081605	0.00013329294402422952595
-1	-5	-1	0.0013240755906575361976	-0.0010383104645209086884	-0.00027984378130095302227	0.00016136793155674069742	7.5143315847228832468e-05	0.00023147080673720511995
-1	-5	0	-0.00067104703992761538696	0.0015935769268041223568	0.00013420940798552306655	-0.00031871538536082442798	-0.00050991094860981431812	-2.0210913373714150447e-05
-1	-5	1	6.3072838295808863075e-05	-0.0014080047153002107994	3.4844626557865121085e-05	0.00024097649912860314532	0.00023729597108513447528	-0.0002031222196571950999
-1	-5	2	0.00041597077828434852499	0.0011660301348999254061	-6.4274252851439372817e-05	-0.00010916375348919785939	4.7299757013575837231e-05	0.00031010568372696808168
-1	-5	3	-0.00093251114998923394055	-0.00018459586637285287092	-2.5921867126913927711e-05	-0.00015483053944214661196	-0.00035404016187460119868	-0.00031958285452786199497
-1	-5	4	0.00021557920366143282849	-0.00021936197683801949253	0.0001050278824265199934	8.3065888285875138445e-06	0.00018517965394850821582	-4.4457258173770479979e-05
-1	-5	5	-1.3743147646611107178e-05	4.6281822481524909866e-05	-1.2738002290295488184e-06	1.9895022656703680367e-05	-4.0224297583517706352e-06	2.9151387153008659629e-05
-1	-5	6	4.9336681781294252128e-06	-9.9293822244652142763e-06	2.1093854104004749443e-06	2.3499604731977411409e-06	2.5800992050219665852e-06	3.0340335692058185179e-07
-1	-5	7	7.8796216905531011075e-06	1.150133314211771349e-05	-1.0540285459332516751e-06	-7.172990343365748817e-06	3.7278270869812043563e-07	-3.4805169392444330632e-06
-1	-5	8	-5.2124468214599361054e-06	-1.9378018010013680126e-05	1.1798986547400790192e-05	6.6554570739047807791e-06	6.7228107394430019626e-06	1.7374084199387776536e-06
-1	-4	-8	8.5685708222207442383e-06	1.7163634570429339954e-05	1.5731284629943795967e-05	6.1194921366835825668e-06	-8.9367136677494903778e-06	-5.2052003896454587776e-06
-1	-4	-7	-1.1854154078854552492e-05	-2.2638427412066889212e-05	-1.678095006536525538e-05	3.6681637550096639127e-07	1.128256490575936699e-05	3.0244517014375747159e-06
-1	-4	-6	4.7170331959750829559e-05	0.00016969558112514337512	0.00017252792005373091162	-6.1368323875562192098e-05	-0.00012288033536244572907	1.2629619062850898879e-05
-1	-4	-5	0.00024795106681745765227	-0.00071771598929651402119	-0.00028740541225435295956	0.00033255000649205481095	0.00018033411643999082636	-0.00012249680733434102284
-1	-4	-4	-0.00033843778673897791879	0.0013510078986193286774	-8.6305502371927370661e-06	-0.00060880008316528102987	9.3239996921937220152e-05	0.00027104810851044880632
-1	-4	-3	0.00044539508618410522233	-0.0015974510202081718905	0.0003746288148468702138	0.00053185766369613575628	-0.00064797011519052876479	-0.00017665987819212372058
-1	-4	-2	-0.00022062793033460626878	0.0023402616134989900551	-0.00029199200730243988133	-0.00075473498061041552863	0.00069429797977218284284	0.00033933915447133613814
-1	-4	-1	0.0010710209511757783334	-0.0061487664907221911345	-0.00077393630749350052211	0.0025647643076883693339	0.0020247242787982235382	-0.004110290740031286201
-1	-4	0	0.001526887354249527708	0.0061857355249391255195	-0.000381721838562381927	-0.0015464338812347813799	9.0627350151994880839e-05	0.0029445946717290543554
-1	-4	1	-0.0012520844313490013186	-0.0040863374681243107983	0.00039518456331657386433	0.0010646233731874930623	0.00032865382191729397609	0.00017215602462566150519
-1	-4	2	0.0012900691909870462982	0.00094530255461680980436	-0.00047808360138669144575	-0.00015928970105090126249	-0.00031113260727985968821	0.00015407187520660237719
-1	-4	3	-0.0011958864031735903875	0.00023261410204221454143	0.0001706149753177712918	5.020950920176360608e-05	-0.00017114216730083507342	0.00014448404628308964622
-1	-4	4	0.00038988393902791639934	-0.00098268262933036919747	-8.1099263819470735729e-05	2.969912431867373454e-05	1.6371720937508367494e-05	-0.00021597153301391858854
-1	-4	5	0.00011390829532418338306	0.00025389025652170247671	1.2384175285833984377e-05	-7.9092882857056864268e-06	3.2688999293503864113e-05	4.4450620675775948912e-05
-1	-4	6	-3.1285487522711981996e-05	-3.7688737389033916559e-05	-5.9962911640420521876e-05	4.9489648349078316236e-05	-4.5189522347399008195e-05	2.6711642667879893656e-05
-1	-4	7	1.2473058539008825775e-05	-3.5193874565579663843e-06	2.6987796373981910719e-06	4.5225214240972649038e-06	3.3240252983716555417e-06	2.0815283199758707036e-06
-1	-4	8	-5.9974150317543475913e-06	2.8987025603652404529e-06	8.0188442954937495338e-06	-4.0210723480894411614e-06	3.2597452687775815298e-06	-1.6481983539990654182e-06
-1	-3	-8	6.4811823305959088008e-06	3.8242683468231539376e-07	7.3903029973602159686e-06	-1.20668530029109416e-06	-3.5815114153345694825e-06	4.047036332738708593e-07
-1	-3	-7	-0.00012112473634280706907	2.9277672398965551596e-06	-1.8512382958940277089e-05	0.00010807275561687009055	2.5237412174232555739e-05	-4.6735147727215265812e-05
-1	-3	-6	0.00036788515760025210883	1.3391237739042639214e-05	-5.1772313944883692103e-05	-0.00030532493677059104921	-3.5428035960933504291e-05	0.00015043059542878842259
-1	-3	-5	-0.001982021628811740134	-0.00041855022253674696022	0.00099671589907376467038	0.00050950009064488132812	-0.00020162521368191077	-0.00022199000987957942109
-1	-3	-4	0.001738874597450763837	0.00056515632222624246836	-0.00091938640262752442927	1.9668622598785883153e-05	0.00025482115260795238981	-0.00015604054750565003284
-1	-3	-3	-0.0029391569724142242899	-0.0028666772054703739889	0.0029180590084643925723	0.0010739584031345273535	-0.0019383400176596512869	-0.00011839933464440264535
-1	-3	-2	0.0090850983001755994395	0.0040701172464640928902	-0.0065058916069225258827	-0.0011464551470998951988	0.0052162882602959891043	-0.0003153759025822036469
-1	-3	-1	-0.00065838665019087234172	-0.0026551834788843182468	0.0065469792522123487419	-0.00027163127537184640755	-0.018982551106446175077	0.0034700773049998571984
-1	-3	0	0.0043862080383269422615	0.01463871121675664605	-0.0014620693461089807538	-0.0048795704055855483941	0.0058277906224254655623	-0.010745045954173597716
-1	-3	1	-0.0094879850885445978642	-0.007222040208137965947	0.0063435818522992052163	0.0039841633297778965977	0.0095427604683530169172	0.0047304497811957247136
-1	-3	2	0.00995175050762922217	0.0016930164551771998468	-0.0049199826296577259602	0.00038490079333264288304	-0.0024040986906719778553	0.0014238594175875641124
-1	-3	3	-0.0042964278612983878777	0.0051036286390280672515	0.0012453800035992002894	-0.0022062927232589560865	-0.00018676261683359552529	-0.0005050831769162669304
-1	-3	4	-0.00084129103806237343598	-0.0012589928808517593817	-8.8035994979717845273e-05	0.00027651701681208654907	-0.00027634975575038171584	-0.00010736045760387492008
-1	-3	5	0.0013092883248333570759	0.00029699652006418382965	-0.00019452513269044917582	-0.00012948964298492069802	0.00014514258535240189885	-1.8294481778115660335e-05
-1	-3	6	-0.00011271228125682092118	8.2730044592839921121e-05	4.6628377314458324763e-05	0.00014782622100020345233	4.5288084477590063095e-06	8.7701451265575044091e-05
-1	-3	7	7.3776293152226783863e-05	-9.0574998513815959712e-05	-6.2149868202587274036e-05	1.2725267739528085999e-05	-1.6096187350790717329e-05	-7.4855993278902432234e-06
-1	-3	8	1.3026802138412728102e-05	5.2853560005394777091e-06	-2.1852573684902597081e-06	-2.3255295116112067117e-06	8.0887875411774362222e-07	-2.1140406678676790912e-07
-1	-2	-8	1.6496256224511255908e-05	9.8208000058723973215e-06	8.2713255102334214304e-06	-7.8678286168074687985e-06	-4.1298634056222627696e-06	7.3935715346781753443e-07
-1	-2	-7	7.7930869845935305798e-06	0.0001234025219534545467	0.00016096230238865313379	3.0294637001243334238e-06	-4.7102527394557114023e-05	-1.8494492764814744187e-05
-1	-2	-6	0.00010305744325053881147	-0.0003136538307852285894	-0.0006059367772806551573	0.00014135407491309303794	0.00018480268521846193752	5.1576134931737502773e-06
-1	-2	-5	-0.00071843644343451082152	0.001488023285021435483	0.00099548177496984252208	-0.00097403664143062753528	-0.00025450542130103488789	9.2009999567963914806e-05
-1	-2	-4	0.00052157352702110308402	-0.0018925571328562626732	-0.0010314717354328894507	0.0011082050224626904724	0.00038534248596116898143	-8.0963228017279567899e-05
-1	-2	-3	-0.0013519585950328831016	0.0037223445821467013306	0.004538015901699498332	-0.0043382159907971399454	-0.0025746910694553711875	0.0016513624664825259699
-1	-2	-2	0.0094872905659119533689	-0.0088968562283405043523	-0.010101047013570198935	0.012400909164530108178	0.0053574017306142222503	-0.0079524810503598560019
-1	-2	-1	-0.0059445919422921834549	-0.0083759435268954528925	0.0029250481040217477836	-0.011132227525130823989	9.4495734248688050255e-05	0.030640398577157102605
-1	-2	0	0.044025037269046801702	0.027111947119869115458	-0.022012518634523400851	-0.013555973559934557729	-0.044694590620031990347	-0.028167173334042512611
-1	-2	1	-0.028806010185778177513	0.0043312635222634851898	0.02407180354524338789	-0.010569813529333397378	0.019337596904708598267	-0.016808363536403306965
-1	-2	2	0.004677207576298273925	-0.0067114261631520651455	-0.00061382352341524321678	0.013625262829813187745	0.0017247802647338938541	0.010269549748237155606
-1	-2	3	0.0016277129545549736019	0.0052987108786004960548	-0.0039236192783662308253	-0.0025801526631618436347	-0.002073175200725829205	4.6135184092269448301e-05
-1	-2	4	-0.0017932765752746307811	0.00044345271338601431957	0.00053335288159855193113	5.4496780985101399687e-05	-0.0001816427030193817026	0.0001381115688390542899
-1	-2	5	0.00055939123598456122217	-0.0014662538341188090067	-0.00012801743119534762056	-0.00018679280876339463056	6.0671274718773184011e-05	-0.00036796789032911964273
-1	-2	6	0.00028649451423748927264	0.00031678384621204087488	0.00015333579850848155345	3.2811837580760094531e-05	9.8861018542408725406e-05	6.3734586895593508399e-05
-1	-2	7	-6.1420315095585167452e-05	-3.7481930491683360747e-05	-1.7143425435747132284e-05	4.5875258491634527281e-05	-1.3672452281011347673e-05	7.752655213083670303e-06
-1	-2	8	-5.9743500449387873405e-06	-2.113939130106062055e-05	8.9218398987613593338e-06	1.5644583675604953755e-05	1.4836662190729916276e-06	1.26872200626866087e-06
-1	-1	-8	-1.0968303551609911523e-05	-3.3997600371566140885e-06	-2.3127843402493600386e-05	1.9028131293588686939e-05	4.2620183692629394121e-06	-1.9535464070540088416e-06
-1	-1	-7	2.6491750775427149437e-05	-3.592937422587371305e-05	8.7530245069469922881e-05	-0.00024763945376291804671	-1.6288856549271008879e-05	4.0509832569827392316e-05
-1	-1	-6	-0.00023675989599036758064	-6.8782095734657458476e-05	0.00032361821603233770694	0.00098368052883087060169	-1.4476386673661692235e-05	-0.00015248307218270219505
-1	-1	-5	0.00092726153406735389688	0.00084271834883910766954	-0.00074181718014803882302	-0.0017438991333046716982	-3.7088870783863013417e-05	0.00018023615689311280031
-1	-1	-4	-0.0040198276381437966082	0.00049679502801995600089	0.0033518803693525574434	0.0054674318362831373849	0.00016698681719780987249	-0.001491056716075773482
-1	-1	-3	0.0045983390873356143336	0.011554005872546601816	-0.0055189812099811297666	-0.022401140800961168859	0.00030688070754850512627	0.0036157116428048555364
-1	-1	-2	-0.004550623274879004275	-0.008052241141307422273	0.014771777081448500546	0.018292965804976846905	-0.0051105769032847477018	-0.0051203623318347114488
-1	-1	-1	-0.13703652839299443333	0.023182558007181351678	0.074164703513069363261	-0.053829699670723756	0.062871824879925083951	0.030647141663542407791
-1	-1	0	0.087016858056999629722	-0.061405289303791750488	-0.087016858056999629722	0.061405289303791750488	-0.15039689088906810222	0.0044265400183627155034
-1	-1	1	-0.0072757706563679833828	0.0028168761220578328666	-0.029108495495816358312	-0.064482768976928089844	-0.03638426615218433996	-0.061665892854870257844
-1	-1	2	0.007359242838275354727	-0.0063697123781224660941	0.030055920388114089337	-0.0024890821024729161033	0.018707581613194721598	-0.0044293972402976913155
-1	-1	3	-0.0014441307927589887294	0.011269533237670681727	-0.0026638180366287244477	0.010873327048044339679	-0.0013693162764625711313	0.0073809534285716738022
-1	-1	4	-0.0013500415502857706848	-0.0005861300835613321436	-0.00012114393777195895199	-0.0010956524139114174211	-0.00036779637201443242953	-0.00042044562436818739117
-1	-1	5	-0.0005616659997732066428	-0.00010565693097356795014	-0.00047124863027056030935	0.00013370211349887222178	-0.00020658292600875339585	5.6090365050608556835e-06
-1	-1	6	0.0007253694239559221402	-0.00017441683727802286571	0.00029991701305280977748	-0.00031675689708147335621	0.00017088107283478866198	-8.1862289059916027952e-05
-1	-1	7	1.417062017630302247e-05	0.00013035209940095432023	-8.8187811277425861591e-06	0.00012629779355656097178	7.6454843550863374361e-07	3.6664270422502187477e-05
-1	-1	8	-6.2014309174002500225e-06	-1.1564895880954375207e-05	2.3583833351073435856e-06	-4.7512079998807671326e-06	-4.8038094778661335755e-07	-2.0395129851043931101e-06
-1	0	-8	3.2097196035546858918e-06	2.8393505366692221063e-06	1.7689700971362660163e-05	2.4504725117148364321e-05	-4.0121495044433573647e-07	-3.5491881708365276329e-07
-1	0	-7	-8.9086301111108168464e-05	3.9420444791642928416e-05	-0.00022441474109017624239	-7.8248743052431027128e-05	1.272661444444402455e-05	-5.6314921130918470376e-06
-1	0	-6	-0.00049033285950118887016	-0.000159961392193170459	0.00090487620697296859088	-0.00043279538326510295573	8.1722143250198135992e-05	2.6660232032195078759e-05
-1	0	-5	0.0005912467938049599395	-0.00010708291541373216428	-0.0018916329500959731119	0.0005357521942128212972	-0.00011824935876099198248	2.1416583082746432857e-05
-1	0	-4	0.0021506269377183761388	0.0052475030907733390823	0.0063557973469982927822	-0.0032525509860215585586	-0.00053765673442959403469	-0.0013118757726933347706
-1	0	-3	-0.003682571790364960046	-0.0012948088577399165765	-0.027850357974340642087	0.0068277450657641342371	0.0012275239301216534209	0.00043160295257997221023
-1	0	-2	0.0030578251518277171916	-0.039438862191134536894	0.019372684116554492878	-0.03850143705743378636	-0.0015289125759138585958	0.019719431095567268447
-1	0	-1	-0.013360273435643808121	0.0061390650223621164722	0.030397479810384382681	-0.090656794906346899188	0.013360273435643808121	-0.0061390650223621164722
-1	0	0	0	-0	-0.042418890076590949623	0.02477492281570479668	0.068557263604123369616	-0.010745548896613502793
-1	0	1	-0.031958584819185079096	-0.024389993724504475947	-0.1357593542320326141	-0.10355242863109559437	-0.031958584819185079096	-0.024389993724504475947
-1	0	2	-0.010618019092877066523	-0.0061181357429343158696	0.016114678520423336705	-0.049004293930781851751	-0.0053090095464385332613	-0.0030590678714671579348
-1	0	3	0.023678433050738995069	0.016032457469162431085	0.014700019646113986899	0.012322003010450015628	0.0078928110169129983564	0.0053441524897208103617
-1	0	4	-0.0070656491458931190014	0.0010138352330121881435	-0.00072083302484741930329	-0.00026062376122817774342	-0.0017664122864732797503	0.00025345880825304703586
-1	0	5	0.0002164552490777792897	-9.9001062410577597337e-05	0.00043976859888220461896	0.00046295838934047524619	4.3291049815555857939e-05	-1.9800212482115520823e-05
-1	0	6	-8.0654279258890782564e-05	-2.0323494022752209323e-05	-0.00058717203724502635333	-0.00033479606524061634662	-1.3442379876481797094e-05	-3.3872490037920350283e-06
-1	0	7	0.00012658886585701061706	-2.4498501667855231758e-05	0.0001980369251592467236	7.8854202706106119622e-05	1.8084123693858658127e-05	-3.499785952550747394e-06
-1	0	8	-2.5066660977660459826e-05	1.1415587405089382695e-05	-1.8825078911864490111e-05	1.1601797272092979533e-05	-3.1333326222075574782e-06	1.4269484256361728368e-06
-1	1	-8	7.9529403011672018581e-06	-9.2771674687872332976e-06	1.2368069013430269383e-05	-9.9688076741654177529e-06	5.5189108903288344065e-07	-8.6455025672273109854e-08
-1	1	-7	9.1887444251491099735e-05	0.00010096859445565393141	-8.8005891678960887882e-05	0.00010965672190487749202	-2.5699047990064571596e-05	1.2411610641747940098e-06
-1	1	-6	-0.0007223290904452167073	-2.1058835785011871566e-05	-0.00023836520782331274346	-0.00064630840119698010349	8.0660647103650656123e-05	-0.00010420826090199469967
-1	1	-5	0.00025334857072203118607	-0.0007539302484133732999	0.00029556540934539657535	0.0013708716017089216891	8.4433677246730775163e-06	0.00042496037002445898696
-1	1	-4	0.0037490081952037939556	0.0025785013231707063115	-0.0016187504628703507353	-0.0052749084137952949314	-0.0013419396645185360101	-0.0019633524342415002023
-1	1	-3	-0.0080066521898564512599	0.010944075593599210741	-0.00031093911560633552505	0.017511449831282274031	0.0025652376914167052992	0.0021891247458943547191
-1	1	-2	-0.02283618523520354951	-0.027857529715291248773	-0.031800528523660859248	-0.022774155025564395138	-0.0044821716442286548693	0.0025416873448634268173
-1	1	-1	0.17841902275024359992	0.08208901583056436857	0.14366440887038503527	0.031249341636479022188	-0.034754613879858578529	-0.050839674194085339443
-1	1	0	-0.041998319419096520611	0.036537913541441813248	-0.041998319419096520611	0.036537913541441813248	-0.025883436156835009506	0.094817586136131296048
-1	1	1	-0.078518866067954065646	-0.086486679824847700893	0.037754401572067802784	0.061329909017825950945	-0.11627326764002186843	-0.14781658884267365184
-1	1	2	0.016867351515449154759	0.006266037986803422305	-0.036049729767631676081	-0.0077854301538772055502	0.026458540641540417154	0.0070257340703403139276
-1	1	3	0.0028830938118369325157	-0.023451834856616202846	0.011814069594951568873	-0.015905995261231205967	-0.0029769919277048790748	-0.0025152798651283322928
-1	1	4	0.0032469423474068338266	0.0046836889540926391826	4.3728662484428099913e-05	-0.00029934728115300321448	0.00080080342123060150282	0.0012457590588114107483
-1	1	5	-0.0010930475158067718463	-0.00023708339550218261943	0.00026113169618315442344	-0.00069641353302428714474	-0.00027083584239798522142	9.1866027504420905061e-05
-1	1	6	0.00035577900547566551756	0.00031870394539564684622	-0.00033063311236843984705	0.0007051708712234125041	0.00011440201964068422743	-6.4411154304627618681e-05
-1	1	7	-3.2077498167247848354e-05	-9.674193852835796326e-05	6.079544840054238071e-05	-0.00020967420305581437609	-1.326756379539860512e-05	1.613318064677948658e-05
-1	1	8	1.2378759698077797529e-05	6.6892945922342710239e-06	9.8567063625724765359e-06	1.8686775046190787257e-05	3.1525666693816512407e-07	-1.4996850567445644233e-06
-1	2	-8	2.3513583656888465209e-05	-3.3078000291316305207e-05	-1.6541597303655314035e-05	1.0613937376163187871e-05	-7.0745972830248870833e-06	6.788234380455334695e-06
-1	2	-7	8.6605835961146526128e-05	-7.163010650052513157e-05	2.6916242518147438122e-05	2.9286537165985202571e-05	-4.6819072749788066422e-06	1.8600454404642221466e-05
-1	2	-6	-0.00022991320079864799222	0.00040615974042467118581	-0.00022417096939472003084	-0.00011794387015799864002	-3.6404789665132016095e-05	-0.00010700791345677807312
-1	2	-5	-0.00030415055193385955772	-0.0012776262240445489943	0.00064879111314291790236	-2.6949707678510575136e-05	0.00032034655564393906164	0.00024474536173750555254
-1	2	-4	0.0016768194161725080964	0.00068517240011377919095	-0.00092108301186851978832	0.00014345470866378623497	-0.00087974635997738691827	-9.9565745696551693805e-05
-1	2	-3	-0.0036910759978420796222	0.0067051027641508390703	0.0020415590930842673727	-0.0014309594061538155347	0.0025913980613368713113	-0.0031890071921528233799
-1	2	-2	-0.010111080947972259439	-0.0069867139801479821726	-0.0098575398404742078234	0.0054374359581230531299	-0.0048019993664880789713	0.0089307929481970433488
-1	2	-1	0.027126291788658617871	0.0021172286610789720247	0.0070501217984802397321	-0.0065404410049997767709	-0.013026048191698138407	-0.015198110671078526868
-1	2	0	0.00094645090832033370882	-0.020106747988981366754	0.00047322545416016685441	-0.010053373994490683377	0.016231566809088601028	-0.010819631880578701663
-1	2	1	0.015518489360948873115	0.023732943216971891243	0.0091250339206177377011	0.00056721398499884106894	-0.0027315784802866022868	0.022598515246974208021
-1	2	2	0.0014412661075353236026	-0.0065565201973310071465	-0.0056509403911808187698	0.0084949634366835204136	0.0063715734449484810048	-0.011773223535349023119
-1	2	3	-0.0078797148671104193934	0.0034830579163692061175	0.00042693336750937059196	-0.0015769977054400693278	-0.0029111938673763871482	0.0022123511090831149244
-1	2	4	0.0014654092347160202568	-0.0022638955065932609735	0.00037925098261900935586	-0.00075959162680333124247	0.00017672681736950035915	-0.00018617806324664959504
-1	2	5	-0.00055697626957926791354	0.0017515245455900637587	-0.00053430299840494905553	5.6708244143701559269e-05	0.00010232594544612600427	0.00032762161146053210906
-1	2	6	9.3207010786361540414e-05	-0.00021626839898396550536	0.00040186472535877379138	1.3312686684683577623e-05	-0.00011842040665519768276	-4.0482295392222106148e-05
-1	2	7	-7.7397796362658344152e-05	7.5349039824242590446e-05	-0.00011602467695606474428	-2.2460158985416193338e-05	2.2093079649924449685e-05	1.7181336827867853875e-05
-1	2	8	-1.0702537492528361863e-05	-9.2104106197933111809e-06	-4.1527986143328845018e-06	-1.504690950635608191e-05	-2.996175329828241074e-07	2.610426049114856368e-06
-1	3	-8	-1.3163451542512820031e-05	1.0303443257892973476e-06	4.5696407265383842808e-06	9.3921785350204914255e-07	3.3590467152659963974e-06	2.2341365433960627324e-07
-1	3	-7	-9.2536613778164587764e-05	-0.00012057035616281040486	2.1805496322661391126e-05	6.5529910474655674342e-06	2.2564728963735534886e-05	2.0032761329315299209e-05
-1	3	-6	0.00028053180676146052168	8.4060051736882862778e-05	-0.00017086642321053832367	2.5700779458089850163e-05	-0.00013218851273217923975	-1.1596188937688868636e-06
-1	3	-5	-0.0014524712143671708164	-3.5283351200368959951e-06	6.2055413136510937776e-05	-0.0001689857005641394916	0.00032772749075534075847	-0.00010068575331447631187
-1	3	-4	0.0015616697535017541685	-0.0014062525896838015509	-0.0001065426389838348357	0.00015465025675279561084	-0.00047032441761331468923	0.0004675508399855471094
-1	3	-3	0.0018680235205818030483	0.0067584115904802816166	0.00037412538790526959171	-0.00062165634307237514072	-0.0002485491189553314063	-0.0028744602065658023463
-1	3	-2	-0.0075585005307251020013	-0.0045067450674111317332	-0.00077495421440421032207	-0.0001133307331767412164	0.0026168189437562358428	0.0020833764339404539472
-1	3	-1	0.02652509948746412799	-0.0020609501353049675121	0.0042946334401584912097	-0.00019605738540998612169	-0.013641199166988655228	0.0014727779790750092012
-1	3	0	-0.020357168192598390499	0.0095729998167317555818	-0.0067857227308661307447	0.0031909999389105854831	-0.000350665073554699933	-0.021939429802782309253
-1	3	1	0.015869554126525072663	-0.0057717771649901149569	0.00045598874018835250377	-0.0067517885288084691225	0.014501587905960015151	0.014483588421435293278
-1	3	2	-0.0031706653725314662071	-0.0017602144990845327785	0.0014671954493804045469	0.00097362317600952689826	-0.0037861258603363399239	-0.0023405420135565566282
-1	3	3	0.0033604088683982014964	0.0031815006561313231848	0.00084746884907166853546	-0.0001406629098230990243	0.00027266744039439855772	0.0012011631285335400317
-1	3	4	-0.0018247161955127534378	-0.0012833318276700362084	-0.00057577560714367924041	-0.0001431177445151429826	-2.4347343520428959635e-05	-0.00021349464853115182193
-1	3	5	0.0011835066537554791901	0.00080358419954682696121	0.00021937110231625285258	0.0004307120882234195423	0.00010507866936134414274	-9.7710413024686335851e-05
-1	3	6	-0.00019263526359643550617	-8.6033788792311071498e-05	-2.2985537557543818193e-05	-0.0002034779865423065907	-2.0613108487300676395e-05	8.7400028472434787953e-05
-1	3	7	6.4787813945225191376e-06	6.3228916777432870818e-05	-2.9576330458742082393e-05	9.2134794888896860633e-05	1.3601110395821252452e-05	-3.0453638269893960178e-05
-1	3	8	-8.6129485947327114878e-06	5.6338628082867273693e-07	-1.2036209468552188501e-05	-6.5234189397821581316e-06	3.4369599763654815401e-06	2.5167053875218935635e-06
-1	4	-8	1.3023276799900221226e-05	6.1461733367802422445e-06	-8.6987739113691394574e-07	-8.3423068786177075767e-06	-2.0628482955559847321e-06	-4.9394251064063842807e-06
-1	4	-7	-1.2518048052130721401e-05	-1.2296938848609692039e-05	-3.7530321839903584011e-06	8.0016332545692267893e-06	-3.5629724054724456265e-07	6.3290674095552283356e-06
-1	4	-6	8.8232966730643146809e-05	-0.00010651473460148359635	-1.1003856850483752133e-05	6.3313148958436550042e-05	-2.2041399022096358094e-05	5.9961221739204963828e-05
-1	4	-5	-0.00014212808517040384309	0.00045230745938608276756	-1.6647214065557558725e-05	-5.4266849199896781397e-05	1.5107845781634721976e-05	-0.00013387497123713398405
-1	4	-4	-0.00070577819424390568666	-0.0016934401276381349198	-0.00011807830725703939495	3.9338789721314067595e-05	5.8366241303937019941e-05	0.00046269882163084782465
-1	4	-3	0.0017721113989343478378	0.0008626090498300665807	0.00026581278315118212407	-0.00014150222116181892184	-0.00023628675544320646524	-0.00047620597815911408935
-1	4	-2	-0.0025726575824251847989	0.00092833997174020818719	-0.0004051820711566267311	0.00028536196539200703835	0.00047596464889933893724	0.00010655394491390999666
-1	4	-1	0.0028556387722749876357	-0.0062684012004116107519	0.00076256846905300892502	-0.0018968364652179466826	0.000194635103937047956	-0.0013189446604601759785
-1	4	0	-0.00013580469422226734873	0.0074257676512902385385	-3.3951173555566837182e-05	0.0018564419128225596346	0.00019477286516911729471	0.0020129690606046986463
-1	4	1	0.0029552875588350316534	-0.003164298279888159808	0.00069582505717338187338	-0.00060864206913807130349	0.00017198733014150432248	-0.00072973000333587470252
-1	4	2	-0.0013505089215224601665	0.0017621527263957086767	-6.0841898686100033609e-05	0.00060923354288921636925	-0.00055357066338902998891	-0.00033739072258057845434
-1	4	3	0.0010656243535983459577	-0.0016731256192799464667	9.1670224252493875006e-05	-0.00049224784061963446687	0.00023298115219612348589	9.8621914399530394638e-05
-1	4	4	-0.0011225621723096840081	0.0018779720414395860255	-0.00014940763906061372765	0.0003562616015213594927	-0.00013123290401680727437	0.00011323140883853702722
-1	4	5	0.00024800145033703044264	-0.00062127271305826865105	0.0001454588614166494123	-6.518961916010230053e-05	-6.6766799065913430469e-05	-7.2102847283571884366e-05
-1	4	6	-6.9933481856223605609e-05	7.0658376606141359822e-05	-9.6130639229852186153e-05	-8.328691918701859221e-06	5.2431512510530854242e-05	1.7328857380158132784e-05
-1	4	7	6.8310901346533407739e-06	-1.650385117025108701e-05	1.2778448632598830839e-05	-5.230549808531361966e-06	-6.3261006279631401271e-06	6.3119258055347966816e-07
-1	4	8	-9.082231106739780809e-06	4.232343535291480307e-06	-1.1337128683875494334e-05	3.2725673931692583596e-06	4.533285453595274354e-06	-1.1072407546731942473e-06
-1	5	-8	2.3208899709565525299e-05	-3.1799744640311676741e-05	-1.3654518452517740317e-05	-7.0466281442781470177e-06	-1.1435186496519277302e-05	-4.2917451013488266399e-07
-1	5	-7	-1.1231169740428060871e-05	1.4918094262086366961e-05	5.8775256201046681019e-06	3.6429528063019307251e-07	5.8026854058501998342e-06	-1.8709454084193430629e-06
-1	5	-6	-4.9216004810709144149e-06	-3.7034172363104947445e-05	-2.6631920354351637958e-06	1.0177294009017246997e-05	-1.3990599493508172861e-06	1.4653440401365197071e-05
-1	5	-5	0.00014122599687025423534	6.4983816770552610994e-05	-1.26066931728271778e-05	-1.5264916897785593355e-05	-4.0851892546878025884e-05	-2.8261680251896115554e-05
-1	5	-4	-0.00035022849847604435852	-5.5433482051910198539e-05	5.8868126305605290318e-05	1.9336849048635169814e-05	0.00016114228250101769236	3.8029431823771515291e-05
-1	5	-3	0.0010837775415549408264	-0.00035031270051441180729	-2.9125708524426903424e-05	-5.3480668844403313363e-05	-0.00040980202805902511904	2.7636452097465069995e-05
-1	5	-2	-0.00065701677959057662275	0.0014095583958157323953	-3.1811993648064935589e-05	0.00036901697867819567307	0.00024897840567512599273	0.00021776324878762293082
-1	5	-1	-0.00019099002941114944561	-0.0014759519523973652685	-8.6301246156282422628e-05	-0.00034151484976367225315	-0.00024051620137026264042	-0.00023162229642099591595
-1	5	0	0.0001472473169315944208	0.00098404938510770578568	2.9449463386318884837e-05	0.00019680987702154118424	0.00010586365264177913356	-0.00020288977945532001902
-1	5	1	-0.00052166396036131836532	-0.0015894088147423524136	-0.00020080054703994296844	-0.00043946183772693088758	0.00048233877483839642268	0.00060790037389230207852
-1	5	2	0.00073049111721070977572	0.001445769626370335334	0.00043827196953994301864	0.00035461354128777115759	-0.00073043436524450268583	-0.0001636490400342602812
-1	5	3	-0.00093466872968409205578	-0.0010658005139476717411	-0.00035406862744327959611	-0.00013380227894242246837	0.00027855813584410195685	-0.00013226303974518647546
-1	5	4	0.00055778526642461705512	0.00024066136566657195142	9.9275393822396949014e-05	6.4640785122985482559e-05	1.5352074328158067348e-05	-2.0635639987088868732e-05
-1	5	5	-9.0787535973953380664e-05	-6.008290440126012519e-05	-7.2923433696648680584e-06	-5.3308029432435172733e-05	-1.086516382512580655e-05	4.1291448552183150405e-05
-1	5	6	6.0120750738249729276e-06	2.6445975203174966174e-05	-5.9442257989276598641e-06	1.1491523327919716448e-05	5.955534011410545657e-06	-5.1686069060706021127e-06
-1	5	7	-6.8832006873360544632e-06	-1.5129569525719840622e-06	-2.5654062823256974628e-06	-7.5417087993962415727e-06	8.4911867489891893327e-07	5.1707981492013173531e-06
-1	5	8	6.4239459778369641002e-06	2.8234348773392553002e-05	-7.8753305046466998281e-06	1.8751023178181207166e-05	5.7250748126338077992e-06	-8.1900958896891853532e-06
-1	6	-8	-2.0935080732446026039e-05	-2.6248130639400654382e-05	-1.4403296059310409641e-05	6.6126983679553988742e-06	-8.1855869529270531285e-06	8.2405401058916303181e-06
-1	6	-7	2.2535669367159878761e-05	1.3149243448420916387e-05	3.5685075345747768888e-06	-1.2332658872631749769e-05	-1.6066059424445987083e-07	-1.2449313812030201901e-05
-1	6	-6	-3.7677892455387476885e-06	-8.4894469013202421623e-06	-5.5573923861238426245e-06	-9.1873284688988764871e-07	-4.929427511867384747e-06	4.9617496999681923716e-07
-1	6	-5	2.2127840062118436364e-05	-2.0038493585808251966e-06	-2.0302057758431463609e-05	-1.2278717980153200587e-05	-2.8788037322541442926e-05	-1.4333691704467674903e-05
-1	6	-4	-8.9138197163545824413e-05	0.00010078473648391971039	3.1167303769118882937e-05	-5.5368244716018054905e-06	6.903550494456477712e-05	-3.3501420828382635832e-05
-1	6	-3	5.0203489813876999175e-05	-0.00025273041757974617312	-3.6052163082916365857e-05	-6.4711210377372936305e-06	-8.8838822770458391329e-05	7.1301230451107470445e-05
-1	6	-2	-4.7120136226371664109e-05	0.00057114588221204170854	3.1454309372599689395e-05	7.1075753003874687333e-05	0.00011792299623098490024	-7.2345682094396792272e-05
-1	6	-1	-0.00061449949218923198384	-0.00082054119329743376715	-0.00012882261509063305718	-0.00011173973508916229221	-0.00015843619835456633211	0.00015010278276246006809
-1	6	0	0.0010662904705434244398	0.00036993902896298561144	0.00017771507842390409137	6.1656504827164277608e-05	-0.00013746788229945474573	-0.00012553256386734339156
-1	6	1	-0.00087549499386392712775	-0.00013357947069789124356	-0.00020855774718669473425	1.5101658349296236407e-05	0.00037585148925624127774	-0.00022418942079366864506
-1	6	2	0.00035030816147151565016	5.8642753261290187666e-05	0.00012559136626536505335	-6.2613102662151273281e-05	-0.00020162001806033728077	0.00021716068461709892045
-1	6	3	-0.00014333466535031179952	5.3894132767610737373e-05	-5.3883654169502190291e-05	7.9725894379930562438e-05	5.9989086555567107297e-05	-0.00014148707783732418757
-1	6	4	1.6627794238949068995e-05	-1.9196468041911563662e-05	2.2507670189941537102e-05	7.7501782707681378469e-06	-2.9604556725175037557e-05	-1.6424384416630096839e-05
-1	6	5	-1.0902671855349752502e-05	5.4423375328307688114e-06	3.0198409687322250809e-06	-1.521800800343453568e-06	-5.8043435335486205976e-06	2.9146284669782977898e-06
-1	6	6	-3.4793135288990757415e-06	-7.3333519182651952433e-06	-2.4801246822593722282e-06	-3.0653811104466372903e-06	1.9002390941095264124e-06	1.8431557907357712752e-06
-1	6	7	-1.8183829088905590802e-05	-6.2401120458599274859e-06	-9.438115198955037029e-06	-9.4333046292217529296e-06	5.492123157832089954e-06	7.1942451042100842988e-06
-1	6	8	3.1776984168767635644e-05	-1.0692978386982233059e-06	1.5963932277377918824e-05	1.2218744531304125773e-05	-8.0008261869374855098e-06	-9.2977206283153713434e-06
-1	7	-8	-1.4165278655700059074e-05	2.8913797566639973949e-06	-1.184643622185298736e-06	7.3999002598989885337e-06	7.3409666255037083143e-07	6.1134902578286147632e-06
-1	7	-7	2.4663851583022446058e-05	-1.6818276740964878407e-05	-7.133964619483829763e-06	-1.0104350400764664761e-05	-1.0657371988487037432e-05	-7.7017394377696811632e-06
-1	7	-6	-1.1748601780963717397e-05	1.9204195800074634495e-05	9.8110139043474980171e-06	1.1540969594638669772e-06	1.3404283185232701998e-05	-1.8542528473045944523e-06
-1	7	-5	3.2757846353709507738e-06	-1.060668060403265563e-05	-5.8661474676122955194e-06	-9.9800505110241795166e-07	-8.8677633817314037125e-06	7.2412904926314603599e-07
-1	7	-4	-1.1958441590051642779e-05	7.8258901691337449382e-06	2.1233850714232564587e-06	-3.7554788635037584068e-06	6.7055342725036096033e-06	-8.5285605534150125994e-06
-1	7	-3	-7.5275843754087296347e-05	-4.5388487834635534498e-05	-6.2934982258928080776e-06	1.9201834656708021332e-05	1.040711872427921468e-05	5.9933776810530563532e-05
-1	7	-2	0.00011557557368813987095	7.7175319043352154044e-05	-9.5148435664819261762e-07	-5.3015116448180367575e-06	-6.1117982092338609692e-05	-5.7142950278539203556e-05
-1	7	-1	-0.00017120197983008303964	-6.715349121766121831e-05	-2.1388064194380997714e-05	-8.70186473452346365e-06	2.1485530469416045475e-05	6.2404380759969753012e-06
-1	7	0	0.00019403080021120170133	2.5092282605058400152e-05	2.771868574445738784e-05	3.5846118007226283512e-06	2.8759333746019820886e-05	4.6750618614615544843e-05
-1	7	1	-0.00015986734393598703709	4.3825654333604499243e-05	-1.2689534909796539315e-05	1.5354616740822839646e-05	-7.1040599567411273738e-05	-6.3656662852155381665e-05
-1	7	2	6.7928602147318217449e-05	-1.6696182876647148893e-05	-9.6727467515163458007e-06	-1.5007090997617043298e-05	6.781891470396631818e-05	4.4176727053336079637e-05
-1	7	3	-4.5419267355062798266e-05	1.1488944514838539461e-05	4.2402894496858917388e-06	6.3743094537009887859e-06	-2.5033764500954680993e-05	-1.1043740553689459268e-05
-1	7	4	6.9652696503528676338e-07	-5.2649072057157284067e-06	-5.8891135061908574309e-06	3.0874990145464464737e-06	1.0480080377092822221e-05	-6.719350076885213113e-06
-1	7	5	1.4520920361853042881e-06	6.0583176138957690247e-06	3.0664681482465263593e-07	7.4308662046143402264e-08	-1.388871335174528221e-07	1.107631395914552965e-06
-1	7	6	1.3263246029824146455e-05	-1.4251140441626708108e-05	8.1779374322989987405e-06	-2.7441863533586141255e-06	-7.330385999378139941e-06	8.2636067198059839118e-07
-1	7	7	-1.4917860704339747988e-05	2.6066966881302334937e-05	-1.2475444309424558881e-05	5.717253709490240634e-06	1.0344321351661737982e-05	-1.9934012978756209337e-06
-1	7	8	4.1468468299378155934e-06	-1.560790507171932025e-05	8.2721274474875370247e-06	-6.7393020570217790696e-06	-6.7197556628093686886e-06	3.945901165929141443e-06
-1	8	-8	-1.4911197585342231469e-06	3.4172056995105343921e-06	2.258884854675351221e-06	6.8657353053005684012e-07	2.4452748244921289556e-06	2.5942281809124009404e-07
-1	8	-7	1.6094062075662373051e-07	-1.3282668079172332072e-05	-5.3972635950424365111e-06	7.7136011714927038695e-07	-6.1912927687280158612e-06	2.7790784309094991887e-06
-1	8	-6	1.1782098339594508957e-05	2.3849669966044408467e-05	6.3906718601801965789e-06	-6.8948760394268561669e-06	6.55721275697451033e-06	-1.31681130469098763e-05
-1	8	-5	-1.829821330077920335e-05	-1.0446313894178742632e-05	-1.4055502381572493896e-06	7.4329156446769326544e-06	1.410762279104241562e-06	1.3981927810318840773e-05
-1	8	-4	9.8938167851374110248e-06	6.238397327167864568e-06	-5.7753974835101898433e-07	-1.8040907233667431695e-06	-3.6285336929863909366e-06	-5.1677807785254529046e-06
-1	8	-3	-1.3509740016473745431e-05	-6.3818957198090283525e-06	-2.4718322386826056853e-06	8.2244908479813873325e-07	-2.0883059643290337739e-06	4.3204961327313794062e-06
-1	8	-2	1.1990134191569997932e-05	1.0963638874220421406e-05	4.1293549141782948694e-06	-2.7696316022007796246e-06	1.0522352560928180512e-05	-1.6560345845913330048e-05
-1	8	-1	-3.0439671216239850827e-05	-1.3629962217136205863e-05	-3.001536870915766386e-06	2.5467908871961116242e-07	6.4273762489137197397e-06	1.5667394926893096009e-05
-1	8	0	2.9671392527811335483e-05	-2.9254787694188609122e-06	3.7089240659764169354e-06	-3.6568484617735761403e-07	-1.4971304212884422414e-05	-1.9323381110508553306e-05
-1	8	1	-1.9024807563330564729e-05	9.1100435787488716987e-07	-4.5048466268428773954e-06	-1.5701812710176139974e-06	1.7013965451412454435e-05	1.3472454526015799467e-05
-1	8	2	1.4309895796224948221e-06	3.3167492038542261807e-06	4.5369067139893292151e-06	2.4296345929579033263e-06	-1.7432132066146069555e-05	-8.0601637699045004267e-06
-1	8	3	3.4554996780481009784e-06	5.4767491192019678031e-06	-2.8362697440059057222e-06	-3.0933353758441943168e-07	8.7152192100317832401e-06	2.6504724732924409444e-06
-1	8	4	-2.5305074803551077469e-06	-4.9846044956893175234e-06	1.7716298103386565192e-06	-1.8680887657686260331e-06	-4.1758864907660905044e-06	2.4900264076149226854e-06
-1	8	5	4.7505942458244968654e-06	2.2848121742724193824e-05	-1.9600954077549037648e-06	7.0985319941746011289e-06	4.086271501572745058e-06	-6.7880268421345238885e-06
-1	8	6	-1.5836877224397643334e-05	-2.5013481042980767526e-05	9.4762304603699331305e-07	-9.6431789957326788306e-06	-3.9029769321155983065e-06	8.6886584871467766218e-06
-1	8	7	1.3005912110589449754e-05	1.082423455965587133e-05	1.6971805348914788166e-06	6.5254894996919943177e-06	-8.1647452648911492527e-08	-5.9113830625542979647e-06
-1	8	8	-4.6151222964763735133e-06	-2.6460252086549480219e-06	-1.6524238420327316127e-06	-2.5327483752411339214e-06	1.0755335549731848177e-06	2.2019952241592653657e-06
0	-8	-8	8.1317521778787287775e-07	7.2441061142798484292e-06	2.1276851773186608792e-06	2.886648988937740712e-06	-2.1276851773186608792e-06	-2.886648988937740712e-06
0	-8	-7	-7.1803729721107577123e-06	-2.0757255243657252505e-05	-6.8901013610237055569e-06	-4.8426539190824218623e-06	7.8744015554556632516e-06	5.5344616218084816443e-06
0	-8	-6	2.219915708729943194e-05	2.8639640789736943899e-05	1.1320491613272272216e-05	4.7382576088710340269e-06	-1.5093988817696362954e-05	-6.3176768118280445221e-06
0	-8	-5	-2.184367489742925392e-05	-1.060189707678613304e-05	-9.3325337143629164704e-06	-7.2282792410836744446e-07	1.4932053942980667369e-05	1.1565246785733879535e-06
0	-8	-4	5.3770657677455827096e-06	4.7172992311426903148e-06	3.6865757437469481534e-06	-1.2208437574066328192e-06	-7.3731514874938963068e-06	2.4416875148132656383e-06
0	-8	-3	-5.3598186283765173021e-06	-6.8008791688284767861e-07	2.2197235698977655122e-06	5.2010174446380902618e-06	-5.9192628530607077503e-06	-1.3869379852368242392e-05
0	-8	-2	-4.5763459337763135221e-06	-4.9973306080401125792e-06	-5.1966020530157345584e-06	-4.5232573476879626254e-06	2.0786408212062938234e-05	1.8093029390751850502e-05
0	-8	-1	-3.4066126828648352213e-06	1.968966000275978865e-05	1.3242413461218016606e-06	8.468067022642124971e-07	-1.0593930768974413285e-05	-6.7744536181136999768e-06
0	-8	0	2.494052871093728989e-05	-2.2170452807574861961e-05	0	-0	3.5565899967900777024e-06	-3.3380126172918159604e-06
0	-8	1	-2.0008020369569525682e-06	2.8687705344616103506e-05	-2.702520890557768901e-07	-3.857031757884905785e-07	-2.1620167124462151208e-06	-3.085625406307924628e-06
0	-8	2	-1.8135921077134720998e-05	-1.831054429429894865e-05	3.3294601627930775461e-06	-9.8183841147042808543e-07	1.3317840651172310184e-05	-3.9273536458817123417e-06
0	-8	3	3.2936109348909513573e-06	1.2894003216516087372e-05	-1.5161751173537756289e-06	1.5358296034474259883e-06	-4.0431336462767347281e-06	4.0955456091931359688e-06
0	-8	4	6.3556072843799486261e-07	-1.0251622704160358172e-05	8.2069337530928967284e-07	2.4713348915331297323e-06	1.6413867506185793457e-06	4.9426697830662594645e-06
0	-8	5	-2.1406175662439042737e-06	1.8033094949830338324e-05	-4.0741329396756636113e-06	-2.0356957947764764132e-06	-6.5186127034810619475e-06	-3.2571132716423623457e-06
0	-8	6	-1.2018083965139361838e-05	-1.8458628392601315725e-05	4.4241461179658877868e-06	-2.4200152485551267137e-06	5.8988614906211837158e-06	-3.2266869980735021438e-06
0	-8	7	1.1278305803097070885e-05	3.8976494031878197317e-06	-2.3673672392542164438e-06	4.5019065143344642576e-06	-2.7055625591476761778e-06	5.1450360163822448658e-06
0	-8	8	-3.5921815122702453869e-06	8.0100823889816394367e-07	-1.9001290338363910318e-07	-2.3593184810982342508e-06	-1.9001290338363910318e-07	-2.3593184810982342508e-06
0	-7	-8	2.1260110022759589601e-05	4.6812731977679942312e-06	1.0476165398102983762e-05	-6.0862022616811854912e-06	-9.1666447233401110038e-06	5.3254269789710378342e-06
0	-7	-7	-3.854775609832420465e-05	6.0489662089461834971e-07	-1.0779511749400474675e-05	1.0422957820399142122e-05	1.0779511749400474675e-05	-1.0422957820399142122e-05
0	-7	-6	1.992768045983251752e-05	-9.2240275107327378799e-06	6.7677426163393730919e-06	-9.7212123661170527075e-06	-7.8956997190626016582e-06	1.1341414427136561492e-05
0	-7	-5	-4.7784419939146355289e-06	-2.2071316358959381876e-06	2.7743345217691275452e-06	1.5939774970391601426e-06	-3.884068330476778648e-06	-2.2315684958548240726e-06
0	-7	-4	7.7554963664759785802e-06	-5.2656682105654316822e-06	-8.9380684350687316194e-06	1.1496142707170638545e-06	1.5641619761370280757e-05	-2.0118249737548615865e-06
0	-7	-3	6.3803871007937862744e-07	2.5393768348312185674e-05	-2.2880497235694114664e-05	3.7400093525801652866e-06	5.3387826883286270937e-05	-8.7266884893537199902e-06
0	-7	-2	7.5363861427477991028e-05	-9.5741073067295354832e-05	1.5254935327145116415e-05	7.5809215493272815117e-06	-5.3392273645007904911e-05	-2.6533225422645483597e-05
0	-7	-1	-9.7005697065896036454e-05	0.00014877793763596821892	-9.3167620393359742818e-06	-5.6316172623341847196e-06	6.5217334275351819973e-05	3.9421320836339294731e-05
0	-7	0	3.0068712014641183139e-05	-0.00017454081546711982089	0	8.9677977101420676801e-44	-4.7236433348262316806e-05	4.7192680190814447584e-06
0	-7	1	-2.6969925825974419808e-05	0.00015221667084682548548	1.1467297603086871038e-06	-4.7589554992091715274e-06	8.0271083221608109973e-06	-3.3312688494464201539e-05
0	-7	2	5.7742454771656239826e-06	-0.00012585637044796549821	1.4422007757938167151e-05	1.4188945256019283188e-05	5.0477027152783586722e-05	4.966130839606749031e-05
0	-7	3	4.7387899643273687772e-06	9.6756063917613694455e-05	-1.3864668404321779083e-05	-6.4647534194154824029e-06	-3.2350892943417483962e-05	-1.5084424645302792556e-05
0	-7	4	-1.4052024220649300381e-05	8.8487557867958495058e-06	5.5428812749128943672e-06	-2.4376436272579004991e-06	9.7000422310975662014e-06	-4.265876347701326297e-06
0	-7	5	5.4023468866844779726e-06	-2.2473921885618400825e-07	-4.3673041880030976419e-07	1.8264186516786034061e-06	-6.1142258632043369104e-07	2.5569861123500446838e-06
0	-7	6	-1.6834526096900512211e-05	2.3828942544489441887e-06	3.0243680339912671807e-06	-5.3383383422424781668e-06	3.5284293729898119931e-06	-6.2280613992828911946e-06
0	-7	7	1.9990416098302884389e-05	-1.5418272006384325668e-05	3.6756201626656278047e-06	8.3061820011699770866e-06	3.6756201626656278047e-06	8.3061820011699770866e-06
0	-7	8	-4.9293149957907211843e-06	1.1942711274431880127e-05	-6.4111180964317978219e-06	-2.313375089991891575e-06	-5.6097283343778227765e-06	-2.0242032037429049693e-06
0	-6	-8	2.1268687706208640572e-05	-3.8112993248950613283e-05	-8.5000645214316730729e-06	-2.3321878259834974027e-05	6.3750483910737543812e-06	1.7491408694876229673e-05
0	-6	-7	-2.7070877722273080617e-06	2.2511338191585679328e-05	8.7460220630107394054e-06	1.4289116336631012529e-05	-7.4965903397234907979e-06	-1.2247814002826582652e-05
0	-6	-6	1.6782080122031886035e-05	-2.9848563375474868476e-05	-1.6880300410090223816e-06	5.184074134467973454e-06	1.6880300410090223816e-06	-5.184074134467973454e-06
0	-6	-5	-3.2888333903857065754e-05	2.5501400898430922915e-05	2.7334946302402648381e-05	1.4978125393383854053e-05	-3.2801935562883179412e-05	-1.7973750472060626897e-05
0	-6	-4	3.5949048944377153837e-05	-6.5005788269680654439e-05	-2.6652382560155037767e-05	-3.2887827618542991794e-05	3.997857384023255665e-05	4.9331741427814480914e-05
0	-6	-3	-0.00010651094073701637081	0.00016000501150555959066	-4.8991188329077565132e-05	1.9049381439196238266e-05	9.7982376658155130263e-05	-3.8098762878392476532e-05
0	-6	-2	0.00028564232292071253631	-0.00062550623076918475136	0.00014163164142241163081	-8.6582363639513404007e-05	-0.00042489492426723483821	0.00025974709091854022557
0	-6	-1	-0.00019640646763696500239	0.00099724742539243366873	-2.3421538569115701064e-05	6.6776270661435523849e-05	0.00014052923141469420639	-0.00040065762396861311599
0	-6	0	-0.00021238203986725598133	-0.0013873011886353489499	0	-0	0.00011245169305675265111	0.00019294063643986018343
0	-6	1	0.00080541231871467014024	0.0009381594997541434916	-2.5240244964075468333e-05	1.917468222580542985e-05	-0.00015144146978445281	0.00011504809335483258588
0	-6	2	-0.0010071858260141080925	-0.00018944806142817997244	1.0696127116761190888e-05	-9.3501455384029623233e-05	3.2088381350283567582e-05	-0.0002805043661520888968
0	-6	3	0.00023674410419019655894	9.6433695908467414434e-06	3.626447820962293754e-06	4.1804950945349471185e-05	7.252895641924587508e-06	8.360990189069894237e-05
0	-6	4	-0.00012557027674101029456	7.2924802053777704018e-05	-6.0485963860363277717e-06	-3.6239245969545814084e-05	-9.072894579054492081e-06	-5.4358868954318721126e-05
0	-6	5	2.7453235280462386049e-05	-2.4227996235474774623e-05	-2.7999659180884537454e-08	1.4958297177973596428e-05	-3.3599591017061442297e-08	1.7949956613568314359e-05
0	-6	6	1.1514435021525821234e-06	1.2756039986867561136e-05	-6.2609177728009799189e-06	-4.0090419079090270176e-06	-6.2609177728009799189e-06	-4.0090419079090270176e-06
0	-6	7	-5.7680828446319347652e-06	-1.8249916639028333537e-05	8.0657621867121647336e-06	2.0333831366640099932e-06	6.9135104457532846624e-06	1.7428998314262943101e-06
0	-6	8	1.6070712480925274747e-05	2.0730285916877819749e-05	-7.9487641196350307588e-06	7.8183302307011560175e-06	-5.9615730897262730691e-06	5.8637476730258674367e-06
0	-5	-8	-2.9319307605316735448e-05	-2.5054680000294395927e-05	-2.4565193627339720081e-05	3.5882679418026442699e-06	1.5353246017087327592e-05	-2.2426674636266527216e-06
0	-5	-7	-1.040176918273831092e-07	6.8698084849029368348e-06	3.2084384530902751854e-06	-2.2602663483290231224e-08	-2.2917417522073395392e-06	1.6144759630921592313e-08
0	-5	-6	-2.0081409609819441e-05	-1.9455013910919846367e-05	-3.6075086888148995073e-05	3.6129675359510028123e-05	3.0062572406790831486e-05	-3.0108062799591692361e-05
0	-5	-5	5.4184087508146577524e-05	0.00015722204382081705833	8.1672128797627904242e-05	-5.6357278067631586004e-05	-8.1672128797627904242e-05	5.6357278067631586004e-05
0	-5	-4	-0.00020471602025073660364	-0.00071785585055422610791	-4.9660471431044649006e-05	9.3997159160474514912e-05	6.2075589288805812951e-05	-0.00011749644895059313348
0	-5	-3	0.00073371388089278751984	0.0013603157291176321171	-0.00018702408415744258799	0.00022951815320463919484	0.00031170680692907100709	-0.00038253025534106530666
0	-5	-2	-0.0010539426349503496633	-0.0013416396327042457055	8.9180516142905579555e-05	-0.00034054156429011098054	-0.00022295129035726396244	0.00085135391072527742424
0	-5	-1	0.0014081515442406899053	0.0011269471746614132587	4.0763440521704613661e-05	0.00014112407314614675881	-0.00020381720260852307508	-0.00070562036573073379404
0	-5	0	-0.0015462322115768684701	-0.00031282438911708562463	0	-0	0.00024015534032609920463	-5.3418843274662198618e-05
0	-5	1	0.0015145746086737098268	0.0001546617239220785076	3.1637871936075142611e-05	2.5927641463781801994e-05	0.00015818935968037569273	0.00012963820731890900997
0	-5	2	-0.0013178124065536082898	0.00052133996487412385349	-9.8990614546812512689e-05	-3.6780047985966976315e-05	-0.00024747653636703124784	-9.1950119964917447564e-05
0	-5	3	0.00036309837961879306428	-0.00098784577194521152807	0.00015578382843994934047	5.080516657386010518e-05	0.00025963971406658221605	8.4675277623100179817e-05
0	-5	4	0.00014802272636497564072	0.00034282987057913564361	-4.9990611425883292563e-05	2.4836979076552098911e-05	-6.248826428235411401e-05	3.104622384569012618e-05
0	-5	5	-3.6183208081957638771e-05	-8.7134908428887733228e-05	-1.3945772785005327218e-05	1.9681914350593608459e-05	-1.3945772785005327218e-05	1.9681914350593608459e-05
0	-5	6	3.9255238024066056409e-05	2.7497905460817233144e-05	-1.7133348205248184238e-05	-4.4785763929086991762e-06	-1.4277790171040153532e-05	-3.732146994090582788e-06
0	-5	7	-1.0888122991832486065e-05	8.2654270360038327366e-06	1.6020872903325135146e-06	-4.4870985618767764692e-06	1.1443480645232239692e-06	-3.2050704013405548024e-06
0	-5	8	2.5436535646022601624e-05	-1.3889916288025328395e-05	-5.0735927556291869649e-07	1.2576815121735037108e-05	-3.1709954722682419854e-07	7.8605094510843975575e-06
0	-4	-8	-1.4525025647454362261e-05	1.4262775376823646882e-05	-4.4677492760997449469e-06	1.5737849339924903916e-05	2.2338746380498724735e-06	-7.8689246699624519578e-06
0	-4	-7	2.9328644471070810195e-05	-1.4183724613350938098e-05	8.9152485980545939187e-06	-1.5609028231659508739e-05	-5.0944277703169110527e-06	8.9194447038054340494e-06
0	-4	-6	-0.00018347051784038602667	0.00010676407695043667377	3.5068676872879669276e-05	0.00014754543619142017992	-2.337911791525311398e-05	-9.8363624127613462312e-05
0	-4	-5	0.00077920018688768595723	-7.9717610438758429599e-05	-0.00021963761752937752559	-0.00014390095501515419896	0.00017571009402350202047	0.00011512076401212335104
0	-4	-4	-0.0021284070331039077646	0.00041326679016326275246	0.00014272913620885170128	-0.0002141063476683014962	-0.00014272913620885170128	0.0002141063476683014962
0	-4	-3	0.002207698220098706747	-0.00016390438704346136224	0.00028115302064857819421	0.00038677213409183894017	-0.00037487069419810424087	-0.00051569617878911855075
0	-4	-2	-0.0043393318725427482141	0.0021055795384533680485	0.00023907254185112302943	-0.00037671605501644081461	-0.00047814508370224605887	0.00075343211003288162921
0	-4	-1	0.0053437646244223133141	-0.0012545644853374591371	-0.00058863281301551652076	-0.00016601969385086307409	0.002354531252062066083	0.00066407877540345229637
0	-4	0	-0.0072309069742194798797	0.00028266111553194725936	0	-0	-0.002230197513767488357	-5.0261521346330729045e-05
0	-4	1	0.0059899025784814728668	-0.0022441609678723740788	6.8976535325229550492e-05	-4.974366243839840765e-05	0.00027590614130091820197	-0.0001989746497535936306
0	-4	2	-0.0023801279755000536754	0.004048004973143798195	4.569086140619481914e-05	-0.00046405082153543248703	9.138172281238963828e-05	-0.00092810164307086497407
0	-4	3	-0.00056877937834638248645	-0.0016544252575920825963	-1.0978082381692878363e-05	6.4771758678673507933e-05	-1.4637443175590503355e-05	8.6362344904898001542e-05
0	-4	4	0.0015397934620654167657	0.00063207547884178573016	-0.00010007669977660278867	-7.9946557799919972128e-06	-0.00010007669977660278867	-7.9946557799919972128e-06
0	-4	5	-0.00035585906462105631803	0.00013687630957620968743	8.0189103690311031177e-05	6.8222565522303450151e-05	6.4151282952248819521e-05	5.4578052417842756055e-05
0	-4	6	8.5706472523952321324e-05	-4.5137698351292889062e-05	-6.9080638506672497885e-05	-2.5828029475606245375e-05	-4.6053759004448329665e-05	-1.721868631707082912e-05
0	-4	7	1.1192277082824734864e-05	1.9063828971130922994e-05	-9.0248678920759659147e-06	9.5730989558612509784e-08	-5.1570673669005524353e-06	5.4703422604921436053e-08
0	-4	8	-4.1010485978535154942e-06	-9.1036086330300466343e-06	5.5332694817389284272e-06	6.2487899772568870492e-06	2.7666347408694642136e-06	3.1243949886284435246e-06
0	-3	-8	-8.6918443681464777826e-06	5.9743860819929760248e-07	-4.9966731018787921239e-06	1.0890716019086877159e-05	1.8737524132045470465e-06	-4.0840185071575791463e-06
0	-3	-7	-9.1161930085310421664e-05	-0.00011915932142964013576	-0.00011352904677001394486	1.8189148763585124446e-05	4.8655305758577406874e-05	-7.7953494701079109608e-06
0	-3	-6	7.1590950774124616175e-05	0.00029953167792962640589	0.00023664465401641222755	-3.691174071754104775e-05	-0.00011832232700820611378	1.8455870358770523875e-05
0	-3	-5	-0.00028558005796487298663	-0.0018553297896312765606	-0.00035865585493930895056	0.00051620894192244367628	0.00021519351296358537034	-0.00030972536515346622745
0	-3	-4	0.00052729109915504186051	0.0023003443762077443839	-0.00022650863440118609122	-8.8411657960781972368e-05	0.00016988147580088958197	6.630874347058648944e-05
0	-3	-3	-0.00010601917883713930031	-0.0042280225982943963475	0.00042880468507756414531	0.001003025948225738	-0.00042880468507756414531	-0.001003025948225738
0	-3	-2	-0.0020594838284845300852	0.011871611552979442414	-0.00067647290478995542561	-0.0040224621191422716554	0.0010147093571849332468	0.0060336931787134074831
0	-3	-1	0.0015708200485801252812	-0.011543024548171968574	0.0029572442074213591001	0.0066943389789529883158	-0.0088717326222640773004	-0.02008301693685896408
0	-3	0	-0.011335525037140166751	0.00798051221936429446	0	1.793559542028413536e-43	0.012828389326771468329	0.0038442295702008624433
0	-3	1	0.0061559983188500585344	-0.015105860280021398898	-0.0025055558060943527478	0.004744353806006453185	-0.007516667418283058677	0.014233061418019360422
0	-3	2	0.0025918897684326512761	0.014136587560833477686	-0.00059781538752824952936	-0.0024194454324909233853	-0.00089672308129237418561	-0.0036291681487363850779
0	-3	3	-0.0065187805131834506561	-0.0039626806258842598926	0.0010848982227913094283	0.00052848748443372654208	0.0010848982227913094283	0.00052848748443372654208
0	-3	4	0.0016561690689904278243	-0.0014491273417099668867	-0.00018825693942314572732	-0.00010768304582775208055	-0.00014119270456735928871	-8.0762284370814057025e-05
0	-3	5	-0.00020234079175147757601	0.0015211675788972802911	9.1496061365766979913e-05	-0.0001574317039160798347	5.4897636819460187948e-05	-9.4459022349647900818e-05
0	-3	6	-4.7134035409719711733e-05	-0.00018702185942808511893	-0.00011636197795520899405	0.00010579526199267901563	-5.8180988977604497026e-05	5.2897630996339507813e-05
0	-3	7	7.210174959992335863e-05	0.00011347561640602808796	-1.2011123295506351198e-06	-4.3193368769263726446e-05	-5.1476242695027217907e-07	-1.8511443758255882763e-05
0	-3	8	2.4947158956815372937e-06	2.0472677082494403992e-05	-1.616927104289338822e-06	-7.0199083160731425699e-06	-6.0634766410850208471e-07	-2.6324656185274285696e-06
0	-2	-8	-3.5018671672488848524e-06	1.9163788807150639688e-05	1.4677503240140821319e-05	8.9349511162563995445e-06	-3.6693758100352053298e-06	-2.2337377790640998861e-06
0	-2	-7	-0.00011394176543976967204	6.435699394467431938e-05	-1.1479917722844694818e-05	0.00018430507196919064875	3.279976492241341074e-06	-5.2658591991197331117e-05
0	-2	-6	0.0005864936674018987172	-0.00020437734868261365085	-0.00036835039783383486745	-0.00091777749846465859259	0.00012278346594461162248	0.00030592583282155284613
0	-2	-5	-0.0019583326079324774906	-0.00020501496565017529963	0.00029684002370913793517	0.00050139531657907607069	-0.00011873600948365517678	-0.0002005581266316304337
0	-2	-4	0.0046987982612591459516	-0.0021321618650203180007	-0.00037498678869183233332	-6.543773753559424674e-05	0.00018749339434591616666	3.271886876779712337e-05
0	-2	-3	-0.010446591321900471419	0.0051102439070421397382	0.0027995392578403443216	0.00059240304268759556416	-0.0018663595052268962867	-0.0003949353617917303761
0	-2	-2	0.0074390547745446121072	0.0070029136333133509135	-0.026132960727992701061	-0.011311666175356671626	0.026132960727992701061	0.011311666175356671626
0	-2	-1	-0.021481355592088680756	-0.018420921718007358253	0.033375914877100676392	-0.00058034049095179716417	-0.066751829754201352785	0.0011606809819035943283
0	-2	0	-0.017334813804710851037	0.024869980327411798926	0	-0	0.027505533192925642888	-0.07078679781246419167
0	-2	1	0.0051895570331484995943	-0.053611961642059162425	0.018705809607817962953	0.019552744794982111765	0.037411619215635925906	0.039105489589964223529
0	-2	2	-0.00038142971238917404214	0.018529831741553062091	-0.020890823651652828258	0.011773361965980626634	-0.020890823651652828258	0.011773361965980626634
0	-2	3	-0.0097307802350936074137	0.0049110229932842527217	0.0037246249536804143174	-0.0026853373196423918623	0.0024830833024536095449	-0.0017902248797615945026
0	-2	4	-7.0302326725156985402e-05	-0.0044304342148824785858	0.00030077642580009342124	0.0011224585807031262161	0.00015038821290004671062	0.00056122929035156310807
0	-2	5	0.0014383020952114123486	0.00039239152463316380719	0.00012568696208834880998	-0.00041551477764637564493	5.0274784835339526704e-05	-0.00016620591105855026881
0	-2	6	-0.00087548362075257437666	0.00036463091799793749667	-5.4847467518251432988e-05	0.00023861840849287419518	-1.8282489172750478792e-05	7.9539469497624736244e-05
0	-2	7	7.3041168332368234346e-05	-7.5626481151935592753e-05	-6.0468276471031423178e-05	-4.6756690976436581333e-05	-1.7276650420294692337e-05	-1.3359054564696165853e-05
0	-2	8	3.1830691155769103603e-05	-1.5054697328419906934e-05	-1.8321221045787827064e-05	1.304474529460769362e-05	-4.5803052614469567659e-06	3.261186323651923405e-06
0	-1	-8	-5.5591325879523754744e-06	-1.6911601053840377289e-05	-3.2982503808511718008e-05	-2.0940501262691486574e-05	4.1228129760639647511e-06	2.6175626578364358218e-06
0	-1	-7	8.8659444317784407525e-05	4.876955161374736203e-05	0.00023653136239782391053	3.5784644167888330247e-05	-3.3790194628260563487e-05	-5.1120920239840465731e-06
0	-1	-6	-0.00021981301061063426958	-0.00040880200515741441959	-0.0012857839581275818091	0.00057006836436921358435	0.00021429732635459697722	-9.501139406153560191e-05
0	-1	-5	-0.0003833214767590557891	0.0012355634302439338652	0.0011023670653617647589	-5.1906478881514542115e-05	-0.00022047341307235293552	1.0381295776302907407e-05
0	-1	-4	-0.0036073638551680684526	-0.0069604966289365712701	-0.0034869296545300926086	0.0023043899618634213801	0.00087173241363252315216	-0.00057609749046585534502
0	-1	-3	0.006877083869215335106	0.0006557734223170641431	0.020271783614303522797	-0.017777767057532561923	-0.0067572612047678412214	0.0059259223525108539743
0	-1	-2	-0.011361569619064341638	-0.032548493585803597861	0.021632672721530080834	0.041465604399116375023	-0.010816336360765040417	-0.020732802199558187511
0	-1	-1	0.059103262067319431439	-0.011763880393532124419	-0.03678808614151316686	0.02110990043490316645	0.03678808614151316686	-0.02110990043490316645
0	-1	0	0.0094094709288682770731	0.095105056124559841924	0	-0	-0.042999474595004638644	0.21732027958821284463
0	-1	1	-0.05366508776187533386	-0.052178842537372878418	0.0086349394158644014047	-0.024616611370731567021	0.0086349394158644014047	-0.024616611370731567021
0	-1	2	0.033537088014127511282	0.051095793194041394525	0.0039139408172186047202	0.076220732601542107165	0.0019569704086093023601	0.038110366300771053583
0	-1	3	-0.015005783723497074719	0.003025081960535734929	-0.017522464333853151469	-0.0099295590003799782952	-0.0058408214446177171564	-0.0033098530001266592872
0	-1	4	0.00077244509253367762795	-0.0036013821260853944896	0.004156906228859212106	0.0010860128161264898713	0.0010392265572148030265	0.00027150320403162246782
0	-1	5	0.00037802525439481840259	-0.00030736542917108715953	-0.00079773842319734347261	-0.00041336827730061595845	-0.0001595476846394686891	-8.267365546012318898e-05
0	-1	6	2.3716708852234171363e-05	0.00070364382453186595946	0.00064180770060395363891	0.00029134819934085683969	0.0001069679501006589353	4.8558033223476146725e-05
0	-1	7	-0.00010424431658021183393	-3.9992566252675885432e-05	-0.00013193888176407458056	5.9044377275319369401e-05	-1.8848411680582083421e-05	8.434911039331339212e-06
0	-1	8	1.341462115479910924e-05	-9.8590922282439678794e-06	1.3319551609549045519e-05	-1.1462544712878931715e-05	1.6649439511936306899e-06	-1.4328180891098664643e-06
0	0	-8	-1.7644378284443875332e-05	2.4401025324582619532e-05	-3.0818265342224289286e-05	2.8011870658949952024e-05	0	-0
0	0	-7	4.1785941530780362664e-07	-8.3818914278056165989e-05	2.7884353285596170642e-05	-0.00019703832861442638043	0	-3.5871190840568270721e-43
0	0	-6	-2.0468308649098546044e-06	-0.00012695845421392050359	0.00053769239434517369057	0.0011335076477039945659	0	-0
0	0	-5	4.806408876139842449e-05	6.0746523015464668253e-05	-0.00015283881563803094084	-0.0010127958208074141523	0	-0
0	0	-4	-0.0019203746089158661627	0.0068127373364945615145	0.0019185221500227125479	0.0043953843551559866609	0	-0
0	0	-3	0.0020197711551405224568	-0.019330014033180829142	-0.010210475656372952624	-0.019565866178430927486	0	-0
0	0	-2	0.028533904437912361446	0.037369393351915219936	0.094158632687662668914	0.02695564308664321479	0	-0
0	0	-1	0.14893862247731043391	-0.012014066441537307045	0.026550800779936534896	-0.069912821027527979889	0	-0
0	0	1	0.14893862247731043391	0.012014066441537307045	0.026550800779936534896	0.069912821027527979889	0	0
0	0	2	0.028533904437912361446	-0.037369393351915219936	0.094158632687662668914	-0.02695564308664321479	0	0
0	0	3	0.0020197711551405224568	0.019330014033180829142	-0.010210475656372952624	0.019565866178430927486	0	0
0	0	4	-0.0019203746089158661627	-0.0068127373364945615145	0.0019185221500227125479	-0.0043953843551559866609	0	0
0	0	5	4.806408876139842449e-05	-6.0746523015464668253e-05	-0.00015283881563803094084	0.0010127958208074141523	0	0
0	0	6	-2.0468308649098546044e-06	0.00012695845421392050359	0.00053769239434517369057	-0.0011335076477039945659	0	0
0	0	7	4.1785941530780362664e-07	8.3818914278056165989e-05	2.7884353285596170642e-05	0.00019703832861442638043	0	3.5871190840568270721e-43
0	0	8	-1.7644378284443875332e-05	-2.4401025324582619532e-05	-3.0818265342224289286e-05	-2.8011870658949952024e-05	0	0
0	1	-8	1.341462115479910924e-05	9.8590922282439678794e-06	1.3319551609549045519e-05	1.1462544712878931715e-05	1.6649439511936306899e-06	1.4328180891098664643e-06
0	1	-7	-0.00010424431658021183393	3.9992566252675885432e-05	-0.00013193888176407458056	-5.9044377275319369401e-05	-1.8848411680582083421e-05	-8.434911039331339212e-06
0	1	-6	2.3716708852234171363e-05	-0.00070364382453186595946	0.00064180770060395363891	-0.00029134819934085683969	0.0001069679501006589353	-4.8558033223476146725e-05
0	1	-5	0.00037802525439481840259	0.00030736542917108715953	-0.00079773842319734347261	0.00041336827730061595845	-0.0001595476846394686891	8.267365546012318898e-05
0	1	-4	0.00077244509253367762795	0.0036013821260853944896	0.004156906228859212106	-0.0010860128161264898713	0.0010392265572148030265	-0.00027150320403162246782
0	1	-3	-0.015005783723497074719	-0.003025081960535734929	-0.017522464333853151469	0.0099295590003799782952	-0.0058408214446177171564	0.0033098530001266592872
0	1	-2	0.033537088014127511282	-0.051095793194041394525	0.0039139408172186047202	-0.076220732601542107165	0.0019569704086093023601	-0.038110366300771053583
0	1	-1	-0.05366508776187533386	0.052178842537372878418	0.0086349394158644014047	0.024616611370731567021	0.0086349394158644014047	0.024616611370731567021
0	1	0	0.0094094709288682770731	-0.095105056124559841924	0	0	-0.042999474595004638644	-0.21732027958821284463
0	1	1	0.059103262067319431439	0.011763880393532124419	-0.03678808614151316686	-0.02110990043490316645	0.03678808614151316686	0.02110990043490316645
0	1	2	-0.011361569619064341638	0.032548493585803597861	0.021632672721530080834	-0.041465604399116375023	-0.010816336360765040417	0.020732802199558187511
0	1	3	0.006877083869215335106	-0.0006557734223170641431	0.020271783614303522797	0.017777767057532561923	-0.0067572612047678412214	-0.0059259223525108539743
0	1	4	-0.0036073638551680684526	0.0069604966289365712701	-0.0034869296545300926086	-0.0023043899618634213801	0.00087173241363252315216	0.00057609749046585534502
0	1	5	-0.0003833214767590557891	-0.0012355634302439338652	0.0011023670653617647589	5.1906478881514542115e-05	-0.00022047341307235293552	-1.0381295776302907407e-05
0	1	6	-0.00021981301061063426958	0.00040880200515741441959	-0.0012857839581275818091	-0.00057006836436921358435	0.00021429732635459697722	9.501139406153560191e-05
0	1	7	8.8659444317784407525e-05	-4.876955161374736203e-05	0.00023653136239782391053	-3.5784644167888330247e-05	-3.3790194628260563487e-05	5.1120920239840465731e-06
0	1	8	-5.5591325879523754744e-06	1.6911601053840377289e-05	-3.2982503808511718008e-05	2.0940501262691486574e-05	4.1228129760639647511e-06	-2.6175626578364358218e-06
0	2	-8	3.1830691155769103603e-05	1.5054697328419906934e-05	-1.8321221045787827064e-05	-1.304474529460769362e-05	-4.5803052614469567659e-06	-3.261186323651923405e-06
0	2	-7	7.3041168332368234346e-05	7.5626481151935592753e-05	-6.0468276471031423178e-05	4.6756690976436581333e-05	-1.7276650420294692337e-05	1.3359054564696165853e-05
0	2	-6	-0.00087548362075257437666	-0.00036463091799793749667	-5.4847467518251432988e-05	-0.00023861840849287419518	-1.8282489172750478792e-05	-7.9539469497624736244e-05
0	2	-5	0.0014383020952114123486	-0.00039239152463316380719	0.00012568696208834880998	0.00041551477764637564493	5.0274784835339526704e-05	0.00016620591105855026881
0	2	-4	-7.0302326725156985402e-05	0.0044304342148824785858	0.00030077642580009342124	-0.0011224585807031262161	0.00015038821290004671062	-0.00056122929035156310807
0	2	-3	-0.0097307802350936074137	-0.0049110229932842527217	0.0037246249536804143174	0.0026853373196423918623	0.0024830833024536095449	0.0017902248797615945026
0	2	-2	-0.00038142971238917404214	-0.018529831741553062091	-0.020890823651652828258	-0.011773361965980626634	-0.020890823651652828258	-0.011773361965980626634
0	2	-1	0.0051895570331484995943	0.053611961642059162425	0.018705809607817962953	-0.019552744794982111765	0.037411619215635925906	-0.039105489589964223529
0	2	0	-0.017334813804710851037	-0.024869980327411798926	0	0	0.027505533192925642888	0.07078679781246419167
0	2	1	-0.021481355592088680756	0.018420921718007358253	0.033375914877100676392	0.00058034049095179716417	-0.066751829754201352785	-0.0011606809819035943283
0	2	2	0.0074390547745446121072	-0.0070029136333133509135	-0.026132960727992701061	0.011311666175356671626	0.026132960727992701061	-0.011311666175356671626
0	2	3	-0.010446591321900471419	-0.0051102439070421397382	0.0027995392578403443216	-0.00059240304268759556416	-0.0018663595052268962867	0.0003949353617917303761
0	2	4	0.0046987982612591459516	0.0021321618650203180007	-0.00037498678869183233332	6.543773753559424674e-05	0.00018749339434591616666	-3.271886876779712337e-05
0	2	5	-0.0019583326079324774906	0.00020501496565017529963	0.00029684002370913793517	-0.00050139531657907607069	-0.00011873600948365517678	0.0002005581266316304337
0	2	6	0.0005864936674018987172	0.00020437734868261365085	-0.00036835039783383486745	0.00091777749846465859259	0.00012278346594461162248	-0.00030592583282155284613
0	2	7	-0.00011394176543976967204	-6.435699394467431938e-05	-1.1479917722844694818e-05	-0.00018430507196919064875	3.279976492241341074e-06	5.2658591991197331117e-05
0	2	8	-3.5018671672488848524e-06	-1.9163788807150639688e-05	1.4677503240140821319e-05	-8.9349511162563995445e-06	-3.6693758100352053298e-06	2.2337377790640998861e-06
0	3	-8	2.4947158956815372937e-06	-2.0472677082494403992e-05	-1.616927104289338822e-06	7.0199083160731425699e-06	-6.0634766410850208471e-07	2.6324656185274285696e-06
0	3	-7	7.210174959992335863e-05	-0.00011347561640602808796	-1.2011123295506351198e-06	4.3193368769263726446e-05	-5.1476242695027217907e-07	1.8511443758255882763e-05
0	3	-6	-4.7134035409719711733e-05	0.00018702185942808511893	-0.00011636197795520899405	-0.00010579526199267901563	-5.8180988977604497026e-05	-5.2897630996339507813e-05
0	3	-5	-0.00020234079175147757601	-0.0015211675788972802911	9.1496061365766979913e-05	0.0001574317039160798347	5.4897636819460187948e-05	9.4459022349647900818e-05
0	3	-4	0.0016561690689904278243	0.0014491273417099668867	-0.00018825693942314572732	0.00010768304582775208055	-0.00014119270456735928871	8.0762284370814057025e-05
0	3	-3	-0.0065187805131834506561	0.0039626806258842598926	0.0010848982227913094283	-0.00052848748443372654208	0.0010848982227913094283	-0.00052848748443372654208
0	3	-2	0.0025918897684326512761	-0.014136587560833477686	-0.00059781538752824952936	0.0024194454324909233853	-0.00089672308129237418561	0.0036291681487363850779
0	3	-1	0.0061559983188500585344	0.015105860280021398898	-0.0025055558060943527478	-0.004744353806006453185	-0.007516667418283058677	-0.014233061418019360422
0	3	0	-0.011335525037140166751	-0.00798051221936429446	0	-1.793559542028413536e-43	0.012828389326771468329	-0.0038442295702008624433
0	3	1	0.0015708200485801252812	0.011543024548171968574	0.0029572442074213591001	-0.0066943389789529883158	-0.0088717326222640773004	0.02008301693685896408
0	3	2	-0.0020594838284845300852	-0.011871611552979442414	-0.00067647290478995542561	0.0040224621191422716554	0.0010147093571849332468	-0.0060336931787134074831
0	3	3	-0.00010601917883713930031	0.0042280225982943963475	0.00042880468507756414531	-0.001003025948225738	-0.00042880468507756414531	0.001003025948225738
0	3	4	0.00052729109915504186051	-0.0023003443762077443839	-0.00022650863440118609122	8.8411657960781972368e-05	0.00016988147580088958197	-6.630874347058648944e-05
0	3	5	-0.00028558005796487298663	0.0018553297896312765606	-0.00035865585493930895056	-0.00051620894192244367628	0.00021519351296358537034	0.00030972536515346622745
0	3	6	7.1590950774124616175e-05	-0.00029953167792962640589	0.00023664465401641222755	3.691174071754104775e-05	-0.00011832232700820611378	-1.8455870358770523875e-05
0	3	7	-9.1161930085310421664e-05	0.00011915932142964013576	-0.00011352904677001394486	-1.8189148763585124446e-05	4.8655305758577406874e-05	7.7953494701079109608e-06
0	3	8	-8.6918443681464777826e-06	-5.9743860819929760248e-07	-4.9966731018787921239e-06	-1.0890716019086877159e-05	1.8737524132045470465e-06	4.0840185071575791463e-06
0	4	-8	-4.1010485978535154942e-06	9.1036086330300466343e-06	5.5332694817389284272e-06	-6.2487899772568870492e-06	2.7666347408694642136e-06	-3.1243949886284435246e-06
0	4	-7	1.1192277082824734864e-05	-1.9063828971130922994e-05	-9.0248678920759659147e-06	-9.5730989558612509784e-08	-5.1570673669005524353e-06	-5.4703422604921436053e-08
0	4	-6	8.5706472523952321324e-05	4.5137698351292889062e-05	-6.9080638506672497885e-05	2.5828029475606245375e-05	-4.6053759004448329665e-05	1.721868631707082912e-05
0	4	-5	-0.00035585906462105631803	-0.00013687630957620968743	8.0189103690311031177e-05	-6.8222565522303450151e-05	6.4151282952248819521e-05	-5.4578052417842756055e-05
0	4	-4	0.0015397934620654167657	-0.00063207547884178573016	-0.00010007669977660278867	7.9946557799919972128e-06	-0.00010007669977660278867	7.9946557799919972128e-06
0	4	-3	-0.00056877937834638248645	0.0016544252575920825963	-1.0978082381692878363e-05	-6.4771758678673507933e-05	-1.4637443175590503355e-05	-8.6362344904898001542e-05
0	4	-2	-0.0023801279755000536754	-0.004048004973143798195	4.569086140619481914e-05	0.00046405082153543248703	9.138172281238963828e-05	0.00092810164307086497407
0	4	-1	0.0059899025784814728668	0.0022441609678723740788	6.8976535325229550492e-05	4.974366243839840765e-05	0.00027590614130091820197	0.0001989746497535936306
0	4	0	-0.0072309069742194798797	-0.00028266111553194725936	0	0	-0.002230197513767488357	5.0261521346330729045e-05
0	4	1	0.0053437646244223133141	0.0012545644853374591371	-0.00058863281301551652076	0.00016601969385086307409	0.002354531252062066083	-0.00066407877540345229637
0	4	2	-0.0043393318725427482141	-0.0021055795384533680485	0.00023907254185112302943	0.00037671605501644081461	-0.00047814508370224605887	-0.00075343211003288162921
0	4	3	0.002207698220098706747	0.00016390438704346136224	0.00028115302064857819421	-0.00038677213409183894017	-0.00037487069419810424087	0.00051569617878911855075
0	4	4	-0.0021284070331039077646	-0.00041326679016326275246	0.00014272913620885170128	0.0002141063476683014962	-0.00014272913620885170128	-0.0002141063476683014962
0	4	5	0.00077920018688768595723	7.9717610438758429599e-05	-0.00021963761752937752559	0.00014390095501515419896	0.00017571009402350202047	-0.00011512076401212335104
0	4	6	-0.00018347051784038602667	-0.00010676407695043667377	3.5068676872879669276e-05	-0.00014754543619142017992	-2.337911791525311398e-05	9.8363624127613462312e-05
0	4	7	2.9328644471070810195e-05	1.4183724613350938098e-05	8.9152485980545939187e-06	1.5609028231659508739e-05	-5.0944277703169110527e-06	-8.9194447038054340494e-06
0	4	8	-1.4525025647454362261e-05	-1.4262775376823646882e-05	-4.4677492760997449469e-06	-1.5737849339924903916e-05	2.2338746380498724735e-06	7.8689246699624519578e-06
0	5	-8	2.5436535646022601624e-05	1.3889916288025328395e-05	-5.0735927556291869649e-07	-1.2576815121735037108e-05	-3.1709954722682419854e-07	-7.8605094510843975575e-06
0	5	-7	-1.0888122991832486065e-05	-8.2654270360038327366e-06	1.6020872903325135146e-06	4.4870985618767764692e-06	1.1443480645232239692e-06	3.2050704013405548024e-06
0	5	-6	3.9255238024066056409e-05	-2.7497905460817233144e-05	-1.7133348205248184238e-05	4.4785763929086991762e-06	-1.4277790171040153532e-05	3.732146994090582788e-06
0	5	-5	-3.6183208081957638771e-05	8.7134908428887733228e-05	-1.3945772785005327218e-05	-1.9681914350593608459e-05	-1.3945772785005327218e-05	-1.9681914350593608459e-05
0	5	-4	0.00014802272636497564072	-0.00034282987057913564361	-4.9990611425883292563e-05	-2.4836979076552098911e-05	-6.248826428235411401e-05	-3.104622384569012618e-05
0	5	-3	0.00036309837961879306428	0.00098784577194521152807	0.00015578382843994934047	-5.080516657386010518e-05	0.00025963971406658221605	-8.4675277623100179817e-05
0	5	-2	-0.0013178124065536082898	-0.00052133996487412385349	-9.8990614546812512689e-05	3.6780047985966976315e-05	-0.00024747653636703124784	9.1950119964917447564e-05
0	5	-1	0.0015145746086737098268	-0.0001546617239220785076	3.1637871936075142611e-05	-2.5927641463781801994e-05	0.00015818935968037569273	-0.00012963820731890900997
0	5	0	-0.0015462322115768684701	0.00031282438911708562463	0	0	0.00024015534032609920463	5.3418843274662198618e-05
0	5	1	0.0014081515442406899053	-0.0011269471746614132587	4.0763440521704613661e-05	-0.00014112407314614675881	-0.00020381720260852307508	0.00070562036573073379404
0	5	2	-0.0010539426349503496633	0.0013416396327042457055	8.9180516142905579555e-05	0.00034054156429011098054	-0.00022295129035726396244	-0.00085135391072527742424
0	5	3	0.00073371388089278751984	-0.0013603157291176321171	-0.00018702408415744258799	-0.00022951815320463919484	0.00031170680692907100709	0.00038253025534106530666
0	5	4	-0.00020471602025073660364	0.00071785585055422610791	-4.9660471431044649006e-05	-9.3997159160474514912e-05	6.2075589288805812951e-05	0.00011749644895059313348
0	5	5	5.4184087508146577524e-05	-0.00015722204382081705833	8.1672128797627904242e-05	5.6357278067631586004e-05	-8.1672128797627904242e-05	-5.6357278067631586004e-05
0	5	6	-2.0081409609819441e-05	1.9455013910919846367e-05	-3.6075086888148995073e-05	-3.6129675359510028123e-05	3.0062572406790831486e-05	3.0108062799591692361e-05
0	5	7	-1.040176918273831092e-07	-6.8698084849029368348e-06	3.2084384530902751854e-06	2.2602663483290231224e-08	-2.2917417522073395392e-06	-1.6144759630921592313e-08
0	5	8	-2.9319307605316735448e-05	2.5054680000294395927e-05	-2.4565193627339720081e-05	-3.5882679418026442699e-06	1.5353246017087327592e-05	2.2426674636266527216e-06
0	6	-8	1.6070712480925274747e-05	-2.0730285916877819749e-05	-7.9487641196350307588e-06	-7.8183302307011560175e-06	-5.9615730897262730691e-06	-5.8637476730258674367e-06
0	6	-7	-5.7680828446319347652e-06	1.8249916639028333537e-05	8.0657621867121647336e-06	-2.0333831366640099932e-06	6.9135104457532846624e-06	-1.7428998314262943101e-06
0	6	-6	1.1514435021525821234e-06	-1.2756039986867561136e-05	-6.2609177728009799189e-06	4.0090419079090270176e-06	-6.2609177728009799189e-06	4.0090419079090270176e-06
0	6	-5	2.7453235280462386049e-05	2.4227996235474774623e-05	-2.7999659180884537454e-08	-1.4958297177973596428e-05	-3.3599591017061442297e-08	-1.7949956613568314359e-05
0	6	-4	-0.00012557027674101029456	-7.2924802053777704018e-05	-6.0485963860363277717e-06	3.6239245969545814084e-05	-9.072894579054492081e-06	5.4358868954318721126e-05
0	6	-3	0.00023674410419019655894	-9.6433695908467414434e-06	3.626447820962293754e-06	-4.1804950945349471185e-05	7.252895641924587508e-06	-8.360990189069894237e-05
0	6	-2	-0.0010071858260141080925	0.00018944806142817997244	1.0696127116761190888e-05	9.3501455384029623233e-05	3.2088381350283567582e-05	0.0002805043661520888968
0	6	-1	0.00080541231871467014024	-0.0009381594997541434916	-2.5240244964075468333e-05	-1.917468222580542985e-05	-0.00015144146978445281	-0.00011504809335483258588
0	6	0	-0.00021238203986725598133	0.0013873011886353489499	0	0	0.00011245169305675265111	-0.00019294063643986018343
0	6	1	-0.00019640646763696500239	-0.00099724742539243366873	-2.3421538569115701064e-05	-6.6776270661435523849e-05	0.00014052923141469420639	0.00040065762396861311599
0	6	2	0.00028564232292071253631	0.00062550623076918475136	0.00014163164142241163081	8.6582363639513404007e-05	-0.00042489492426723483821	-0.00025974709091854022557
0	6	3	-0.00010651094073701637081	-0.00016000501150555959066	-4.8991188329077565132e-05	-1.9049381439196238266e-05	9.7982376658155130263e-05	3.8098762878392476532e-05
0	6	4	3.5949048944377153837e-05	6.5005788269680654439e-05	-2.6652382560155037767e-05	3.2887827618542991794e-05	3.997857384023255665e-05	-4.9331741427814480914e-05
0	6	5	-3.2888333903857065754e-05	-2.5501400898430922915e-05	2.7334946302402648381e-05	-1.4978125393383854053e-05	-3.2801935562883179412e-05	1.7973750472060626897e-05
0	6	6	1.6782080122031886035e-05	2.9848563375474868476e-05	-1.6880300410090223816e-06	-5.184074134467973454e-06	1.6880300410090223816e-06	5.184074134467973454e-06
0	6	7	-2.7070877722273080617e-06	-2.2511338191585679328e-05	8.7460220630107394054e-06	-1.4289116336631012529e-05	-7.4965903397234907979e-06	1.2247814002826582652e-05
0	6	8	2.1268687706208640572e-05	3.8112993248950613283e-05	-8.5000645214316730729e-06	2.3321878259834974027e-05	6.3750483910737543812e-06	-1.7491408694876229673e-05
0	7	-8	-4.9293149957907211843e-06	-1.1942711274431880127e-05	-6.4111180964317978219e-06	2.313375089991891575e-06	-5.6097283343778227765e-06	2.0242032037429049693e-06
0	7	-7	1.9990416098302884389e-05	1.5418272006384325668e-05	3.6756201626656278047e-06	-8.3061820011699770866e-06	3.6756201626656278047e-06	-8.3061820011699770866e-06
0	7	-6	-1.6834526096900512211e-05	-2.3828942544489441887e-06	3.0243680339912671807e-06	5.3383383422424781668e-06	3.5284293729898119931e-06	6.2280613992828911946e-06
0	7	-5	5.4023468866844779726e-06	2.2473921885618400825e-07	-4.3673041880030976419e-07	-1.8264186516786034061e-06	-6.1142258632043369104e-07	-2.5569861123500446838e-06
0	7	-4	-1.4052024220649300381e-05	-8.8487557867958495058e-06	5.5428812749128943672e-06	2.4376436272579004991e-06	9.7000422310975662014e-06	4.265876347701326297e-06
0	7	-3	4.7387899643273687772e-06	-9.6756063917613694455e-05	-1.3864668404321779083e-05	6.4647534194154824029e-06	-3.2350892943417483962e-05	1.5084424645302792556e-05
0	7	-2	5.7742454771656239826e-06	0.00012585637044796549821	1.4422007757938167151e-05	-1.4188945256019283188e-05	5.0477027152783586722e-05	-4.966130839606749031e-05
0	7	-1	-2.6969925825974419808e-05	-0.00015221667084682548548	1.1467297603086871038e-06	4.7589554992091715274e-06	8.0271083221608109973e-06	3.3312688494464201539e-05
0	7	0	3.0068712014641183139e-05	0.00017454081546711982089	0	-8.9677977101420676801e-44	-4.7236433348262316806e-05	-4.7192680190814447584e-06
0	7	1	-9.7005697065896036454e-05	-0.00014877793763596821892	-9.3167620393359742818e-06	5.6316172623341847196e-06	6.5217334275351819973e-05	-3.9421320836339294731e-05
0	7	2	7.5363861427477991028e-05	9.5741073067295354832e-05	1.5254935327145116415e-05	-7.5809215493272815117e-06	-5.3392273645007904911e-05	2.6533225422645483597e-05
0	7	3	6.3803871007937862744e-07	-2.5393768348312185674e-05	-2.2880497235694114664e-05	-3.7400093525801652866e-06	5.3387826883286270937e-05	8.7266884893537199902e-06
0	7	4	7.7554963664759785802e-06	5.2656682105654316822e-06	-8.9380684350687316194e-06	-1.1496142707170638545e-06	1.5641619761370280757e-05	2.0118249737548615865e-06
0	7	5	-4.7784419939146355289e-06	2.2071316358959381876e-06	2.7743345217691275452e-06	-1.5939774970391601426e-06	-3.884068330476778648e-06	2.2315684958548240726e-06
0	7	6	1.992768045983251752e-05	9.2240275107327378799e-06	6.7677426163393730919e-06	9.7212123661170527075e-06	-7.8956997190626016582e-06	-1.1341414427136561492e-05
0	7	7	-3.854775609832420465e-05	-6.0489662089461834971e-07	-1.0779511749400474675e-05	-1.0422957820399142122e-05	1.0779511749400474675e-05	1.0422957820399142122e-05
0	7	8	2.1260110022759589601e-05	-4.6812731977679942312e-06	1.0476165398102983762e-05	6.0862022616811854912e-06	-9.1666447233401110038e-06	-5.3254269789710378342e-06
0	8	-8	-3.5921815122702453869e-06	-8.0100823889816394367e-07	-1.9001290338363910318e-07	2.3593184810982342508e-06	-1.9001290338363910318e-07	2.3593184810982342508e-06
0	8	-7	1.1278305803097070885e-05	-3.8976494031878197317e-06	-2.3673672392542164438e-06	-4.5019065143344642576e-06	-2.7055625591476761778e-06	-5.1450360163822448658e-06
0	8	-6	-1.2018083965139361838e-05	1.8458628392601315725e-05	4.4241461179658877868e-06	2.4200152485551267137e-06	5.8988614906211837158e-06	3.2266869980735021438e-06
0	8	-5	-2.1406175662439042737e-06	-1.8033094949830338324e-05	-4.0741329396756636113e-06	2.0356957947764764132e-06	-6.5186127034810619475e-06	3.2571132716423623457e-06
0	8	-4	6.3556072843799486261e-07	1.0251622704160358172e-05	8.2069337530928967284e-07	-2.4713348915331297323e-06	1.6413867506185793457e-06	-4.9426697830662594645e-06
0	8	-3	3.2936109348909513573e-06	-1.2894003216516087372e-05	-1.5161751173537756289e-06	-1.5358296034474259883e-06	-4.0431336462767347281e-06	-4.0955456091931359688e-06
0	8	-2	-1.8135921077134720998e-05	1.831054429429894865e-05	3.3294601627930775461e-06	9.8183841147042808543e-07	1.3317840651172310184e-05	3.9273536458817123417e-06
0	8	-1	-2.0008020369569525682e-06	-2.8687705344616103506e-05	-2.702520890557768901e-07	3.857031757884905785e-07	-2.1620167124462151208e-06	3.085625406307924628e-06
0	8	0	2.494052871093728989e-05	2.2170452807574861961e-05	0	0	3.5565899967900777024e-06	3.3380126172918159604e-06
0	8	1	-3.4066126828648352213e-06	-1.968966000275978865e-05	1.3242413461218016606e-06	-8.468067022642124971e-07	-1.0593930768974413285e-05	6.7744536181136999768e-06
0	8	2	-4.5763459337763135221e-06	4.9973306080401125792e-06	-5.1966020530157345584e-06	4.5232573476879626254e-06	2.0786408212062938234e-05	-1.8093029390751850502e-05
0	8	3	-5.3598186283765173021e-06	6.8008791688284767861e-07	2.2197235698977655122e-06	-5.2010174446380902618e-06	-5.9192628530607077503e-06	1.3869379852368242392e-05
0	8	4	5.3770657677455827096e-06	-4.7172992311426903148e-06	3.6865757437469481534e-06	1.2208437574066328192e-06	-7.3731514874938963068e-06	-2.4416875148132656383e-06
0	8	5	-2.184367489742925392e-05	1.060189707678613304e-05	-9.3325337143629164704e-06	7.2282792410836744446e-07	1.4932053942980667369e-05	-1.1565246785733879535e-06
0	8	6	2.219915708729943194e-05	-2.8639640789736943899e-05	1.1320491613272272216e-05	-4.7382576088710340269e-06	-1.5093988817696362954e-05	6.3176768118280445221e-06
0	8	7	-7.1803729721107577123e-06	2.0757255243657252505e-05	-6.8901013610237055569e-06	4.8426539190824218623e-06	7.8744015554556632516e-06	-5.5344616218084816443e-06
0	8	8	8.1317521778787287775e-07	-7.2441061142798484292e-06	2.1276851773186608792e-06	-2.886648988937740712e-06	-2.1276851773186608792e-06	2.886648988937740712e-06
1	-8	-8	-4.6151222964763735133e-06	2.6460252086549480219e-06	-1.6524238420327316127e-06	2.5327483752411339214e-06	1.0755335549731848177e-06	-2.2019952241592653657e-06
1	-8	-7	1.3005912110589449754e-05	-1.082423455965587133e-05	1.6971805348914788166e-06	-6.5254894996919943177e-06	-8.1647452648911492527e-08	5.9113830625542979647e-06
1	-8	-6	-1.5836877224397643334e-05	2.5013481042980767526e-05	9.4762304603699331305e-07	9.6431789957326788306e-06	-3.9029769321155983065e-06	-8.6886584871467766218e-06
1	-8	-5	4.7505942458244968654e-06	-2.2848121742724193824e-05	-1.9600954077549037648e-06	-7.0985319941746011289e-06	4.086271501572745058e-06	6.7880268421345238885e-06
1	-8	-4	-2.5305074803551077469e-06	4.9846044956893175234e-06	1.7716298103386565192e-06	1.8680887657686260331e-06	-4.1758864907660905044e-06	-2.4900264076149226854e-06
1	-8	-3	3.4554996780481009784e-06	-5.4767491192019678031e-06	-2.8362697440059057222e-06	3.0933353758441943168e-07	8.7152192100317832401e-06	-2.6504724732924409444e-06
1	-8	-2	1.4309895796224948221e-06	-3.3167492038542261807e-06	4.5369067139893292151e-06	-2.4296345929579033263e-06	-1.7432132066146069555e-05	8.0601637699045004267e-06
1	-8	-1	-1.9024807563330564729e-05	-9.1100435787488716987e-07	-4.5048466268428773954e-06	1.5701812710176139974e-06	1.7013965451412454435e-05	-1.3472454526015799467e-05
1	-8	0	2.9671392527811335483e-05	2.9254787694188609122e-06	3.7089240659764169354e-06	3.6568484617735761403e-07	-1.4971304212884422414e-05	1.9323381110508553306e-05
1	-8	1	-3.0439671216239850827e-05	1.3629962217136205863e-05	-3.001536870915766386e-06	-2.5467908871961116242e-07	6.4273762489137197397e-06	-1.5667394926893096009e-05
1	-8	2	1.1990134191569997932e-05	-1.0963638874220421406e-05	4.1293549141782948694e-06	2.7696316022007796246e-06	1.0522352560928180512e-05	1.6560345845913330048e-05
1	-8	3	-1.3509740016473745431e-05	6.3818957198090283525e-06	-2.4718322386826056853e-06	-8.2244908479813873325e-07	-2.0883059643290337739e-06	-4.3204961327313794062e-06
1	-8	4	9.8938167851374110248e-06	-6.238397327167864568e-06	-5.7753974835101898433e-07	1.8040907233667431695e-06	-3.6285336929863909366e-06	5.1677807785254529046e-06
1	-8	5	-1.829821330077920335e-05	1.0446313894178742632e-05	-1.4055502381572493896e-06	-7.4329156446769326544e-06	1.410762279104241562e-06	-1.3981927810318840773e-05
1	-8	6	1.1782098339594508957e-05	-2.3849669966044408467e-05	6.3906718601801965789e-06	6.8948760394268561669e-06	6.55721275697451033e-06	1.31681130469098763e-05
1	-8	7	1.6094062075662373051e-07	1.3282668079172332072e-05	-5.3972635950424365111e-06	-7.7136011714927038695e-07	-6.1912927687280158612e-06	-2.7790784309094991887e-06
1	-8	8	-1.4911197585342231469e-06	-3.4172056995105343921e-06	2.258884854675351221e-06	-6.8657353053005684012e-07	2.4452748244921289556e-06	-2.5942281809124009404e-07
1	-7	-8	4.1468468299378155934e-06	1.560790507171932025e-05	8.2721274474875370247e-06	6.7393020570217790696e-06	-6.7197556628093686886e-06	-3.945901165929141443e-06
1	-7	-7	-1.4917860704339747988e-05	-2.6066966881302334937e-05	-1.2475444309424558881e-05	-5.717253709490240634e-06	1.0344321351661737982e-05	1.9934012978756209337e-06
1	-7	-6	1.3263246029824146455e-05	1.4251140441626708108e-05	8.1779374322989987405e-06	2.7441863533586141255e-06	-7.330385999378139941e-06	-8.2636067198059839118e-07
1	-7	-5	1.4520920361853042881e-06	-6.0583176138957690247e-06	3.0664681482465263593e-07	-7.4308662046143402264e-08	-1.388871335174528221e-07	-1.107631395914552965e-06
1	-7	-4	6.9652696503528676338e-07	5.2649072057157284067e-06	-5.8891135061908574309e-06	-3.0874990145464464737e-06	1.0480080377092822221e-05	6.719350076885213113e-06
1	-7	-3	-4.5419267355062798266e-05	-1.1488944514838539461e-05	4.2402894496858917388e-06	-6.3743094537009887859e-06	-2.5033764500954680993e-05	1.1043740553689459268e-05
1	-7	-2	6.7928602147318217449e-05	1.6696182876647148893e-05	-9.6727467515163458007e-06	1.5007090997617043298e-05	6.781891470396631818e-05	-4.4176727053336079637e-05
1	-7	-1	-0.00015986734393598703709	-4.3825654333604499243e-05	-1.2689534909796539315e-05	-1.5354616740822839646e-05	-7.1040599567411273738e-05	6.3656662852155381665e-05
1	-7	0	0.00019403080021120170133	-2.5092282605058400152e-05	2.771868574445738784e-05	-3.5846118007226283512e-06	2.8759333746019820886e-05	-4.6750618614615544843e-05
1	-7	1	-0.00017120197983008303964	6.715349121766121831e-05	-2.1388064194380997714e-05	8.70186473452346365e-06	2.1485530469416045475e-05	-6.2404380759969753012e-06
1	-7	2	0.00011557557368813987095	-7.7175319043352154044e-05	-9.5148435664819261762e-07	5.3015116448180367575e-06	-6.1117982092338609692e-05	5.7142950278539203556e-05
1	-7	3	-7.5275843754087296347e-05	4.5388487834635534498e-05	-6.2934982258928080776e-06	-1.9201834656708021332e-05	1.040711872427921468e-05	-5.9933776810530563532e-05
1	-7	4	-1.1958441590051642779e-05	-7.8258901691337449382e-06	2.1233850714232564587e-06	3.7554788635037584068e-06	6.7055342725036096033e-06	8.5285605534150125994e-06
1	-7	5	3.2757846353709507738e-06	1.060668060403265563e-05	-5.8661474676122955194e-06	9.9800505110241795166e-07	-8.8677633817314037125e-06	-7.2412904926314603599e-07
1	-7	6	-1.1748601780963717397e-05	-1.9204195800074634495e-05	9.8110139043474980171e-06	-1.1540969594638669772e-06	1.3404283185232701998e-05	1.8542528473045944523e-06
1	-7	7	2.4663851583022446058e-05	1.6818276740964878407e-05	-7.133964619483829763e-06	1.0104350400764664761e-05	-1.0657371988487037432e-05	7.7017394377696811632e-06
1	-7	8	-1.4165278655700059074e-05	-2.8913797566639973949e-06	-1.184643622185298736e-06	-7.3999002598989885337e-06	7.3409666255037083143e-07	-6.1134902578286147632e-06
1	-6	-8	3.1776984168767635644e-05	1.0692978386982233059e-06	1.5963932277377918824e-05	-1.2218744531304125773e-05	-8.0008261869374855098e-06	9.2977206283153713434e-06
1	-6	-7	-1.8183829088905590802e-05	6.2401120458599274859e-06	-9.438115198955037029e-06	9.4333046292217529296e-06	5.492123157832089954e-06	-7.1942451042100842988e-06
1	-6	-6	-3.4793135288990757415e-06	7.3333519182651952433e-06	-2.4801246822593722282e-06	3.0653811104466372903e-06	1.9002390941095264124e-06	-1.8431557907357712752e-06
1	-6	-5	-1.0902671855349752502e-05	-5.4423375328307688114e-06	3.0198409687322250809e-06	1.521800800343453568e-06	-5.8043435335486205976e-06	-2.9146284669782977898e-06
1	-6	-4	1.6627794238949068995e-05	1.9196468041911563662e-05	2.2507670189941537102e-05	-7.7501782707681378469e-06	-2.9604556725175037557e-05	1.6424384416630096839e-05
1	-6	-3	-0.00014333466535031179952	-5.3894132767610737373e-05	-5.3883654169502190291e-05	-7.9725894379930562438e-05	5.9989086555567107297e-05	0.00014148707783732418757
1	-6	-2	0.00035030816147151565016	-5.8642753261290187666e-05	0.00012559136626536505335	6.2613102662151273281e-05	-0.00020162001806033728077	-0.00021716068461709892045
1	-6	-1	-0.00087549499386392712775	0.00013357947069789124356	-0.00020855774718669473425	-1.5101658349296236407e-05	0.00037585148925624127774	0.00022418942079366864506
1	-6	0	0.0010662904705434244398	-0.00036993902896298561144	0.00017771507842390409137	-6.1656504827164277608e-05	-0.00013746788229945474573	0.00012553256386734339156
1	-6	1	-0.00061449949218923198384	0.00082054119329743376715	-0.00012882261509063305718	0.00011173973508916229221	-0.00015843619835456633211	-0.00015010278276246006809
1	-6	2	-4.7120136226371664109e-05	-0.00057114588221204170854	3.1454309372599689395e-05	-7.1075753003874687333e-05	0.00011792299623098490024	7.2345682094396792272e-05
1	-6	3	5.0203489813876999175e-05	0.00025273041757974617312	-3.6052163082916365857e-05	6.4711210377372936305e-06	-8.8838822770458391329e-05	-7.1301230451107470445e-05
1	-6	4	-8.9138197163545824413e-05	-0.00010078473648391971039	3.1167303769118882937e-05	5.5368244716018054905e-06	6.903550494456477712e-05	3.3501420828382635832e-05
1	-6	5	2.2127840062118436364e-05	2.0038493585808251966e-06	-2.0302057758431463609e-05	1.2278717980153200587e-05	-2.8788037322541442926e-05	1.4333691704467674903e-05
1	-6	6	-3.7677892455387476885e-06	8.4894469013202421623e-06	-5.5573923861238426245e-06	9.1873284688988764871e-07	-4.929427511867384747e-06	-4.9617496999681923716e-07
1	-6	7	2.2535669367159878761e-05	-1.3149243448420916387e-05	3.5685075345747768888e-06	1.2332658872631749769e-05	-1.6066059424445987083e-07	1.2449313812030201901e-05
1	-6	8	-2.0935080732446026039e-05	2.6248130639400654382e-05	-1.4403296059310409641e-05	-6.6126983679553988742e-06	-8.1855869529270531285e-06	-8.2405401058916303181e-06
1	-5	-8	6.4239459778369641002e-06	-2.8234348773392553002e-05	-7.8753305046466998281e-06	-1.8751023178181207166e-05	5.7250748126338077992e-06	8.1900958896891853532e-06
1	-5	-7	-6.8832006873360544632e-06	1.5129569525719840622e-06	-2.5654062823256974628e-06	7.5417087993962415727e-06	8.4911867489891893327e-07	-5.1707981492013173531e-06
1	-5	-6	6.0120750738249729276e-06	-2.6445975203174966174e-05	-5.9442257989276598641e-06	-1.1491523327919716448e-05	5.955534011410545657e-06	5.1686069060706021127e-06
1	-5	-5	-9.0787535973953380664e-05	6.008290440126012519e-05	-7.2923433696648680584e-06	5.3308029432435172733e-05	-1.086516382512580655e-05	-4.1291448552183150405e-05
1	-5	-4	0.00055778526642461705512	-0.00024066136566657195142	9.9275393822396949014e-05	-6.4640785122985482559e-05	1.5352074328158067348e-05	2.0635639987088868732e-05
1	-5	-3	-0.00093466872968409205578	0.0010658005139476717411	-0.00035406862744327959611	0.00013380227894242246837	0.00027855813584410195685	0.00013226303974518647546
1	-5	-2	0.00073049111721070977572	-0.001445769626370335334	0.00043827196953994301864	-0.00035461354128777115759	-0.00073043436524450268583	0.0001636490400342602812
1	-5	-1	-0.00052166396036131836532	0.0015894088147423524136	-0.00020080054703994296844	0.00043946183772693088758	0.00048233877483839642268	-0.00060790037389230207852
1	-5	0	0.0001472473169315944208	-0.00098404938510770578568	2.9449463386318884837e-05	-0.00019680987702154118424	0.00010586365264177913356	0.00020288977945532001902
1	-5	1	-0.00019099002941114944561	0.0014759519523973652685	-8.6301246156282422628e-05	0.00034151484976367225315	-0.00024051620137026264042	0.00023162229642099591595
1	-5	2	-0.00065701677959057662275	-0.0014095583958157323953	-3.1811993648064935589e-05	-0.00036901697867819567307	0.00024897840567512599273	-0.00021776324878762293082
1	-5	3	0.0010837775415549408264	0.00035031270051441180729	-2.9125708524426903424e-05	5.3480668844403313363e-05	-0.00040980202805902511904	-2.7636452097465069995e-05
1	-5	4	-0.00035022849847604435852	5.5433482051910198539e-05	5.8868126305605290318e-05	-1.9336849048635169814e-05	0.00016114228250101769236	-3.8029431823771515291e-05
1	-5	5	0.00014122599687025423534	-6.4983816770552610994e-05	-1.26066931728271778e-05	1.5264916897785593355e-05	-4.0851892546878025884e-05	2.8261680251896115554e-05
1	-5	6	-4.9216004810709144149e-06	3.7034172363104947445e-05	-2.6631920354351637958e-06	-1.0177294009017246997e-05	-1.3990599493508172861e-06	-1.4653440401365197071e-05
1	-5	7	-1.1231169740428060871e-05	-1.4918094262086366961e-05	5.8775256201046681019e-06	-3.6429528063019307251e-07	5.8026854058501998342e-06	1.8709454084193430629e-06
1	-5	8	2.3208899709565525299e-05	3.1799744640311676741e-05	-1.3654518452517740317e-05	7.0466281442781470177e-06	-1.1435186496519277302e-05	4.2917451013488266399e-07
1	-4	-8	-9.082231106739780809e-06	-4.232343535291480307e-06	-1.1337128683875494334e-05	-3.2725673931692583596e-06	4.533285453595274354e-06	1.1072407546731942473e-06
1	-4	-7	6.8310901346533407739e-06	1.650385117025108701e-05	1.2778448632598830839e-05	5.230549808531361966e-06	-6.3261006279631401271e-06	-6.3119258055347966816e-07
1	-4	-6	-6.9933481856223605609e-05	-7.0658376606141359822e-05	-9.6130639229852186153e-05	8.328691918701859221e-06	5.2431512510530854242e-05	-1.7328857380158132784e-05
1	-4	-5	0.00024800145033703044264	0.00062127271305826865105	0.0001454588614166494123	6.518961916010230053e-05	-6.6766799065913430469e-05	7.2102847283571884366e-05
1	-4	-4	-0.0011225621723096840081	-0.0018779720414395860255	-0.00014940763906061372765	-0.0003562616015213594927	-0.00013123290401680727437	-0.00011323140883853702722
1	-4	-3	0.0010656243535983459577	0.0016731256192799464667	9.1670224252493875006e-05	0.00049224784061963446687	0.00023298115219612348589	-9.8621914399530394638e-05
1	-4	-2	-0.0013505089215224601665	-0.0017621527263957086767	-6.0841898686100033609e-05	-0.00060923354288921636925	-0.00055357066338902998891	0.00033739072258057845434
1	-4	-1	0.0029552875588350316534	0.003164298279888159808	0.00069582505717338187338	0.00060864206913807130349	0.00017198733014150432248	0.00072973000333587470252
1	-4	0	-0.00013580469422226734873	-0.0074257676512902385385	-3.3951173555566837182e-05	-0.0018564419128225596346	0.00019477286516911729471	-0.0020129690606046986463
1	-4	1	0.0028556387722749876357	0.0062684012004116107519	0.00076256846905300892502	0.0018968364652179466826	0.000194635103937047956	0.0013189446604601759785
1	-4	2	-0.0025726575824251847989	-0.00092833997174020818719	-0.0004051820711566267311	-0.00028536196539200703835	0.00047596464889933893724	-0.00010655394491390999666
1	-4	3	0.0017721113989343478378	-0.0008626090498300665807	0.00026581278315118212407	0.00014150222116181892184	-0.00023628675544320646524	0.00047620597815911408935
1	-4	4	-0.00070577819424390568666	0.0016934401276381349198	-0.00011807830725703939495	-3.9338789721314067595e-05	5.8366241303937019941e-05	-0.00046269882163084782465
1	-4	5	-0.00014212808517040384309	-0.00045230745938608276756	-1.6647214065557558725e-05	5.4266849199896781397e-05	1.5107845781634721976e-05	0.00013387497123713398405
1	-4	6	8.8232966730643146809e-05	0.00010651473460148359635	-1.1003856850483752133e-05	-6.3313148958436550042e-05	-2.2041399022096358094e-05	-5.9961221739204963828e-05
1	-4	7	-1.2518048052130721401e-05	1.2296938848609692039e-05	-3.7530321839903584011e-06	-8.0016332545692267893e-06	-3.5629724054724456265e-07	-6.3290674095552283356e-06
1	-4	8	1.3023276799900221226e-05	-6.1461733367802422445e-06	-8.6987739113691394574e-07	8.3423068786177075767e-06	-2.0628482955559847321e-06	4.9394251064063842807e-06
1	-3	-8	-8.6129485947327114878e-06	-5.6338628082867273693e-07	-1.2036209468552188501e-05	6.5234189397821581316e-06	3.4369599763654815401e-06	-2.5167053875218935635e-06
1	-3	-7	6.4787813945225191376e-06	-6.3228916777432870818e-05	-2.9576330458742082393e-05	-9.2134794888896860633e-05	1.3601110395821252452e-05	3.0453638269893960178e-05
1	-3	-6	-0.00019263526359643550617	8.6033788792311071498e-05	-2.2985537557543818193e-05	0.0002034779865423065907	-2.0613108487300676395e-05	-8.7400028472434787953e-05
1	-3	-5	0.0011835066537554791901	-0.00080358419954682696121	0.00021937110231625285258	-0.0004307120882234195423	0.00010507866936134414274	9.7710413024686335851e-05
1	-3	-4	-0.0018247161955127534378	0.0012833318276700362084	-0.00057577560714367924041	0.0001431177445151429826	-2.4347343520428959635e-05	0.00021349464853115182193
1	-3	-3	0.0033604088683982014964	-0.0031815006561313231848	0.00084746884907166853546	0.0001406629098230990243	0.00027266744039439855772	-0.0012011631285335400317
1	-3	-2	-0.0031706653725314662071	0.0017602144990845327785	0.0014671954493804045469	-0.00097362317600952689826	-0.0037861258603363399239	0.0023405420135565566282
1	-3	-1	0.015869554126525072663	0.0057717771649901149569	0.00045598874018835250377	0.0067517885288084691225	0.014501587905960015151	-0.014483588421435293278
1	-3	0	-0.020357168192598390499	-0.0095729998167317555818	-0.0067857227308661307447	-0.0031909999389105854831	-0.000350665073554699933	0.021939429802782309253
1	-3	1	0.02652509948746412799	0.0020609501353049675121	0.0042946334401584912097	0.00019605738540998612169	-0.013641199166988655228	-0.0014727779790750092012
1	-3	2	-0.0075585005307251020013	0.0045067450674111317332	-0.00077495421440421032207	0.0001133307331767412164	0.0026168189437562358428	-0.0020833764339404539472
1	-3	3	0.0018680235205818030483	-0.0067584115904802816166	0.00037412538790526959171	0.00062165634307237514072	-0.0002485491189553314063	0.0028744602065658023463
1	-3	4	0.0015616697535017541685	0.0014062525896838015509	-0.0001065426389838348357	-0.00015465025675279561084	-0.00047032441761331468923	-0.0004675508399855471094
1	-3	5	-0.0014524712143671708164	3.5283351200368959951e-06	6.2055413136510937776e-05	0.0001689857005641394916	0.00032772749075534075847	0.00010068575331447631187
1	-3	6	0.00028053180676146052168	-8.4060051736882862778e-05	-0.00017086642321053832367	-2.5700779458089850163e-05	-0.00013218851273217923975	1.1596188937688868636e-06
1	-3	7	-9.2536613778164587764e-05	0.00012057035616281040486	2.1805496322661391126e-05	-6.5529910474655674342e-06	2.2564728963735534886e-05	-2.0032761329315299209e-05
1	-3	8	-1.3163451542512820031e-05	-1.0303443257892973476e-06	4.5696407265383842808e-06	-9.3921785350204914255e-07	3.3590467152659963974e-06	-2.2341365433960627324e-07
1	-2	-8	-1.0702537492528361863e-05	9.2104106197933111809e-06	-4.1527986143328845018e-06	1.504690950635608191e-05	-2.996175329828241074e-07	-2.610426049114856368e-06
1	-2	-7	-7.7397796362658344152e-05	-7.5349039824242590446e-05	-0.00011602467695606474428	2.2460158985416193338e-05	2.2093079649924449685e-05	-1.7181336827867853875e-05
1	-2	-6	9.3207010786361540414e-05	0.00021626839898396550536	0.00040186472535877379138	-1.3312686684683577623e-05	-0.00011842040665519768276	4.0482295392222106148e-05
1	-2	-5	-0.00055697626957926791354	-0.0017515245455900637587	-0.00053430299840494905553	-5.6708244143701559269e-05	0.00010232594544612600427	-0.00032762161146053210906
1	-2	-4	0.0014654092347160202568	0.0022638955065932609735	0.00037925098261900935586	0.00075959162680333124247	0.00017672681736950035915	0.00018617806324664959504
1	-2	-3	-0.0078797148671104193934	-0.0034830579163692061175	0.00042693336750937059196	0.0015769977054400693278	-0.0029111938673763871482	-0.0022123511090831149244
1	-2	-2	0.0014412661075353236026	0.0065565201973310071465	-0.0056509403911808187698	-0.0084949634366835204136	0.0063715734449484810048	0.011773223535349023119
1	-2	-1	0.015518489360948873115	-0.023732943216971891243	0.0091250339206177377011	-0.00056721398499884106894	-0.0027315784802866022868	-0.022598515246974208021
1	-2	0	0.00094645090832033370882	0.020106747988981366754	0.00047322545416016685441	0.010053373994490683377	0.016231566809088601028	0.010819631880578701663
1	-2	1	0.027126291788658617871	-0.0021172286610789720247	0.0070501217984802397321	0.0065404410049997767709	-0.013026048191698138407	0.015198110671078526868
1	-2	2	-0.010111080947972259439	0.0069867139801479821726	-0.0098575398404742078234	-0.0054374359581230531299	-0.0048019993664880789713	-0.0089307929481970433488
1	-2	3	-0.0036910759978420796222	-0.0067051027641508390703	0.0020415590930842673727	0.0014309594061538155347	0.0025913980613368713113	0.0031890071921528233799
1	-2	4	0.0016768194161725080964	-0.00068517240011377919095	-0.00092108301186851978832	-0.00014345470866378623497	-0.00087974635997738691827	9.9565745696551693805e-05
1	-2	5	-0.00030415055193385955772	0.0012776262240445489943	0.00064879111314291790236	2.6949707678510575136e-05	0.00032034655564393906164	-0.00024474536173750555254
1	-2	6	-0.00022991320079864799222	-0.00040615974042467118581	-0.00022417096939472003084	0.00011794387015799864002	-3.6404789665132016095e-05	0.00010700791345677807312
1	-2	7	8.6605835961146526128e-05	7.163010650052513157e-05	2.6916242518147438122e-05	-2.9286537165985202571e-05	-4.6819072749788066422e-06	-1.8600454404642221466e-05
1	-2	8	2.3513583656888465209e-05	3.3078000291316305207e-05	-1.6541597303655314035e-05	-1.0613937376163187871e-05	-7.0745972830248870833e-06	-6.788234380455334695e-06
1	-1	-8	1.2378759698077797529e-05	-6.6892945922342710239e-06	9.8567063625724765359e-06	-1.8686775046190787257e-05	3.1525666693816512407e-07	1.4996850567445644233e-06
1	-1	-7	-3.2077498167247848354e-05	9.674193852835796326e-05	6.079544840054238071e-05	0.00020967420305581437609	-1.326756379539860512e-05	-1.613318064677948658e-05
1	-1	-6	0.00035577900547566551756	-0.00031870394539564684622	-0.00033063311236843984705	-0.0007051708712234125041	0.00011440201964068422743	6.4411154304627618681e-05
1	-1	-5	-0.0010930475158067718463	0.00023708339550218261943	0.00026113169618315442344	0.00069641353302428714474	-0.00027083584239798522142	-9.1866027504420905061e-05
1	-1	-4	0.0032469423474068338266	-0.0046836889540926391826	4.3728662484428099913e-05	0.00029934728115300321448	0.00080080342123060150282	-0.0012457590588114107483
1	-1	-3	0.0028830938118369325157	0.023451834856616202846	0.011814069594951568873	0.015905995261231205967	-0.0029769919277048790748	0.0025152798651283322928
1	-1	-2	0.016867351515449154759	-0.006266037986803422305	-0.036049729767631676081	0.0077854301538772055502	0.026458540641540417154	-0.0070257340703403139276
1	-1	-1	-0.078518866067954065646	0.086486679824847700893	0.037754401572067802784	-0.061329909017825950945	-0.11627326764002186843	0.14781658884267365184
1	-1	0	-0.041998319419096520611	-0.036537913541441813248	-0.041998319419096520611	-0.036537913541441813248	-0.025883436156835009506	-0.094817586136131296048
1	-1	1	0.17841902275024359992	-0.08208901583056436857	0.14366440887038503527	-0.031249341636479022188	-0.034754613879858578529	0.050839674194085339443
1	-1	2	-0.02283618523520354951	0.027857529715291248773	-0.031800528523660859248	0.022774155025564395138	-0.0044821716442286548693	-0.0025416873448634268173
1	-1	3	-0.0080066521898564512599	-0.010944075593599210741	-0.00031093911560633552505	-0.017511449831282274031	0.0025652376914167052992	-0.0021891247458943547191
1	-1	4	0.0037490081952037939556	-0.0025785013231707063115	-0.0016187504628703507353	0.0052749084137952949314	-0.0013419396645185360101	0.0019633524342415002023
1	-1	5	0.00025334857072203118607	0.0007539302484133732999	0.00029556540934539657535	-0.0013708716017089216891	8.4433677246730775163e-06	-0.00042496037002445898696
1	-1	6	-0.0007223290904452167073	2.1058835785011871566e-05	-0.00023836520782331274346	0.00064630840119698010349	8.0660647103650656123e-05	0.00010420826090199469967
1	-1	7	9.1887444251491099735e-05	-0.00010096859445565393141	-8.8005891678960887882e-05	-0.00010965672190487749202	-2.5699047990064571596e-05	-1.2411610641747940098e-06
1	-1	8	7.9529403011672018581e-06	9.2771674687872332976e-06	1.2368069013430269383e-05	9.9688076741654177529e-06	5.5189108903288344065e-07	8.6455025672273109854e-08
1	0	-8	-2.5066660977660459826e-05	-1.1415587405089382695e-05	-1.8825078911864490111e-05	-1.1601797272092979533e-05	-3.1333326222075574782e-06	-1.4269484256361728368e-06
1	0	-7	0.00012658886585701061706	2.4498501667855231758e-05	0.0001980369251592467236	-7.8854202706106119622e-05	1.8084123693858658127e-05	3.499785952550747394e-06
1	0	-6	-8.0654279258890782564e-05	2.0323494022752209323e-05	-0.00058717203724502635333	0.00033479606524061634662	-1.3442379876481797094e-05	3.3872490037920350283e-06
1	0	-5	0.0002164552490777792897	9.9001062410577597337e-05	0.00043976859888220461896	-0.00046295838934047524619	4.3291049815555857939e-05	1.9800212482115520823e-05
1	0	-4	-0.0070656491458931190014	-0.0010138352330121881435	-0.00072083302484741930329	0.00026062376122817774342	-0.0017664122864732797503	-0.00025345880825304703586
1	0	-3	0.023678433050738995069	-0.016032457469162431085	0.014700019646113986899	-0.012322003010450015628	0.0078928110169129983564	-0.0053441524897208103617
1	0	-2	-0.010618019092877066523	0.0061181357429343158696	0.016114678520423336705	0.049004293930781851751	-0.0053090095464385332613	0.0030590678714671579348
1	0	-1	-0.031958584819185079096	0.024389993724504475947	-0.1357593542320326141	0.10355242863109559437	-0.031958584819185079096	0.024389993724504475947
1	0	0	0	0	-0.042418890076590949623	-0.02477492281570479668	0.068557263604123369616	0.010745548896613502793
1	0	1	-0.013360273435643808121	-0.0061390650223621164722	0.030397479810384382681	0.090656794906346899188	0.013360273435643808121	0.0061390650223621164722
1	0	2	0.0030578251518277171916	0.039438862191134536894	0.019372684116554492878	0.03850143705743378636	-0.0015289125759138585958	-0.019719431095567268447
1	0	3	-0.003682571790364960046	0.0012948088577399165765	-0.027850357974340642087	-0.0068277450657641342371	0.0012275239301216534209	-0.00043160295257997221023
1	0	4	0.0021506269377183761388	-0.0052475030907733390823	0.0063557973469982927822	0.0032525509860215585586	-0.00053765673442959403469	0.0013118757726933347706
1	0	5	0.0005912467938049599395	0.00010708291541373216428	-0.0018916329500959731119	-0.0005357521942128212972	-0.00011824935876099198248	-2.1416583082746432857e-05
1	0	6	-0.00049033285950118887016	0.000159961392193170459	0.00090487620697296859088	0.00043279538326510295573	8.1722143250198135992e-05	-2.6660232032195078759e-05
1	0	7	-8.9086301111108168464e-05	-3.9420444791642928416e-05	-0.00022441474109017624239	7.8248743052431027128e-05	1.272661444444402455e-05	5.6314921130918470376e-06
1	0	8	3.2097196035546858918e-06	-2.8393505366692221063e-06	1.7689700971362660163e-05	-2.4504725117148364321e-05	-4.0121495044433573647e-07	3.5491881708365276329e-07
1	1	-8	-6.2014309174002500225e-06	1.1564895880954375207e-05	2.3583833351073435856e-06	4.7512079998807671326e-06	-4.8038094778661335755e-07	2.0395129851043931101e-06
1	1	-7	1.417062017630302247e-05	-0.00013035209940095432023	-8.8187811277425861591e-06	-0.00012629779355656097178	7.6454843550863374361e-07	-3.6664270422502187477e-05
1	1	-6	0.0007253694239559221402	0.00017441683727802286571	0.00029991701305280977748	0.00031675689708147335621	0.00017088107283478866198	8.1862289059916027952e-05
1	1	-5	-0.0005616659997732066428	0.00010565693097356795014	-0.00047124863027056030935	-0.00013370211349887222178	-0.00020658292600875339585	-5.6090365050608556835e-06
1	1	-4	-0.0013500415502857706848	0.0005861300835613321436	-0.00012114393777195895199	0.0010956524139114174211	-0.00036779637201443242953	0.00042044562436818739117
1	1	-3	-0.0014441307927589887294	-0.011269533237670681727	-0.0026638180366287244477	-0.010873327048044339679	-0.0013693162764625711313	-0.0073809534285716738022
1	1	-2	0.007359242838275354727	0.0063697123781224660941	0.030055920388114089337	0.0024890821024729161033	0.018707581613194721598	0.0044293972402976913155
1	1	-1	-0.0072757706563679833828	-0.0028168761220578328666	-0.029108495495816358312	0.064482768976928089844	-0.03638426615218433996	0.061665892854870257844
1	1	0	0.087016858056999629722	0.061405289303791750488	-0.087016858056999629722	-0.061405289303791750488	-0.15039689088906810222	-0.0044265400183627155034
1	1	1	-0.13703652839299443333	-0.023182558007181351678	0.074164703513069363261	0.053829699670723756	0.062871824879925083951	-0.030647141663542407791
1	1	2	-0.004550623274879004275	0.008052241141307422273	0.014771777081448500546	-0.018292965804976846905	-0.0051105769032847477018	0.0051203623318347114488
1	1	3	0.0045983390873356143336	-0.011554005872546601816	-0.0055189812099811297666	0.022401140800961168859	0.00030688070754850512627	-0.0036157116428048555364
1	1	4	-0.0040198276381437966082	-0.00049679502801995600089	0.0033518803693525574434	-0.0054674318362831373849	0.00016698681719780987249	0.001491056716075773482
1	1	5	0.00092726153406735389688	-0.00084271834883910766954	-0.00074181718014803882302	0.0017438991333046716982	-3.7088870783863013417e-05	-0.00018023615689311280031
1	1	6	-0.00023675989599036758064	6.8782095734657458476e-05	0.00032361821603233770694	-0.00098368052883087060169	-1.4476386673661692235e-05	0.00015248307218270219505
1	1	7	2.6491750775427149437e-05	3.592937422587371305e-05	8.7530245069469922881e-05	0.00024763945376291804671	-1.6288856549271008879e-05	-4.0509832569827392316e-05
1	1	8	-1.0968303551609911523e-05	3.3997600371566140885e-06	-2.3127843402493600386e-05	-1.9028131293588686939e-05	4.2620183692629394121e-06	1.9535464070540088416e-06
1	2	-8	-5.9743500449387873405e-06	2.113939130106062055e-05	8.9218398987613593338e-06	-1.5644583675604953755e-05	1.4836662190729916276e-06	-1.26872200626866087e-06
1	2	-7	-6.1420315095585167452e-05	3.7481930491683360747e-05	-1.7143425435747132284e-05	-4.5875258491634527281e-05	-1.3672452281011347673e-05	-7.752655213083670303e-06
1	2	-6	0.00028649451423748927264	-0.00031678384621204087488	0.00015333579850848155345	-3.2811837580760094531e-05	9.8861018542408725406e-05	-6.3734586895593508399e-05
1	2	-5	0.00055939123598456122217	0.0014662538341188090067	-0.00012801743119534762056	0.00018679280876339463056	6.0671274718773184011e-05	0.00036796789032911964273
1	2	-4	-0.0017932765752746307811	-0.00044345271338601431957	0.00053335288159855193113	-5.4496780985101399687e-05	-0.0001816427030193817026	-0.0001381115688390542899
1	2	-3	0.0016277129545549736019	-0.0052987108786004960548	-0.0039236192783662308253	0.0025801526631618436347	-0.002073175200725829205	-4.6135184092269448301e-05
1	2	-2	0.004677207576298273925	0.0067114261631520651455	-0.00061382352341524321678	-0.013625262829813187745	0.0017247802647338938541	-0.010269549748237155606
1	2	-1	-0.028806010185778177513	-0.0043312635222634851898	0.02407180354524338789	0.010569813529333397378	0.019337596904708598267	0.016808363536403306965
1	2	0	0.044025037269046801702	-0.027111947119869115458	-0.022012518634523400851	0.013555973559934557729	-0.044694590620031990347	0.028167173334042512611
1	2	1	-0.0059445919422921834549	0.0083759435268954528925	0.0029250481040217477836	0.011132227525130823989	9.4495734248688050255e-05	-0.030640398577157102605
1	2	2	0.0094872905659119533689	0.0088968562283405043523	-0.010101047013570198935	-0.012400909164530108178	0.0053574017306142222503	0.0079524810503598560019
1	2	3	-0.0013519585950328831016	-0.0037223445821467013306	0.004538015901699498332	0.0043382159907971399454	-0.0025746910694553711875	-0.0016513624664825259699
1	2	4	0.00052157352702110308402	0.0018925571328562626732	-0.0010314717354328894507	-0.0011082050224626904724	0.00038534248596116898143	8.0963228017279567899e-05
1	2	5	-0.00071843644343451082152	-0.001488023285021435483	0.00099548177496984252208	0.00097403664143062753528	-0.00025450542130103488789	-9.2009999567963914806e-05
1	2	6	0.00010305744325053881147	0.0003136538307852285894	-0.0006059367772806551573	-0.00014135407491309303794	0.00018480268521846193752	-5.1576134931737502773e-06
1	2	7	7.7930869845935305798e-06	-0.0001234025219534545467	0.00016096230238865313379	-3.0294637001243334238e-06	-4.7102527394557114023e-05	1.8494492764814744187e-05
1	2	8	1.6496256224511255908e-05	-9.8208000058723973215e-06	8.2713255102334214304e-06	7.8678286168074687985e-06	-4.1298634056222627696e-06	-7.3935715346781753443e-07
1	3	-8	1.3026802138412728102e-05	-5.2853560005394777091e-06	-2.1852573684902597081e-06	2.3255295116112067117e-06	8.0887875411774362222e-07	2.1140406678676790912e-07
1	3	-7	7.3776293152226783863e-05	9.0574998513815959712e-05	-6.2149868202587274036e-05	-1.2725267739528085999e-05	-1.6096187350790717329e-05	7.4855993278902432234e-06
1	3	-6	-0.00011271228125682092118	-8.2730044592839921121e-05	4.6628377314458324763e-05	-0.00014782622100020345233	4.5288084477590063095e-06	-8.7701451265575044091e-05
1	3	-5	0.0013092883248333570759	-0.00029699652006418382965	-0.00019452513269044917582	0.00012948964298492069802	0.00014514258535240189885	1.8294481778115660335e-05
1	3	-4	-0.00084129103806237343598	0.0012589928808517593817	-8.8035994979717845273e-05	-0.00027651701681208654907	-0.00027634975575038171584	0.00010736045760387492008
1	3	-3	-0.0042964278612983878777	-0.0051036286390280672515	0.0012453800035992002894	0.0022062927232589560865	-0.00018676261683359552529	0.0005050831769162669304
1	3	-2	0.00995175050762922217	-0.0016930164551771998468	-0.0049199826296577259602	-0.00038490079333264288304	-0.0024040986906719778553	-0.0014238594175875641124
1	3	-1	-0.0094879850885445978642	0.007222040208137965947	0.0063435818522992052163	-0.0039841633297778965977	0.0095427604683530169172	-0.0047304497811957247136
1	3	0	0.0043862080383269422615	-0.01463871121675664605	-0.0014620693461089807538	0.0048795704055855483941	0.0058277906224254655623	0.010745045954173597716
1	3	1	-0.00065838665019087234172	0.0026551834788843182468	0.0065469792522123487419	0.00027163127537184640755	-0.018982551106446175077	-0.0034700773049998571984
1	3	2	0.0090850983001755994395	-0.0040701172464640928902	-0.0065058916069225258827	0.0011464551470998951988	0.0052162882602959891043	0.0003153759025822036469
1	3	3	-0.0029391569724142242899	0.0028666772054703739889	0.0029180590084643925723	-0.0010739584031345273535	-0.0019383400176596512869	0.00011839933464440264535
1	3	4	0.001738874597450763837	-0.00056515632222624246836	-0.00091938640262752442927	-1.9668622598785883153e-05	0.00025482115260795238981	0.00015604054750565003284
1	3	5	-0.001982021628811740134	0.00041855022253674696022	0.00099671589907376467038	-0.00050950009064488132812	-0.00020162521368191077	0.00022199000987957942109
1	3	6	0.00036788515760025210883	-1.3391237739042639214e-05	-5.1772313944883692103e-05	0.00030532493677059104921	-3.5428035960933504291e-05	-0.00015043059542878842259
1	3	7	-0.00012112473634280706907	-2.9277672398965551596e-06	-1.8512382958940277089e-05	-0.00010807275561687009055	2.5237412174232555739e-05	4.6735147727215265812e-05
1	3	8	6.4811823305959088008e-06	-3.8242683468231539376e-07	7.3903029973602159686e-06	1.20668530029109416e-06	-3.5815114153345694825e-06	-4.047036332738708593e-07
1	4	-8	-5.9974150317543475913e-06	-2.8987025603652404529e-06	8.0188442954937495338e-06	4.0210723480894411614e-06	3.2597452687775815298e-06	1.6481983539990654182e-06
1	4	-7	1.2473058539008825775e-05	3.5193874565579663843e-06	2.6987796373981910719e-06	-4.5225214240972649038e-06	3.3240252983716555417e-06	-2.0815283199758707036e-06
1	4	-6	-3.1285487522711981996e-05	3.7688737389033916559e-05	-5.9962911640420521876e-05	-4.9489648349078316236e-05	-4.5189522347399008195e-05	-2.6711642667879893656e-05
1	4	-5	0.00011390829532418338306	-0.00025389025652170247671	1.2384175285833984377e-05	7.9092882857056864268e-06	3.2688999293503864113e-05	-4.4450620675775948912e-05
1	4	-4	0.00038988393902791639934	0.00098268262933036919747	-8.1099263819470735729e-05	-2.969912431867373454e-05	1.6371720937508367494e-05	0.00021597153301391858854
1	4	-3	-0.0011958864031735903875	-0.00023261410204221454143	0.0001706149753177712918	-5.020950920176360608e-05	-0.00017114216730083507342	-0.00014448404628308964622
1	4	-2	0.0012900691909870462982	-0.00094530255461680980436	-0.00047808360138669144575	0.00015928970105090126249	-0.00031113260727985968821	-0.00015407187520660237719
1	4	-1	-0.0012520844313490013186	0.0040863374681243107983	0.00039518456331657386433	-0.0010646233731874930623	0.00032865382191729397609	-0.00017215602462566150519
1	4	0	0.001526887354249527708	-0.0061857355249391255195	-0.000381721838562381927	0.0015464338812347813799	9.0627350151994880839e-05	-0.0029445946717290543554
1	4	1	0.0010710209511757783334	0.0061487664907221911345	-0.00077393630749350052211	-0.0025647643076883693339	0.0020247242787982235382	0.004110290740031286201
1	4	2	-0.00022062793033460626878	-0.0023402616134989900551	-0.00029199200730243988133	0.00075473498061041552863	0.00069429797977218284284	-0.00033933915447133613814
1	4	3	0.00044539508618410522233	0.0015974510202081718905	0.0003746288148468702138	-0.00053185766369613575628	-0.00064797011519052876479	0.00017665987819212372058
1	4	4	-0.00033843778673897791879	-0.0013510078986193286774	-8.6305502371927370661e-06	0.00060880008316528102987	9.3239996921937220152e-05	-0.00027104810851044880632
1	4	5	0.00024795106681745765227	0.00071771598929651402119	-0.00028740541225435295956	-0.00033255000649205481095	0.00018033411643999082636	0.00012249680733434102284
1	4	6	4.7170331959750829559e-05	-0.00016969558112514337512	0.00017252792005373091162	6.1368323875562192098e-05	-0.00012288033536244572907	-1.2629619062850898879e-05
1	4	7	-1.1854154078854552492e-05	2.2638427412066889212e-05	-1.678095006536525538e-05	-3.6681637550096639127e-07	1.128256490575936699e-05	-3.0244517014375747159e-06
1	4	8	8.5685708222207442383e-06	-1.7163634570429339954e-05	1.5731284629943795967e-05	-6.1194921366835825668e-06	-8.9367136677494903778e-06	5.2052003896454587776e-06
1	5	-8	-5.2124468214599361054e-06	1.9378018010013680126e-05	1.1798986547400790192e-05	-6.6554570739047807791e-06	6.7228107394430019626e-06	-1.7374084199387776536e-06
1	5	-7	7.8796216905531011075e-06	-1.150133314211771349e-05	-1.0540285459332516751e-06	7.172990343365748817e-06	3.7278270869812043563e-07	3.4805169392444330632e-06
1	5	-6	4.9336681781294252128e-06	9.9293822244652142763e-06	2.1093854104004749443e-06	-2.3499604731977411409e-06	2.5800992050219665852e-06	-3.0340335692058185179e-07
1	5	-5	-1.3743147646611107178e-05	-4.6281822481524909866e-05	-1.2738002290295488184e-06	-1.9895022656703680367e-05	-4.0224297583517706352e-06	-2.9151387153008659629e-05
1	5	-4	0.00021557920366143282849	0.00021936197683801949253	0.0001050278824265199934	-8.3065888285875138445e-06	0.00018517965394850821582	4.4457258173770479979e-05
1	5	-3	-0.00093251114998923394055	0.00018459586637285287092	-2.5921867126913927711e-05	0.00015483053944214661196	-0.00035404016187460119868	0.00031958285452786199497
1	5	-2	0.00041597077828434852499	-0.0011660301348999254061	-6.4274252851439372817e-05	0.00010916375348919785939	4.7299757013575837231e-05	-0.00031010568372696808168
1	5	-1	6.3072838295808863075e-05	0.0014080047153002107994	3.4844626557865121085e-05	-0.00024097649912860314532	0.00023729597108513447528	0.0002031222196571950999
1	5	0	-0.00067104703992761538696	-0.0015935769268041223568	0.00013420940798552306655	0.00031871538536082442798	-0.00050991094860981431812	2.0210913373714150447e-05
1	5	1	0.0013240755906575361976	0.0010383104645209086884	-0.00027984378130095302227	-0.00016136793155674069742	7.5143315847228832468e-05	-0.00023147080673720511995
1	5	2	-0.0013570607660354891584	-0.00045343920652500719921	0.00013055289757306950526	0.0001440050189146932448	0.00035214813908507081605	-0.00013329294402422952595
1	5	3	0.00097909117537997710987	0.00035887029134757221852	-8.9404979704404326517e-05	-0.00025183834095130060941	-0.00017735542561931848791	0.00030010713780297696091
1	5	4	-0.00047382561199670053401	-9.4842027551267688479e-05	0.00014216320613548208396	-5.959476131775575758e-05	-5.9247604670177471452e-05	9.8203958535011612319e-05
1	5	5	0.0001807729929523497342	3.8645824019239419147e-05	-6.2469269807015719563e-05	0.00013134265218451096299	2.6314671216545770013e-05	-0.00013907181698835885224
1	5	6	-4.652370830486484885e-05	-3.5871212555600564609e-05	1.6104331472828304988e-05	-3.3222014795650186864e-05	-5.6663248432127787834e-06	3.3663547755641916488e-05
1	5	7	1.4401547113168590265e-05	6.5778978993722483768e-06	-2.3792549463852878337e-06	1.3329972568141887205e-05	-3.5789605446316457852e-07	-1.0461108677154525617e-05
1	5	8	-4.2690111096677619781e-05	-2.2746440165787870587e-05	-5.1554081729344740758e-06	-3.116403501621285184e-05	8.5583939951687488758e-06	2.2320826905856518341e-05
1	6	-8	1.833200566947218541e-05	9.4165735627182477262e-06	7.0401811666068953233e-07	-9.502443788827350321e-06	2.8195142961795401138e-06	-5.949761146280731775e-06
1	6	-7	-1.726581341424873598e-05	-6.4313497265761528295e-08	8.0713886259305368993e-06	6.5437578437500896e-06	4.4517883344763540913e-06	5.5997476521763967273e-06
1	6	-6	7.599464174958563149e-06	1.5193428022746230613e-07	-1.0738555656363892613e-06	-2.9592697624498447842e-06	1.9272179685670471155e-07	-2.933947382411934691e-06
1	6	-5	-1.2289534437718989637e-05	-6.6563988816087663762e-07	8.0188178720718036424e-06	3.0126572372521817872e-06	7.1646745589423669516e-06	3.4820607070704430288e-06
1	6	-4	5.1470410641095055049e-05	-8.9685503645021513817e-05	-8.3480107237705606835e-06	-4.4139937557977753445e-06	3.4558657461792395457e-07	-2.9042366544952041894e-05
1	6	-3	5.035486568248357563e-05	0.00021416370649194596196	2.4808585011527441378e-05	-1.054974721144894803e-05	6.6402125250549412483e-05	5.0288407741084091259e-05
1	6	-2	-0.00021735037763305687557	-0.00040595280637033053991	-4.5661540845255037865e-06	7.782577268938611556e-05	-0.00012237365107010494914	3.0500914882993090276e-05
1	6	-1	0.00090911964641324151826	0.00056056112059230415665	-0.00014455826720252278354	-9.785214004955983735e-05	4.1770043198104769594e-05	-2.6551719705054843739e-05
1	6	0	-0.0010514454886171927406	6.3818718048937953923e-05	0.00017524091476953213248	-1.0636453008156326219e-05	0.00021182107686822413762	-9.0980973389707988351e-05
1	6	1	0.0008172406956274665471	-0.00046454562087336548825	-9.8527616465109794908e-05	2.8258971937780637566e-05	-0.00022607499683680772344	0.00029499178924668166286
1	6	2	-0.00042079036959799098055	6.4312009396181278598e-05	4.0397836563170881575e-05	6.4703537246155881581e-05	8.9201675109482859104e-05	-0.00022626661643655829759
1	6	3	0.00019282582026270366458	-9.5245376953445373409e-05	1.5615900842113136652e-05	8.9554716714113533988e-06	-9.5507075105127499349e-05	1.3837515641659080951e-05
1	6	4	-9.6870215531629354114e-05	1.4764048486327174448e-05	-4.0122891488870815566e-05	-1.9625162084166888199e-05	8.4401891116213568654e-05	2.5746731004668537416e-05
1	6	5	3.3487606917317766725e-05	-2.7281661841170029158e-05	1.4210873272860407803e-05	1.7004276174653962109e-05	-2.3750569310896044742e-05	-1.4948799041350749716e-05
1	6	6	4.3631996060500582187e-07	1.9218669188176695247e-06	2.9715537463563812639e-06	-3.1436121434823822608e-06	-3.0442737397905489185e-06	2.8233009903461041478e-06
1	6	7	2.6688027390409428354e-05	-1.4697309181663603764e-05	2.1722337477481218744e-05	7.1504830582507375659e-06	-2.2431721750756676776e-05	-4.0293698811201171338e-06
1	6	8	-2.841843662004788103e-05	3.2676296080238577196e-05	-2.7670335687838306364e-05	-3.6512363566985260883e-06	2.4305056343384715749e-05	-1.3461097425059273715e-06
1	7	-8	7.5786705405265455715e-06	-5.6881393881435347707e-06	-2.712039381155868947e-06	-3.407742749170567408e-06	-1.4257006409455669734e-06	-3.6927923290421882225e-06
1	7	-7	-4.9259910434586790857e-06	1.9712142241961197676e-05	6.7126022384343862095e-06	-2.79591018798358566e-06	6.008889232226003725e-06	2.0110132296585216684e-08
1	7	-6	-4.9910853422438031189e-06	-1.7114074868874784357e-05	-1.5252871646228242304e-06	7.607381973270381322e-06	-2.6113492491005954553e-06	6.0229331573363138671e-06
1	7	-5	5.3805420919626528305e-06	8.9398463146558834654e-06	3.8662363448477093582e-07	-4.9975944901806792622e-06	1.6173815066712098763e-06	-5.2086630233217734269e-06
1	7	-4	4.0610179355891936871e-06	-2.4357637875173542451e-06	-2.8408705120456990734e-06	4.3630379844995928674e-06	-3.9562689121826749567e-06	7.0263755259949488508e-06
1	7	-3	6.8047742819097933398e-05	3.7344401345214624135e-05	-1.4103204577889580159e-05	-1.8310842198265251817e-06	-1.0224896408709709239e-05	8.1756039354763176486e-06
1	7	-2	-0.0001231703510081341268	3.3359175300163345702e-05	2.2078446531415387225e-05	1.0188116694069791824e-05	1.568938735588679866e-05	5.2337996079325945083e-05
1	7	-1	9.8179819067418974254e-05	-8.5609028044321259544e-05	-2.0828843429691571321e-05	1.2977125571114317607e-05	-4.7622084940422024994e-05	5.2308509534789594724e-06
1	7	0	-0.00015435169413673431116	6.3103220443383228801e-05	2.2050242019533473507e-05	-9.014745777626174817e-06	2.0295335202492253095e-05	-6.4791726260585291307e-05
1	7	1	0.00011293778494799610766	-0.00012210789937802722736	-1.8887772164536213422e-05	7.2757318726732650481e-06	1.927662020375739646e-05	7.1177776269314358467e-05
1	7	2	-8.1043004952084765928e-05	9.2115642687248480312e-05	4.0651059765494854375e-06	3.2710968580612253875e-06	2.6293631558119183933e-05	-5.7506660346838531553e-05
1	7	3	1.8983816812995920839e-05	-3.8780893503178954162e-05	2.1552150483027954773e-05	-3.1200748947825062514e-05	-5.6616290064730530232e-05	8.5728712045984785959e-05
1	7	4	-2.6298627287576170937e-06	1.5577501571986455649e-05	-2.7940187162551046999e-06	-9.3991919262580412599e-06	5.5469984356358379218e-06	1.2554210477954957445e-05
1	7	5	4.6100366478906047119e-06	-9.951449608976724369e-06	6.2937903594439410427e-06	-2.5916034556537504365e-06	-9.7333138327996387409e-06	5.6185347597105954849e-06
1	7	6	-4.0038301733494847072e-06	2.7855435791202945775e-05	-1.0741784928067277043e-05	1.2579831174344789031e-05	1.3199387444970070386e-05	-1.9319042335269410651e-05
1	7	7	-1.1359899980396324809e-05	-3.9907832317373140426e-05	9.464844992233835454e-06	-1.6315745350111910723e-05	-7.8420021378915030964e-06	2.2016864252593790831e-05
1	7	8	1.1493179234497469417e-05	1.7849664873584991783e-05	-2.8742232988240130968e-06	1.0271380499451818511e-05	1.0782979821588277826e-06	-1.1218666046218464747e-05
1	8	-8	2.2294319955385300051e-07	-3.4634184092284959508e-06	-1.7853011174306999556e-06	1.5317548748300535762e-07	-1.7574332174864681784e-06	-2.7975181367055660976e-07
1	8	-7	6.6240052208344683834e-06	6.4533894219222185258e-06	1.5231106973061617779e-06	-2.3513733111532493412e-06	2.6869843998976801304e-06	-1.765371009614825051e-06
1	8	-6	-1.9968732508355342708e-05	-2.3945296111184834521e-06	2.5859205818586098763e-06	4.7923827518892853428e-06	1.197720244189229641e-07	5.9907554006659672542e-06
1	8	-5	1.6311258924251515926e-05	-1.2001795651567864033e-05	-6.5284607685049792668e-06	1.1949829046516396748e-07	-7.1832854447576638111e-06	-2.209161865569310755e-06
1	8	-4	-6.2020402153310466876e-06	4.9380301827830501882e-06	1.962961870327409207e-06	-1.5343951635229210891e-06	2.3754136868220565302e-06	-1.8342827813500796312e-06
1	8	-3	7.8895611026991955829e-06	-3.0463449036681335515e-06	-1.24483142529170448e-06	-8.6575471883918168817e-07	-6.8969676654481356029e-07	-3.324127551460529019e-06
1	8	-2	-1.5720686065592268154e-05	-7.0888717970445531743e-06	2.1145828800392771209e-06	3.5858619726161905912e-06	5.9798848736097366577e-07	1.0799011991942486201e-05
1	8	-1	1.8151459747660300692e-05	-1.0909442847206072738e-06	-2.5217833084759589855e-06	5.5792922151941320316e-07	-2.0228067201473716155e-06	3.3724894874346985633e-06
1	8	0	-2.1064105969041450829e-05	5.1864960396026689703e-06	2.6330132461301813536e-06	-6.4831200495033362129e-07	-5.3426579383953661764e-07	3.8006112246920942463e-06
1	8	1	1.9613108252935705612e-05	-9.6765411340433163606e-06	-1.8787186301787245184e-06	2.305956760445884797e-06	-4.5833592115059120054e-06	-8.7711129495237603215e-06
1	8	2	-1.0315216527043212086e-06	-2.6290986190235175758e-06	-5.2740691377215511538e-06	-5.5523249073542351175e-06	2.1612037377238368078e-05	2.3523848938928698199e-05
1	8	3	3.2218074566175193698e-06	-7.8307092245714167347e-06	4.1387441627298956736e-06	-1.1554920306403523398e-07	-1.2110586919485561021e-05	2.91836761636123301e-06
1	8	4	3.0198127317567608281e-06	9.1213612564219711572e-06	-3.3626931495328182785e-07	4.9706295516934045106e-06	-8.2414553032626564563e-08	-1.2221599417492303081e-05
1	8	5	-1.6499714072702320741e-05	-2.1440582957704280024e-05	-5.0809248909743667767e-06	-9.8436686524618079549e-06	1.1429422640099450313e-05	2.0037986435479748733e-05
1	8	6	3.4918593940134955394e-05	1.306814204464688745e-05	7.6500675035257349201e-06	1.0386728043076229777e-05	-1.6019855661390137996e-05	-1.602699439820945456e-05
1	8	7	-2.205675799533400762e-05	5.7099417365296769651e-07	-5.5409168648165405493e-06	-5.1888180182918444756e-06	9.4834418448380479146e-06	5.8485071389545411735e-06
1	8	8	6.7297624523858422333e-06	-1.788560579696536956e-06	2.8600346516650031894e-06	8.9597158765435352698e-07	-3.7012549582132332568e-06	-6.7240151519228643395e-07
2	-8	-8	-2.7583535235806023283e-06	-1.848988472729926941e-06	-2.2056281324119837871e-06	-1.3313469891783388727e-07	1.5160397515168333109e-06	-3.2911241926464782151e-07
2	-8	-7	7.3415504836731118745e-06	2.3688780127074785075e-06	2.7914433054513393207e-06	-1.3780268141982379454e-06	-1.0926350680377845234e-06	2.2517100770001228187e-06
2	-8	-6	-2.1326838544518621064e-05	-5.1357644190045771747e-06	-5.6351472651476677901e-06	5.34771160657176632e-06	4.0458350535734964397e-07	-8.8422036150972147163e-06
2	-8	-5	1.6444525768933348294e-05	-1.7974031917751920291e-06	1.3814260098726205728e-06	-3.8465304864444815812e-06	4.3675286917771460622e-06	5.4354875016010945654e-06
2	-8	-4	-4.2620753005114274853e-06	-5.8816640507478076772e-07	-2.1479391955340054698e-08	1.5202747477239991435e-06	-2.088078866345033534e-06	-3.3346326979853887237e-06
2	-8	-3	5.5653406550570896875e-06	9.005168010602667737e-07	6.7005211066032007065e-07	-1.8109324330166974697e-06	1.9234214749438727954e-06	5.4294976887513711017e-06
2	-8	-2	2.7999313762070224435e-06	4.3255173903330597129e-07	2.3109173819105485849e-06	3.4259891498946059421e-06	-6.4437381514351723197e-06	-1.3271404860545117321e-05
2	-8	-1	-9.3004368831155547701e-06	3.3019295975772641717e-06	-4.1799755441189446158e-06	-1.52316339479611448e-06	1.4838930586720447386e-05	1.8789166353523444183e-05
2	-8	0	1.660200516425390334e-05	8.3539001559356652053e-06	4.150501291063475835e-06	2.0884750389839163013e-06	-2.1711373631002130224e-05	-2.019186088199831773e-05
2	-8	1	-9.7161148387258782926e-06	2.9529756433556943211e-06	8.4435583253227539141e-08	5.5957392777834776526e-07	2.0107714343477574781e-05	-1.4293598644846067318e-06
2	-8	2	3.8173281579594395483e-06	2.5472389569216555847e-05	-1.5898922910539470026e-06	4.5255138983025605209e-06	-1.0176897322175226712e-05	-7.3703339760063137629e-06
2	-8	3	-1.2979821510240734499e-05	-1.1852718835536047199e-05	8.5412723610181928109e-08	-1.0582844746613848196e-06	8.8809816031209754076e-06	5.0797206245936727941e-06
2	-8	4	1.3839190487552513979e-05	1.161775794980618711e-05	-3.0671802016483788473e-06	1.5586071345822577913e-07	-1.3053955647073014684e-05	-5.4971575479866416792e-06
2	-8	5	-2.4958840957354806039e-05	-1.3981554959437242518e-05	7.5806889656415154364e-06	-6.2265688902445174874e-06	2.2112638727968347792e-05	-4.3698882406163308033e-06
2	-8	6	3.1255648483829546818e-05	3.9352928990649386381e-06	-3.4479354599938390445e-06	1.087337022067653614e-05	-1.5015796774601635461e-05	1.3186062661213735872e-05
2	-8	7	-9.2486835589521462748e-06	3.7191810016288676604e-06	-1.439390773562022479e-06	-4.0696447105194808038e-06	9.9746298991544449239e-07	-5.7136456696305111948e-06
2	-8	8	2.7230016550764140045e-06	-2.4942842986545133619e-06	1.7757459625389864062e-06	1.7866824519273036712e-06	1.0949955487698829051e-06	2.4102535265909319057e-06
2	-7	-8	-4.7801193875739151186e-06	5.4946573787604444355e-06	-3.1613498834145031112e-07	4.3830169293500186896e-06	-9.1841173209470978389e-07	-2.4614754684911554563e-06
2	-7	-7	1.2119445966834720098e-05	-1.9682755171426262502e-05	-2.007492270821790797e-07	-9.6863368006605895529e-06	3.6634480747492421992e-06	4.0626924659673719373e-06
2	-7	-6	-9.5065157723053566387e-06	1.9043339303059011319e-05	-7.766157144268291588e-07	3.5706529676806753892e-06	-2.2627869239371515982e-06	2.1820179720588819211e-06
2	-7	-5	5.9281423619645044247e-06	-1.1158278572671430893e-06	2.3704177892892912319e-06	-1.1228973273526615535e-06	-9.4732796021920620891e-07	1.1257251153868689816e-06
2	-7	-4	-4.423842603524384081e-06	1.5542545991956655021e-06	2.4786998173180559534e-06	-4.9214513853710482435e-07	-6.5496459820687901707e-06	1.6383812920377661937e-06
2	-7	-3	-2.799487673629562015e-06	1.1866016139106254113e-05	-5.3416867374487587886e-07	4.4772361638227257347e-06	-6.1993154368166432794e-07	-2.5362069561821897921e-06
2	-7	-2	0.00013654979224723927107	9.6463881590640903393e-05	3.3069860785006829093e-05	-1.6180580482991343497e-05	2.0805279499715355693e-05	0.00015309591328111060563
2	-7	-1	-4.1326425825216671437e-05	-0.00010848618235367056605	-9.3751965108225908391e-06	-2.7454240860666919929e-05	-1.7026476074675205306e-05	-2.4792678682672685811e-05
2	-7	0	8.735954461772617633e-05	0.00012338186877209713949	2.4959869890778908975e-05	3.5251962506313466489e-05	-1.5751574365123518752e-05	5.8350830348756147146e-06
2	-7	1	-0.00012513202966471767053	-8.9365520722270230325e-05	-3.0409618511733508617e-05	-2.1786805722501888764e-05	3.7396729747300780746e-05	2.6223401387027246077e-05
2	-7	2	-2.9306631796584105081e-05	0.00020505004370456738705	1.4202365500411993823e-05	5.8519666464464487564e-05	7.9014911048026081767e-05	-2.3121107894169995336e-07
2	-7	3	-5.1156270649628328884e-05	2.5877967925323786646e-06	-1.814673139258809899e-06	-5.9455608661348319832e-06	2.9869943108148327515e-05	-1.5598173216002859839e-05
2	-7	4	-7.3660024924093841619e-06	-3.4190865421821820718e-05	5.3279308608690329147e-06	-3.6454995165446019685e-06	1.3006880252725499682e-05	1.0715808556957856279e-05
2	-7	5	-1.6489520282756338522e-05	1.0045151761328108175e-05	-2.8423858369955715693e-06	-3.2925083979900596437e-06	2.6164679413087349577e-06	-8.6275724617173277876e-06
2	-7	6	2.1199156973825046432e-05	-2.4131433949951761064e-05	8.100306597068715841e-06	9.9742444397788020008e-06	2.3839720386384857724e-06	1.9680429829725856587e-05
2	-7	7	-1.0165186635029947279e-05	3.4679562150443888561e-05	-1.6755777435378607778e-05	-3.105538721717046338e-06	-1.3851438396798621631e-05	-1.301398505041530112e-05
2	-7	8	-2.0694235447997785698e-06	-9.9124063440124754101e-06	5.2581463477225684315e-06	-2.5480524251978426617e-06	5.1182339404571922318e-06	2.4855571395500647064e-07
2	-6	-8	1.4164873817089726092e-05	2.0822628588807790185e-05	1.102231392782557562e-05	7.5835868681677658023e-06	-4.7255169915967510389e-06	-4.8203300392387680539e-07
2	-6	-7	-1.5036545269538171429e-05	-1.0266996286223753487e-05	-5.988284326727817309e-06	-3.6373180161318419667e-06	8.3665934589865175236e-07	1.8427364633479192889e-07
2	-6	-6	-3.9606990938207834311e-06	4.1007118121707174187e-06	-2.4376054021948866884e-06	6.1398998286864271161e-06	1.1173723709212923525e-06	-4.7729958912961882589e-06
2	-6	-5	1.1568675651475068341e-06	-2.4312329191815955991e-06	3.2376872303758534928e-06	1.4375824123724007356e-06	-3.4224776503920211189e-06	-2.6975920625195192071e-06
2	-6	-4	-2.9732471304967041022e-05	3.7009898202101357192e-05	-6.9972934060744498738e-06	3.3680139103052586047e-05	-4.3702955433718448534e-06	-3.2015259553528197087e-05
2	-6	-3	1.1539987478882461101e-05	-0.00010173026966789838017	3.164320257769890726e-05	-7.0088580152577112446e-05	-5.5593080169476174915e-05	7.2356980526555291226e-05
2	-6	-2	0.00019114777060767629432	0.0002260622877545391009	3.1872284072185902133e-05	0.00012070896126673434016	9.5530918391118608245e-05	-0.00013606459604566391959
2	-6	-1	-0.00030406646222528628401	-0.00024365697869549579331	-0.00010233026111294089822	-9.6258704498095168031e-05	5.8486422270728060535e-06	9.0238269597579408017e-05
2	-6	0	0.0004911343157175670571	0.00054173874127126360554	0.00016371143857252235237	0.00018057958042375451711	-0.0001006353144373490165	8.4015574357081685276e-05
2	-6	1	-0.00047900071297172786824	-2.0172850571373400887e-05	-0.00015380795972432079362	-4.1157856293416564036e-05	3.5153667597531028984e-05	-0.00020660143661775255534
2	-6	2	0.00049005357891131521263	-0.00016729547421028351174	0.00014166708844188949726	2.2276469608860927627e-06	-6.5052313585646666643e-05	0.0001739784150929417697
2	-6	3	-0.00015772593005565797505	9.3145755922033739182e-05	-3.2676514503507137497e-05	-1.7705341196589133925e-05	3.9797591030091050745e-05	-9.7507853007867425045e-05
2	-6	4	0.00020754578512730331914	1.414198109723925273e-05	1.9361169351669538582e-05	7.4584236410155614811e-05	-7.4731138536147356777e-05	0.00010480536406661379416
2	-6	5	1.758558130372810303e-05	1.6203801749472846052e-05	-3.7640764474299487317e-06	3.9993854575255918435e-06	-1.155112425840717969e-05	-1.6822581507584279968e-06
2	-6	6	-1.0413551016825957812e-05	-1.7609894512981430975e-05	6.0349678438520594048e-06	-2.2030446587632947622e-06	9.5061515161273781109e-06	3.6669201788971829352e-06
2	-6	7	2.8429179958578463356e-05	2.7425878796279492942e-05	-1.1747600286159050296e-05	1.2327172217390258379e-05	-1.8191994519158746443e-05	2.7301822445403664625e-06
2	-6	8	-3.5919163566852485407e-05	-1.4543482718905491728e-05	1.5342675916208951977e-06	-2.2439030035650903752e-05	1.013049158542879275e-05	-1.3193401847011806152e-05
2	-5	-8	1.8498086722095167416e-05	-9.7583020814676422864e-06	1.2401164069639573353e-05	-3.1248010418509517386e-06	-3.1262058630009419151e-06	-4.8657486921006578792e-07
2	-5	-7	-2.7072535256150346209e-06	-1.9155265421577175913e-06	-6.3317849162645368686e-06	-1.9187777860746907788e-06	3.7492025042989448329e-06	8.2326226372257408648e-07
2	-5	-6	1.0268408417048208197e-05	1.405129730403317998e-05	8.2782340800602779974e-06	5.6154697909374805641e-06	-3.4757255943674953165e-06	4.2076088964930591961e-09
2	-5	-5	-1.8140364608571229213e-05	-5.3273384519738494988e-05	-7.0893012483104597601e-05	-3.6685069793649882305e-05	6.363686663967610456e-05	1.537571598575448431e-05
2	-5	-4	0.00011939911632840555342	0.00012107891274476816242	0.00013669743743656293379	0.00010342762693744984176	-0.0001111722386315008973	-6.8745077299428231153e-05
2	-5	-3	-0.00068171698242599858795	-0.00022301439280958829927	-0.00029477422983390552235	-9.0678730190368091874e-05	3.6812394772510152058e-05	2.4549551108879622185e-06
2	-5	-2	0.00083198239170922494261	-0.00020980939515766094321	0.00034962023710773104928	1.5045099591745268776e-05	-4.2068201060102714472e-05	-0.00024742214413702411091
2	-5	-1	-0.00088824533718021220826	0.00014385049911251710387	-0.00045149070737363408961	1.1662928868824404326e-05	0.00048096286250774613995	0.00022938635388091216578
2	-5	0	0.00054914073102204556762	-5.7061544914255029769e-05	0.00021965629240881822705	-2.2824617965702010552e-05	-0.00012742496663594384703	2.8865101051807457545e-05
2	-5	1	-0.00091914546437376969893	1.0495870409773669178e-05	-0.00042290122559727409256	-5.4775772471424679158e-05	-0.00027621519923883122759	-0.0002948706031766707477
2	-5	2	0.00081203710485883227443	-0.00068504639135012312511	0.00026537490706725081618	-0.00011688288302699795425	-0.00014859983719070517976	0.00039283918378262824627
2	-5	3	-0.00011752243303405496147	0.00071509595907629040085	-0.00010608970210081046699	7.9603643478374280155e-05	-9.8467881478647484219e-05	-0.00034405790025356975965
2	-5	4	-1.5152780215999373428e-05	-0.00025056226771196172046	5.5985809332851604989e-05	5.3869595235083772209e-05	7.7558651774064195491e-05	0.00019261812789983555685
2	-5	5	0.00012191301931203910622	6.6275155775029985484e-05	-2.3721723782559601111e-05	-5.9727347397250122658e-06	-7.2486931507375246308e-05	-3.2482797049737000699e-05
2	-5	6	-1.0032971222872358723e-05	2.1209357177198794129e-05	1.2584801335825885559e-06	-1.1487693238272042809e-05	4.393057185609609967e-06	-1.6642863424292967333e-05
2	-5	7	1.8684319533816767198e-05	-1.2799271697724743979e-05	1.7245628650321970413e-06	5.3320823637747622175e-06	-4.1065463917817925901e-06	7.4655650306176137864e-06
2	-5	8	-3.4555812930611312661e-05	3.4824953532061270005e-05	-1.8495275671701440819e-05	-1.3902224164356595418e-05	-2.9205940621605714998e-06	-1.7395128485738191331e-05
2	-4	-8	-1.5889624170097263619e-06	-8.2878557712083104474e-06	2.918089621070075037e-06	-1.1365568468901106303e-05	-1.856285414787469109e-06	3.6108202916484751163e-06
2	-4	-7	-1.5265975432943612345e-05	2.7077222339570735415e-06	-8.4033425117594965612e-06	2.2792779555500857537e-06	4.4020274016439509024e-07	-5.2880962204088499695e-07
2	-4	-6	1.060813821655300055e-05	-8.3945557800594583216e-05	-2.4955980578401762199e-05	-0.00012371217719628531135	2.0173366457785508316e-05	5.4492932197325339718e-05
2	-4	-5	-0.00018574777035085154506	6.3880683263174098895e-05	-9.7109509274318796517e-05	0.00017066671129037277446	3.3884992791144196124e-06	-0.00011098109572702858543
2	-4	-4	0.00085499999329598263317	-0.0010464786686957138102	0.00036645139061016704677	-0.00040916692498461920561	6.1048606037824242705e-05	-0.00011407240936323771307
2	-4	-3	-0.00058086592965740863406	0.0012952943706237157479	-0.00031755896653093347885	0.00062882649731463931188	3.6168002269638914047e-05	2.5094250662958130199e-05
2	-4	-2	0.00052694435082184781088	-0.0012664489991139362118	0.00025572902916542864828	-0.00038700996787926540297	1.5486292490990568541e-05	-0.00049242906335540551424
2	-4	-1	-0.0013517833779347133202	0.00095654416548983118435	-0.00078966908271852615225	0.00014051577038796459525	0.00045510957500467807708	0.0013510252494278039877
2	-4	0	0.0032610511765237279805	-0.0005528157112969717471	0.0016305255882618639902	-0.00027640785564848587355	-0.00041947344189848071198	-0.0014645338015095439154
2	-4	1	-0.002024818246378897596	0.0011888114736713047744	-0.00085169966813423265105	0.00055866285892706502372	0.00064283782022086469621	-0.00014297151163434956237
2	-4	2	0.00030996475901367973645	-0.0022919111470228524345	0.00035593464426568233215	-0.00065360798932249605537	0.00040190452951768492786	0.00098469516837786010693
2	-4	3	0.0011187404566167992882	0.0014207544155130694651	-4.6589246071232255782e-05	0.0005948725119184305847	-0.0008079459658395092992	-0.00015400626111747216999
2	-4	4	-0.0013458428613517758009	-0.00033071969060598709967	4.6355232542537105423e-05	-0.00017600412950505224833	0.00071927666321842508718	-1.0644284202058679865e-05
2	-4	5	0.00028055534440490155663	-1.3460768110650140651e-05	-0.00014717566095041463808	7.362847928092230293e-05	-0.00022996266652229236022	6.4287090668997893183e-05
2	-4	6	-0.00015661121869263677601	0.00014982870748485663118	4.0766785800237510633e-05	-0.00012284128613494641	7.9381596764370590058e-05	-0.0001318370932515831504
2	-4	7	-3.5435860707161205313e-05	3.9475901153406559247e-05	4.1611649446582885565e-06	-1.7134001552575466878e-05	1.2502340170422224276e-05	-2.1069686931016424152e-05
2	-4	8	1.1887555309566492985e-05	2.6048975412879148334e-05	-1.3473148901851048786e-05	5.0447580011262256689e-06	-9.7084632783171480628e-06	-3.9898648526566738256e-06
2	-3	-8	-4.8544117391761921424e-06	-5.8331376140008652114e-06	-1.1314370677784000012e-05	-6.0980748174512023021e-06	3.0292860693749523925e-06	8.2849365304398445458e-07
2	-3	-7	2.0203479006827559721e-05	4.1215546466838305262e-06	4.0763341913542660709e-05	3.9048203708895331038e-06	-1.1697581103853265614e-05	-4.9590740275727704539e-07
2	-3	-6	-4.9420184330053775195e-05	-9.7353544957734606331e-05	-0.00013511645794926023089	4.4008904278118452695e-06	5.1084834197945523714e-05	-3.4651626866484120228e-05
2	-3	-5	0.0004935521403408277925	0.0003960891933751894186	0.00040084890980011955459	9.6376709296465502071e-05	-4.3088489743740608976e-05	0.00010060965177219647433
2	-3	-4	-0.0013011574883191739938	-0.00088611011049426571286	-0.00075380871476855111288	-0.0003708545822466069908	-8.5222208083173648665e-05	-0.00016491411856217762688
2	-3	-3	0.0018139077795345157334	0.00083820322790650989182	0.00087314036805362545135	0.00060665605400659207251	0.00033613148496938505564	-4.7853902068918766121e-05
2	-3	-2	-0.002787165689848147658	0.00069418132540404852825	-0.00066692461274163797325	0.000481242889103831084	-0.001786778770735690915	-2.7683008251698050311e-05
2	-3	-1	-0.0013768463458371093134	0.0040654224076858555201	-0.0025847810536010289682	0.0018765411512965087578	0.0050006504691288682779	0.0025012213614821849836
2	-3	0	0.0024927705993663638873	-0.0063119535164281948339	0.0016618470662442424469	-0.0042079690109521296001	-0.0040805355875072613081	0.0018358836928341214136
2	-3	1	-0.0010495320728608240838	0.0061158592635093050535	-0.0015630077932156304869	0.0029263826637483635051	-0.0025899592339252435098	-0.0034525705357735187243
2	-3	2	-0.0038882142470992721132	-0.0040578376338225282186	0.00016306782677305789605	-0.0027721242487067842761	0.0041328159872588594859	-0.00010034873923764856148
2	-3	3	0.0026758521423340120293	-0.00036595797231241328825	0.00029387807137278080779	0.00073910222240894493835	-0.0014900233568498938604	0.0009830742039505537249
2	-3	4	-0.0010632998387688991429	0.0016854845389432484334	-0.0002352983794116359753	-0.00029160036085131653318	0.00035517613482572259675	-0.0010614425401101116979
2	-3	5	-6.3884713025207941726e-05	-0.00099080637386761492673	-2.1817093046544080027e-05	0.00010610790576817447257	1.246362938215672698e-05	0.00045998729300795066508
2	-3	6	0.00014421781651229707041	0.00025490488016710442657	-5.5065332493508747794e-05	-0.00013517195606673975783	-7.560527175085339285e-05	-0.00015255427142240468325
2	-3	7	-4.9019757962186680223e-05	-1.1454614085169745554e-06	7.1788627270956164621e-06	1.7043449840892152813e-06	1.7082300586522886272e-05	1.0577082527573708288e-06
2	-3	8	1.7876389288729591575e-05	-7.8895899309012450929e-06	-2.1955054444897737605e-06	5.8966236582633726771e-06	-5.292411863866063954e-06	4.1836313545740758154e-06
2	-2	-8	-8.8668055451503657773e-06	1.8246535487548957185e-05	-1.14527717395020533e-06	3.9155264500346216805e-06	-1.930382092800040006e-06	3.5827522593785842998e-06
2	-2	-7	-1.8468650292442863114e-05	1.5686725197835724117e-05	-8.7880455221285165546e-05	-5.4248882443976231626e-06	1.9831944265383512561e-05	6.0318895549238137505e-06
2	-2	-6	-0.00012409675050830442831	0.00016138105616292483437	5.9949360995823543783e-05	0.00026392861129381019235	-6.1348703834709328547e-05	-3.4182518376961776958e-05
2	-2	-5	0.00051168261321673223253	-0.00071133466140824673767	8.9429592926312432384e-05	-0.00067174709455846445642	0.00016890120811616790922	-1.5835026739912882684e-05
2	-2	-4	-0.0011227658378462016669	0.0014959464711147753974	-0.00057220704029521272851	0.00082316894851927591668	-0.00027527939877549446922	0.00033638876129774974034
2	-2	-3	-0.0002337223959158831767	-0.0052873392874812586914	0.00055260696935621354473	-0.00067540738554477356293	-0.00052421957684806446288	-0.0030746212679576565355
2	-2	-2	-0.0016289589996468581412	0.0017897002591081142761	5.3189088324027462449e-05	-0.0035553425111408587696	-0.0016821480879708856308	0.0053450427702489734794
2	-2	-1	0.0077866736665783481061	0.0077899279813755184856	0.0043014380803328734759	0.010010992337700171453	0.006970471172490948393	-0.0044421287126493068029
2	-2	0	-0.029229964961929807282	-0.012886535951094707508	-0.029229964961929807282	-0.012886535951094707508	-0.0013034025001056866264	0.0055143690934769760276
2	-2	1	0.0053153739677284485635	0.0098626831091344867308	0.0017256273695461636121	0.010503982301765229374	-0.0071794931963645699027	0.0012825983852614824664
2	-2	2	-0.0038588486598920201595	-0.0035432514018571797769	-0.00080424961195347925442	-0.0089462456781642350767	0.0030545990479385410135	-0.0054029942763070548661
2	-2	3	0.002677562948676955653	-0.0026843761836376290111	0.00020996666283208022664	0.0039434023032055192173	-0.0016450641905632504107	0.0044185189912287654856
2	-2	4	0.00078905033979655169775	0.0014083040387832142497	-0.00056138488238727441738	-0.00058932826050867189154	-0.00067521761109191305757	-0.00099881614964594301644
2	-2	5	-0.0010865087031211291633	-6.4146303146183942124e-05	0.00021843484796482914813	0.00034934572735425141032	0.00052197742043438334625	0.00016539681220017414098
2	-2	6	0.00040881467026600948984	-0.0002758168144758359132	-0.00017724377758814878806	-8.5931929544437042861e-05	-0.0001953528159513861107	6.3294961643799632482e-05
2	-2	7	2.1182555060821766263e-05	0.00010391828695638686501	8.0082901082698253908e-05	-9.2878211642133344235e-05	1.6828670291964709788e-05	-5.6227571028148630244e-05
2	-2	8	-1.8143633792554116242e-05	3.0552569782980632277e-05	-3.9013532700932834551e-06	-1.3599207882679919876e-05	3.5605701306152077733e-06	-1.1037944416415137615e-05
2	-1	-8	1.1653306460989455628e-05	7.48966598259697114e-06	-4.1581650934824561608e-06	-4.1614847817303529383e-06	3.4330972519326710329e-06	2.3926020933655366905e-06
2	-1	-7	-7.3127504181387428372e-05	-1.3186272485605212977e-05	-5.6008945043699203737e-05	6.4135234656867377823e-05	-1.289229475986795164e-05	-1.2929682804011115551e-05
2	-1	-6	0.00024399824384938406207	7.0594319113159123991e-05	0.00017955418995029229375	-0.0001141373056191798878	5.1407049624745973992e-05	4.2554323974249689297e-05
2	-1	-5	-0.00045354158286097651098	-0.00044943815959234452309	-0.00014941285358795869647	6.3227897568435953825e-05	-0.00015153406242679888136	-0.00019242084335062498916
2	-1	-4	0.0015048439764786191667	0.00077516468976365022949	0.00027054815510049615244	0.00031708747426253768411	0.00068478494946418557235	0.00030831047631619070727
2	-1	-3	-0.0046663368054479913843	5.0424738796696004343e-05	-0.0026471186932840941493	-0.00069932861317108913589	-0.0022285183058706292507	0.00026672603025482707981
2	-1	-2	0.0057803020309632868051	0.0029380795238640499203	-0.0032166085766370277645	-0.0049711583433201689958	0.0073886063192818004705	0.0054236586955241344182
2	-1	-1	-0.00010326238096561449816	-0.0086726671186550582243	0.0056676790141223067424	0.00043638556983788891501	-0.0058742037760535362537	-0.017781719807148006068
2	-1	0	-0.005474393195276019454	-0.014761919312450778874	-0.010948786390552038908	-0.029523838624901557748	-0.00092026900122559507269	0.021401949330163472923
2	-1	1	0.0098053071903368427265	0.013736963718136133497	0.019701934093695760292	0.01384760272507100376	9.1319713022074079818e-05	-0.013626324711201263234
2	-1	2	-0.0079779505737793167397	-0.0028148237057234589895	-0.016400424720908021031	-0.0058344286236040711693	-0.00022226178667469383013	-0.00010239060607857633771
2	-1	3	0.00066475355249140106843	-0.0039529743920507769833	0.0083145442547976778497	0.0035259278575690208846	0.0023283457166049584264	0.0038106255472235249504
2	-1	4	0.0017943627639265278054	0.00075959331622865863213	-0.0019694522777583805401	0.00018938950127471654511	-0.0013895444514028590377	-0.00033244928279565019334
2	-1	5	-0.00062866354594605887689	0.00049690520478235607107	0.0014586726460884245644	-0.00019871113636064655843	0.00054319994759610842026	-0.00023850430918507175638
2	-1	6	-0.00011183854894645172632	-0.00039173945978509953133	-0.00024926561301094162914	0.00026997813600038471013	-4.2647525196730248992e-06	0.00017557617592843063783
2	-1	7	0.00011132231563478968319	8.6384403486456043538e-05	4.3936843114558177292e-05	-3.2140355355285094919e-05	-2.5529684022145886576e-05	-2.9272737475456740285e-05
2	-1	8	2.2174832187323312304e-05	1.4322757819643049511e-05	-9.4732056462759622076e-06	1.5064759703989715855e-05	-6.7278587526153235638e-06	-1.6975944919120481076e-06
2	0	-8	-2.5177795764497146544e-06	-8.9564259635370516822e-06	-1.3369160235077366829e-05	6.1957035968526239471e-06	-6.2944489411242866359e-07	-2.2391064908842629205e-06
2	0	-7	-2.4089466258545687977e-05	9.534960292809992763e-05	5.9782863765639584824e-05	8.3193886306897151775e-05	-6.8827046452987679934e-06	2.724274369374283695e-05
2	0	-6	-7.2796004810232912974e-05	-0.00025639057248195881418	-0.0002028088871072924234	-7.178729218153421176e-05	-2.4265334936744303195e-05	-8.5463524160652942579e-05
2	0	-5	0.00027010310641863849446	0.00024201973456685729378	8.5016243242740796452e-05	-0.00023954050031465938531	0.00010804124256745539778	9.680789382674290938e-05
2	0	-4	-0.00021925174575910443215	-0.0018416497829819044631	0.001271353443307112396	0.00017319631466053024343	-0.00010962587287955221607	-0.00092082489149095223153
2	0	-3	0.0014634716278065470259	0.0046263498823778262739	-0.0057424238260205262563	0.0050217811647077937459	0.00097564775187103131449	0.0030842332549185511384
2	0	-2	-0.0094766139242024680783	0.0063661191501650235894	-0.012634775166083560966	-0.0037784484785931327956	-0.0094766139242024680783	0.0063661191501650235894
2	0	-1	-0.017438977149121653865	-0.016428789476247540602	0.023806666973920663499	-0.0035364675379360058054	-0.034877954298243307729	-0.032857578952495081204
2	0	0	0	0	-0.017612495126206315077	0.007699652520434197879	0.019005282080078820389	0.013386252833826219402
2	0	1	0.010214411702107663305	0.02141483608568961472	0.0091345278303970895567	-0.026467954826522945705	-0.020428823404215326609	-0.042829672171379229439
2	0	2	-0.0074921905217210284927	-0.022912464999857488912	-0.0084559355534057894371	0.016233478563067251649	0.0074921905217210284927	0.022912464999857488912
2	0	3	-0.0015128056144461156114	0.0014834213354032268518	0.0060067470192276678498	-0.013465820165172176157	0.0010085370762974103353	-0.00098894755693548449561
2	0	4	0.0029654170073920549898	-0.001292683674213892164	9.8967600820630053683e-05	0.0049552175146034375952	-0.0014827085036960274949	0.00064634183710694608199
2	0	5	0.00018515574912975662548	0.00089623406768289128575	7.6397724420036795573e-05	-0.0018987681744495727397	-7.406229965190263935e-05	-0.0003584936270731565143
2	0	6	-0.00040845951642452436002	-0.0004396245980771239085	-1.731377971465714006e-05	0.00071037318402566030761	0.00013615317214150812904	0.0001465415326923746452
2	0	7	3.4337368661773417968e-05	-6.2359623502129528263e-05	-0.00010802432539900664373	-0.0001027867915237518846	-9.8106767605066903641e-06	1.7817035286322724781e-05
2	0	8	-1.1675755509819867281e-05	-1.6750388202994317516e-05	1.8418069727376483149e-05	5.2852751834117091579e-06	2.9189388774549668202e-06	4.1875970507485793789e-06
2	1	-8	1.7423501912398556821e-06	-5.5360357063745644816e-06	4.1288208073999006176e-07	2.3561427825514740951e-05	4.871978079024627378e-07	1.5611695515957014985e-06
2	1	-7	9.7851910057295183633e-05	8.5571809311410051128e-06	6.7652247114229637864e-06	6.7743652962262028956e-06	2.8924149260859046567e-05	3.4126753083583162812e-06
2	1	-6	-0.00029089695956597676771	0.00030259255793803222032	-6.260367859739436685e-06	9.4367535329556141927e-05	-9.800904783194882685e-05	0.00011659210853427008354
2	1	-5	-0.00011213392124634137027	-0.00062062030696292686937	-0.0003182128039000204538	-0.00016539417962075869217	-0.00010849612927854063074	-0.00028132695870932246992
2	1	-4	0.00022175449358118615455	-0.00028759774915640439657	0.00013346358831407947919	0.00018818921631381008196	0.00014424314386911294707	-9.6751570499749691345e-05
2	1	-3	0.0020264999135243917314	0.00040311558898623256692	0.0058145257659710609596	0.0014868778970628521163	0.0032891751976732814741	0.00076436969167843911953
2	1	-2	0.002391257362964206365	0.0016310405771288180934	-0.006765125400846182073	0.0062874914913440540717	-0.00099130533745888467154	0.004774786322800845563
2	1	-1	-0.0020476039582413710707	0.0061838178470100587519	-0.014892726644027017707	-0.0081616605090926303001	-0.018987934560509761583	0.0042059751849274872038
2	1	0	-0.027983959603511101427	0.021046407948292256834	0.055967919207022202854	-0.042092815896584513669	0.026304973463487132945	-0.047132423783558655139
2	1	1	0.0057478447771886409176	-0.010678232173539553562	-0.0074188395637951451075	0.0089820881448226877475	-0.004076849990582137595	0.012374376202256421112
2	1	2	-0.013992082765499758504	-0.0014225264763543367472	0.014191960236347766003	0.0075973631575037160052	0.0068961026473258763697	-0.0023761551023975210385
2	1	3	0.0040896587296999006855	-0.00035151033163450395727	-0.0076775505831724643116	-0.0040668363053936451568	-0.00016725562540911229894	0.0015899523228875510599
2	1	4	-0.0012148472191211752164	-0.0010617829155149653177	0.0026559497502056492353	0.0003593994365539219648	-5.6563827990824714167e-05	0.00044104159861900216763
2	1	5	0.00094344390038790808435	0.00034202846613082477437	-0.0018909317120778458988	-0.00061053170860057316954	8.0878226040594859921e-07	-1.4705044732215272451e-05
2	1	6	-0.00018208184326334679853	3.1317176042455920461e-05	0.00051257212350825363031	-0.00011831603253344614871	-2.473473949692666995e-05	9.28028007475571627e-06
2	1	7	-7.7129284716168135532e-06	-1.1781705021964226414e-05	-0.00012888050833016046186	6.1622056948593641385e-05	2.061519503905629794e-05	-5.4369495578093116831e-06
2	1	8	-2.0959743163637701695e-05	5.4725184455412714254e-06	-2.0720792524707165338e-07	-5.4453749976992217049e-06	5.2658367815653089007e-06	-6.8745773667291514324e-07
2	2	-8	-2.8380734302825841176e-06	2.5812860486959658508e-06	7.7299321630140905892e-06	-2.0626965419966064855e-06	1.2229646831828766179e-06	1.2964737667483992074e-07
2	2	-7	-8.0217229309786566979e-05	-7.2666671192250485993e-05	0.00019672689215551701094	7.2188810132530904827e-05	3.3288475098780131685e-05	-1.3653173134845145915e-07
2	2	-6	0.00031509228912160724143	0.0002759438528703742695	-2.229404229173123731e-05	9.4184262235388858399e-05	9.7599415609958664651e-05	0.00012337603836858770478
2	2	-5	-0.00087371166925326218099	0.00044728132918966429952	0.00015545419497923213393	-0.00014197507490294788003	-0.00028730298970961202967	0.0001221225017146865678
2	2	-4	-0.0002402044498181577848	-0.001412965106172085197	6.1582222142630280355e-05	0.00047098415631401997121	-8.9311113837763758997e-05	-0.00047099047492903258578
2	2	-3	0.004257444468074251219	0.0010920653496261424099	-0.0011249888523140968467	-0.003875329328861930149	0.0020883037438401029148	-0.0018555093194905251594
2	2	-2	-0.0034549681511217614736	0.0031126762568902694578	0.009972996765816978873	0.00060805588832934999877	0.0065180286146952178331	0.0037207321452196193481
2	2	-1	-0.0017489204664398597718	-0.0038468290350275415913	-0.0011253817088489985465	0.007019453592077480944	-0.0057486043505777170703	0.0063452491140998778379
2	2	0	0.0095909971067787459786	0.017887403999450525449	-0.0095909971067787459786	-0.017887403999450525449	-0.016192153971990533995	-0.012306160983689575991
2	2	1	0.0016278898465316618115	-0.0083919985645820229653	-0.0048182338587605105101	0.0063929545889986868004	0.0063806880244576978309	0.0039980879511666731971
2	2	2	-0.004152960500397581689	0.0077281898013873877654	0.0099530604782993564034	-0.0081904163619492872245	-0.0058000999779017747143	0.00046222656056190054331
2	2	3	-0.0018164997887099656754	-0.0035818242778272134375	-0.0041642430266321398338	0.0068002750471683453409	0.0039871618768947368616	-0.0021456338462274211244
2	2	4	-0.0006040788674866143064	0.00090611400477779162517	0.00072687760635420546607	-0.0013701114324159821729	-6.1399369433795539176e-05	0.00023199871381909530099
2	2	5	0.00091426176080916228637	-0.001046285335505226996	-0.00092433204770395183125	0.0012332788187654150375	4.0281147579158387904e-06	-7.4797393304075162398e-05
2	2	6	-0.00022060261640118898814	0.00025666728156403394341	1.9188167277877380582e-06	-0.00055908854509801361298	7.2894599891133753837e-05	0.00010080708784465990341
2	2	7	-0.0001288652767314857697	-6.0337789780647065399e-05	0.00010565607238553780976	8.6373376485564398123e-05	6.6312012416994170041e-06	-7.4387390585478105597e-06
2	2	8	7.5949688227296273011e-06	2.0835609221352082298e-06	1.9137463085810352155e-06	8.3873506559297734416e-06	-2.377178782827665735e-06	-2.6177278945162455237e-06
2	3	-8	3.4915318904004185254e-06	6.7460569042915470832e-06	-6.7024197669974400622e-06	2.7981380344492934361e-06	-1.640524440023935392e-06	2.7358159889913717035e-06
2	3	-7	2.4718017724477033545e-06	3.4617464221535641911e-07	-9.9839367508094127606e-06	-9.0882794096594778136e-08	-3.5726009582189759995e-06	5.9957271734418357688e-08
2	3	-6	7.8729490265136049137e-05	-7.2804947087923551426e-05	0.00014268528454896241601	2.0935534495749518288e-05	9.75858056961932289e-05	-1.3800548448099760822e-05
2	3	-5	0.0001706382605149803851	0.00053433832044545834152	-0.0002346749662173544537	-7.5488005540284695187e-05	-7.2549675524420512759e-05	0.00016844252485401250323
2	3	-4	-0.00087324294457266952389	-0.00022455030355307976355	0.00020901118434103272206	-0.00010295078997296084786	-0.0002798630840305602204	-0.00018948824425626050751
2	3	-3	0.0010410958627129474324	-0.0013424438416713957954	-0.00072242130204227021032	0.00047634127239132582942	-2.8357393566971957093e-05	-0.00041862128872293801612
2	3	-2	0.0012314324139149803849	0.0045944607914061106474	0.0009572491855625519467	-0.0043411374867476275677	0.0026673061922588081965	-0.0019172454387153296199
2	3	-1	-0.0015875367253657356442	-0.0011924137352704862296	0.0012475889076346202353	0.0020416202268691333553	0.00056769327217238952591	0.0037400332100664271731
2	3	0	0.00073033990206159272833	0.0011773162087980917467	-0.00048689326804106185503	-0.0007848774725320611283	-0.0031387257153214888697	0.004105738540606048044
2	3	1	-0.0026374660107463063913	-0.0034892048626444008806	0.0029699496301482165329	0.0042349084565236989539	-0.0036349168689520368163	-0.0057263156442822951003
2	3	2	0.0046639647784114607668	0.0039813976183641370393	-0.0047943328609866718223	-0.005282000228599666343	0.0025275345130685469668	0.0039416027245353637762
2	3	3	-0.0016232194559479492819	-0.0006488499649203783616	0.0010023239824766959783	0.0016225070397883306454	7.9822321488603624256e-05	-0.0011899403965080783321
2	3	4	0.00077387775170587069003	0.00052930689374309277534	-0.00053760988315868050037	-0.0011322152753895549111	1.6268536516075003152e-05	0.00058450800967061974141
2	3	5	-0.00058606636134661365106	-0.00085348814756781464161	0.00050098329314749703769	0.00054997278913024381496	-6.6163431349852764901e-05	1.1411585548979601886e-05
2	3	6	0.00011164161813208552609	0.00025053368932809010061	-0.0002170725122676236225	1.7523458403244563828e-05	7.1322383423116626853e-05	-9.2272958977652319969e-05
2	3	7	-2.6811098609329858534e-06	-3.4419396569884336333e-05	6.747345432560885464e-05	-1.7984887416174089459e-05	-2.8151163322137225765e-05	1.754192219832727826e-05
2	3	8	-3.4954943170228134144e-06	1.5470027530277637737e-05	-7.6867602883096555289e-06	1.4072735463807549734e-05	3.7564086873718241769e-06	-9.144782681497240796e-06
2	4	-8	-2.1920238970245354328e-07	-5.0327498708051208727e-06	-1.177203309124845846e-06	1.0679261564137151034e-05	-6.4340225198803626251e-07	4.0814433143672952989e-06
2	4	-7	-6.6820508701516127784e-06	8.899830288988343956e-06	1.1086923692220044407e-05	8.1642931621464226563e-06	4.42622757551099279e-06	7.2081190323660546818e-06
2	4	-6	1.4382505626145232076e-05	4.563373770268160192e-06	0.00013836994882788651562	-3.855615590108758009e-05	9.70408010939727663e-05	-2.4182979343969001972e-05
2	4	-5	9.4685784243265938234e-06	9.624221826237946086e-05	0.00010767579389512238648	6.8999123451714408162e-05	8.9928066485828544682e-05	9.3696186066323310874e-05
2	4	-4	-0.0004287367429776906924	7.1302018318630794704e-05	-9.1052303656323306915e-05	2.450628053339259967e-05	-0.00030542067514516865311	6.015728969270800041e-05
2	4	-3	0.00029074615437612639536	-0.00050172847874589070021	-3.2953222819021400021e-05	0.00015767161221305007329	0.00014989313915872239688	-0.00012425683621319371145
2	4	-2	0.00042520175424690830794	0.0005425528866605489834	-1.0135784765684121525e-05	-0.00030366999993152653204	0.00040493018471554002424	-6.4787113202504175553e-05
2	4	-1	-0.00034695537619471445963	-0.001002712057572030047	5.7974122375507470824e-05	0.00058460600347699884661	-0.00046201426288739898176	0.00033299989876393518411
2	4	0	0.0026581823859622970979	0.0011553478088740616256	-0.001329091192981148549	-0.00057767390443703081279	0.0016576621920252802931	-0.00029748606251715580375
2	4	1	-0.0021562197494297179537	1.7973577934835353165e-05	0.0012914637304789634148	-3.3547220207562778588e-05	-0.00085341542305641829389	9.8241724960580414797e-05
2	4	2	0.0013240463529886751289	-0.00059238631138545927695	-0.00094409400464577403114	0.00019145208919871389494	0.00056414165630287293335	0.00020948213298803151417
2	4	3	-0.00063147918597534190028	0.00052400281171485502824	0.00071454964110918329796	1.8132541756402171976e-05	-0.0005317467308286832027	-0.00037351193015177291479
2	4	4	0.00061027785667542775155	-0.00037366877873659567599	-0.00064464267967227859447	0.00014158655591039082285	0.00033950375133456471869	4.52478334579070287e-05
2	4	5	-0.00021524883603773968511	5.3564923274349440644e-05	8.3000121329252049725e-05	-0.00025439853425147305717	1.9699437351694236973e-05	0.00018209285809143866135
2	4	6	0.00014844217424034495713	-1.7756857052221937707e-05	1.6043809733696765988e-05	0.00015601525490803406907	-6.0176597902579498627e-05	-9.8091217587948736868e-05
2	4	7	1.9070739964761463905e-05	-7.6029304836104484054e-06	9.2488065448204330313e-06	2.9474689837127464403e-06	-1.0733815158400666673e-05	4.8799786176713010458e-07
2	4	8	2.3584637506371175552e-05	-6.9214146238314475455e-09	1.3772880110543989909e-05	2.0647833603924306003e-05	-1.2782599431864788842e-05	-1.0322186448306194792e-05
2	5	-8	-1.2872726457119912924e-05	1.2101277221346113685e-06	1.043762439884098811e-05	8.9383119112022004708e-06	3.3053336349956387025e-06	5.8889768750350281364e-06
2	5	-7	8.0402760420720935532e-06	1.2928121211641615083e-06	-9.2555359428950223239e-06	3.3709423149044388695e-07	-4.3138753757615610077e-06	6.1015648568293462079e-07
2	5	-6	-8.4121926081425717187e-06	2.0284733083105429123e-06	5.0830918110917579428e-06	3.8275290102025359319e-06	1.4318456398622745206e-06	3.8657652779389610552e-06
2	5	-5	1.4675395640391388925e-05	2.1820617050789046495e-06	1.5910456498454345005e-05	5.7102359174756786835e-05	2.1780614754610903286e-05	5.7975183856788348017e-05
2	5	-4	-6.1963587762376763049e-05	3.532014706275404467e-05	2.5466542707945586131e-05	7.0561082940134067288e-05	8.5138450374360082147e-07	0.00010586142720654460306
2	5	-3	5.4017867772343844922e-06	-0.00053754422219405443087	-4.0416048045968334327e-05	2.9270892462813550113e-05	-6.3758888891790965292e-05	-0.00030957799402468039185
2	5	-2	0.00060453011565008395178	0.0003758109431163186246	-3.8198965316673488249e-05	-0.00010250150207837627019	0.00050903270235840025488	0.00011955718792037792881
2	5	-1	-0.0010366144945609583137	-6.7903593895677784157e-05	0.00035198298357938100642	6.1001999616714694234e-05	-0.00031331407122501164948	0.00016920281029221789608
2	5	0	0.0012567244754468436495	-0.00052426403630022918711	-0.00050268979017873750316	0.00020970561452009165858	2.843489746334887177e-05	-0.00050551662338640436251
2	5	1	-0.00062926216867017841731	0.0010406267705897922875	0.00019909419776183845526	-0.00050446851574939934656	0.00026305334853116466671	0.00044108903756741221205
2	5	2	7.7310165027735241539e-05	-0.00066377485162040104818	-0.00013192421554515949941	0.00024918324310798306087	0.00025250037383516352055	4.0816743850443314677e-05
2	5	3	-0.00016732803249036831391	0.00039213345440952028726	0.00014196661197643305977	-0.00019867179169575678588	-0.00012505899830047624175	6.9697349886581113775e-05
2	5	4	5.8135114231335773775e-05	-0.00017942333334405909519	9.299973573049919698e-05	8.7041440291086069939e-05	-0.00014531722677879187634	-1.9090133691828026279e-05
2	5	5	-5.3069112560234844617e-05	0.00010871825842906104019	-9.2130364844431305443e-05	-7.3776584255785888542e-05	0.00011335800986852524871	3.0289280884161467723e-05
2	5	6	1.5217716767757899195e-05	-3.933111749741516523e-05	2.2220326054726858829e-05	1.7485950542291104379e-05	-2.3589510634858348756e-05	-1.4612529527708640389e-06
2	5	7	-7.7931872326343696981e-06	2.2345771200956282543e-05	-1.4938267059670915128e-05	-8.3093962415608478668e-07	1.289681568051761595e-05	-5.7909777544474490689e-06
2	5	8	5.5996933822653524102e-06	-4.4813935214270614869e-05	3.2028571090576364643e-05	-1.3974617159630268838e-05	-2.1417780277176565369e-05	1.99376195283365728e-05
2	6	-8	-4.1368043966142388558e-06	1.4016709154558873132e-05	9.9316955338728301001e-06	-2.1031145790104772458e-06	6.4145705512510630729e-06	1.9268413543818604544e-06
2	6	-7	-4.8952036365417133645e-06	-1.524995308335545299e-05	-4.2758038165352622195e-06	1.4783961297421641072e-05	-5.0636043103278566654e-06	8.314837373974134834e-06
2	6	-6	6.8420554309297529108e-06	6.414517045851451974e-06	-4.6203996234519198805e-06	-7.1819188432577492305e-06	-2.3397144798086690514e-06	-5.0437464946405991372e-06
2	6	-5	2.8965296335056841249e-06	-3.5884457586581437458e-06	-7.0687010173964115886e-07	6.2803993671198364969e-06	3.1036773131470420638e-07	6.101100937080547145e-06
2	6	-4	-2.0405673362857469101e-05	7.1321563344235684376e-05	4.5435634045305016275e-05	5.4336190941077927043e-05	5.7950614386528786473e-05	0.00011716506808373474292
2	6	-3	-0.00011499366724384059858	-9.0268561542986128942e-06	2.9795494741637647133e-05	-2.2017550395714913233e-06	-1.70714553459517771e-05	-1.0421414182008723447e-05
2	6	-2	0.00030560496365193283745	-0.00022051013584945705105	-8.2393089576544053577e-05	5.9355612909523857519e-05	5.8425694922300663164e-05	-4.2443297120885464942e-05
2	6	-1	-0.0001584515331558809532	0.00042159242624413632546	4.8723413005186908551e-05	-0.00014885513017510291242	-2.4562588280640472042e-05	-4.9945928562344843926e-05
2	6	0	-9.7910889153815804141e-05	-0.00068044276975212311404	3.2636963051271939231e-05	0.00022681425658404102898	0.00015641642662060219562	5.6357896438272546825e-05
2	6	1	6.6323388094224124427e-05	0.00044831578112652172062	-2.9473660997428786126e-05	-0.00013282941388269596311	4.4195189796124461127e-05	-9.9655078956867703256e-05
2	6	2	-8.0167799991188629745e-05	-0.00029321329720864415611	9.8701944317045812571e-06	6.0928141334514089394e-05	5.0557216696074885973e-05	0.00011042887320510190148
2	6	3	3.7051837566972946087e-05	0.00013573469959607726188	-3.3324366456896024575e-06	8.9781786198598302552e-06	-1.8036351753269423833e-05	-0.00010844615697043783961
2	6	4	3.8962897332787567168e-05	-0.0001233350961186298984	1.3494512524708405249e-05	-5.4417136334571268e-05	-3.9723217453456390611e-05	0.00014329325256117185798
2	6	5	1.7569821976057769337e-05	1.935337822971442716e-05	-1.822384616918922969e-05	6.7368528750711906611e-06	1.4840686612603965183e-05	-1.5825574741971200674e-05
2	6	6	-1.1155145193078880864e-05	-1.2503411994126503205e-05	5.2422233016938149606e-06	-1.3393746292147180424e-05	-1.5238415706675216216e-06	1.7561550290189348723e-05
2	6	7	2.9877558237686371179e-05	2.7224496021830223413e-05	-3.685066042688344122e-07	2.2336154447791437249e-05	-8.2205824071085336523e-06	-2.6923702675772724332e-05
2	6	8	-3.7467716352199759622e-05	-1.4611948470436140316e-05	-2.6108699560572671876e-06	-2.6945873024908367646e-05	1.132508155509289019e-05	2.3862391886290311237e-05
2	7	-8	4.0009859922649945832e-06	3.794167590064790807e-06	9.7617417546665998054e-07	-1.5821960013881923068e-06	1.8543989015995762082e-06	-4.3587960369847056671e-07
2	7	-7	-1.8043163730267804535e-05	-5.5552940753607054754e-08	8.0898728096696720608e-06	6.333089189510434802e-06	2.9346831724502992153e-06	6.3172169207236903603e-06
2	7	-6	1.7474373579926392221e-05	-1.2966215802117972192e-05	-1.2622109503423878249e-05	2.2385197014510662571e-06	-8.9010032273523944485e-06	-1.7104656156797471874e-06
2	7	-5	-5.3624711898791595303e-06	8.9155775637190850798e-06	5.9851289706031106879e-06	-4.2373465179232042249e-06	6.2341920828926908121e-06	-2.3660540996048515442e-06
2	7	-4	5.2135008283731512302e-06	1.4780763107999809005e-05	-2.256719151980752389e-06	-8.5846022884657603133e-06	-1.3425081017797409597e-06	-7.6326724508151756222e-06
2	7	-3	6.1271869710013086988e-07	6.8857169178001524786e-06	1.44467116601296503e-06	-2.1464172111339444633e-06	3.7793785187636721754e-06	-4.1782888077910248341e-07
2	7	-2	8.469901707917213893e-05	-0.00015681607633117016897	1.1082309465541718754e-05	1.5443563345917567237e-05	0.00012348710020856814695	-0.00010276360462045869889
2	7	-1	9.627410074098343329e-05	4.3689230302317555281e-05	-2.4808255891070140584e-05	-1.4188386809470020569e-05	1.8890410244475896046e-05	-1.1940247061655033425e-05
2	7	0	-4.6150052052549496331e-05	-8.0057304165574518537e-05	1.318572915787128394e-05	2.2873515475878435804e-05	2.1072218144177757687e-05	5.8911700163933774491e-06
2	7	1	8.3776027718575324767e-05	8.1548534215437158343e-05	-1.9753587645994553934e-05	-2.3680286904483542333e-05	-2.9276941915188782164e-05	2.6649399005104940457e-06
2	7	2	-9.651212609941372091e-05	-5.3800253406462100823e-05	-1.2324741053738619165e-05	3.8386911480368889795e-06	0.00013964871978749889307	4.0364834388332991512e-05
2	7	3	3.0471502031292398984e-05	2.3882218574328601828e-05	-3.0055152275377940622e-06	-2.7896971713107583435e-06	-1.3301465823273412754e-05	-9.4121856498272989816e-06
2	7	4	-1.880967227085721098e-06	4.234589417030788925e-06	1.3349144707133063248e-05	-1.1408046301732917292e-06	-2.2420519623939998654e-05	-1.2088660571213406875e-07
2	7	5	1.3682476738246470468e-05	4.7000650303401410052e-06	5.4497370192746887884e-06	6.0555480018095659658e-06	-1.3102622522283151983e-05	-1.0357793214669448585e-05
2	7	6	-3.5195474494441809411e-05	4.3128341363055796049e-06	-1.422940803389402496e-05	-7.7544318015997580721e-06	2.8332800871023631692e-05	7.6092257230978578824e-06
2	7	7	3.4199066864928486333e-05	-2.1446344789871428895e-05	1.8870027753816942046e-05	7.5625144492902580926e-06	-2.864118971522508245e-05	-1.4349873664698501697e-06
2	7	8	-9.5001040797798649032e-06	8.7799387148676650124e-06	-5.3850852750526367058e-06	-7.2289669053873524699e-07	7.0869756356160232375e-06	-1.5624500744955227664e-06
2	8	-8	2.6813134050877236916e-06	-1.3389064664349392504e-07	-2.5519207579760021741e-07	-9.7397968717085334141e-07	4.1513627547433070549e-07	-1.0074523488317268822e-06
2	8	-7	-3.1649816006712239958e-06	4.6131665124583784521e-06	1.4712625070748258802e-06	-1.4747505183157310217e-07	7.7716240789373712815e-07	1.1495046586091673805e-06
2	8	-6	-4.4302786550976391104e-06	-1.7262042954776547765e-05	-3.3757614686675969839e-06	7.1605061173217543025e-06	-5.9777748432560090153e-06	3.7933271715034896737e-06
2	8	-5	1.8339697548551880859e-05	1.3326536840142492148e-05	-4.9249571029854210768e-06	-9.0836968505083995112e-06	-5.4405234535592222634e-07	-9.203300224756444053e-06
2	8	-4	-1.1449107739135604481e-05	-1.8275145929320448453e-06	5.8902262391762158335e-06	2.5773641762271583013e-06	6.0558986087846294264e-06	4.2409710559882937564e-06
2	8	-3	5.6172325700658826125e-06	2.5910589009389051539e-06	-3.7627906573314021575e-06	-8.281948346077556346e-07	-6.289286706173150396e-06	-4.811469583280780093e-07
2	8	-2	2.1000631344356247162e-06	-1.2387336589179642586e-05	-1.3752529262036782928e-06	4.4771733067788955357e-06	-3.4009485703790888785e-06	5.5213566379359404039e-06
2	8	-1	7.3632889485494432892e-08	3.5427911806019439316e-06	1.1654537906798241774e-06	-2.1334021627109471383e-06	9.470896104409582444e-06	-9.9816349404836909371e-06
2	8	0	5.3807533490688013917e-06	-9.6580740613811899656e-06	-1.3451883372672003479e-06	2.4145185153452974914e-06	1.4703297895028041443e-06	9.7871132840613524786e-06
2	8	1	-9.8795763841921715732e-06	3.4280193831959150668e-06	7.2414373813857769205e-07	2.8152313843586938709e-07	1.3966002863275720763e-05	-9.1082238738787856539e-06
2	8	2	-7.5656143420010543135e-06	2.137541564846323422e-06	4.0502514131745817868e-06	-5.0362032018142318312e-06	-8.6353913106972728336e-06	1.8007271242410604326e-05
2	8	3	8.8125733315146386349e-06	2.5368030578155660734e-06	1.7633949805052906513e-06	-8.7372768087853730964e-07	-1.0577435502357201391e-05	6.387384437990553376e-07
2	8	4	-1.397561707820234768e-05	3.91274245053643557e-06	-5.3081078097515341143e-06	4.8404349474006602344e-06	1.7604024158604241222e-05	-1.1637241120069539101e-05
2	8	5	1.6911055351855072237e-05	-1.706681414794670033e-05	7.7762545238383778349e-06	-1.0157000173638414668e-05	-1.9206429378883436819e-05	2.3077925937000144955e-05
2	8	6	-3.8855805069643935165e-06	3.1836015047879268319e-05	-8.6932654735080171801e-06	1.0114245035684327732e-05	1.2886214133665487412e-05	-2.4097665063538860878e-05
2	8	7	-2.7624197837661424552e-06	-1.1830421444538266273e-05	2.9120903581579754568e-06	-2.8168393986761981044e-06	-2.5388404711045027987e-06	6.5993654397837311755e-06
2	8	8	2.9953301047946772867e-06	4.4670623952296637042e-06	-5.6492186395433771523e-07	2.2298223853143394463e-06	-1.8391066224433160646e-07	-3.3465879841217553724e-06
3	-8	-8	1.1777752684295846599e-06	-4.9473554765725130753e-06	-2.7173816128875107679e-06	-7.6996602839221770266e-07	3.1590473385486047506e-06	-1.0852922753224748065e-06
3	-8	-7	8.5256683640630505631e-07	2.502229930304052526e-06	2.0176840833476241614e-06	5.487561371467376199e-07	-1.9405388796517253553e-06	4.4523438481975101361e-07
3	-8	-6	-2.3127832998238337642e-06	-7.4864807080423831207e-06	-4.2002668479500109326e-06	9.1831992885949093292e-07	4.4439641473547651377e-06	-4.96766692583384642e-06
3	-8	-5	3.1849947158559873477e-06	6.1829111245364960927e-06	3.1115500148837070757e-06	-1.8498115357377814481e-06	-3.0674831943003389126e-06	6.6694451319023479726e-06
3	-8	-4	-2.8968827645091874022e-06	-2.8425649645513524513e-06	-1.261579580467818583e-06	1.1036787722004706619e-06	3.5049708755374693204e-07	-4.3392812678144560858e-06
3	-8	-3	4.2059227631363497806e-06	3.3747613020894791677e-06	3.7359480379386139032e-06	4.1626921697317369869e-07	-5.7566053380332872947e-06	2.2647100568276826378e-06
3	-8	-2	-9.0786963925740778912e-06	-3.3458397810583254196e-06	-5.4666189020103622353e-06	-7.3318232963409943504e-08	8.2484310191803312574e-06	-4.7254867397338483554e-06
3	-8	-1	7.2680198052856740065e-06	-3.3756414923797287643e-07	4.1818751880510353534e-06	-1.2605700259247821568e-06	-1.1650942088551262502e-05	9.0718677596843382016e-06
3	-8	0	-3.5546372406094264535e-06	4.8725018990283863456e-06	-1.3329889652285350789e-06	1.8271882121356449855e-06	2.8516959032183441427e-06	-1.0780709436829066423e-05
3	-8	1	1.3099535759634500011e-05	-2.3679270237319797234e-06	4.5430746651173314977e-06	7.6614891284704968816e-08	-2.9540099579648527115e-06	7.7167002014735781797e-06
3	-8	2	-1.5296350633039788267e-05	1.1957213979187390415e-05	-4.0890505849952135778e-06	1.2767672676177065617e-06	6.5883236095788289365e-06	-1.2828751898310257682e-05
3	-8	3	1.1493423191403620405e-05	-1.7991587710957981905e-05	1.9795216071416925047e-06	-2.1434881032361655303e-06	-6.2146989056924415215e-06	1.2275619435661540491e-05
3	-8	4	-7.4655924034644110239e-06	2.1147081179293680678e-05	-2.1317304415284435827e-06	-4.5950655388295480553e-06	1.3357334195414206789e-06	-2.5050441962129354925e-05
3	-8	5	4.0424418548984944683e-06	-2.7303183867332037537e-05	6.7945859642571156207e-06	3.9765210002171139298e-06	8.4458724298722886509e-06	2.2744343920746605488e-05
3	-8	6	5.9125255945751345471e-06	1.9909924962222481964e-05	-7.7368424350201874077e-06	9.0009351840751957968e-07	-1.3272052710647816868e-05	-8.754837789901214452e-06
3	-8	7	-4.2687365387132564568e-06	-3.9972108258863084013e-06	3.0490278389111121794e-06	-1.9173290984495395896e-06	5.3140617610612381151e-06	-4.7814290141962722289e-07
3	-8	8	7.3390445030796148775e-06	2.7329111827826777444e-06	-1.3858416833865572937e-06	2.0174920223903875572e-06	-4.1379833720414125551e-06	9.9265032884688372067e-07
3	-7	-8	-2.806240827600082923e-06	5.8800371783683438742e-08	-1.7331081979865646418e-06	1.3070439741850830509e-06	4.6412936288821291253e-07	-1.1216133379930664875e-06
3	-7	-7	1.1801962210624246941e-05	-9.3800120622140582535e-07	2.4452385219645695476e-06	-3.7036007573643619064e-06	2.6127452825886791415e-06	3.3016002404123308686e-06
3	-7	-6	-1.3274286784761610129e-05	1.5444780886051058548e-06	-1.5394981012571178386e-07	5.182399341748859257e-07	-6.4575352805674744646e-06	1.6762578776518591701e-07
3	-7	-5	3.030207522488286315e-06	9.4420746577039846029e-08	6.7835661467984833051e-07	1.1217629102209946302e-06	8.6842525294118397805e-07	-1.5138156263631687123e-06
3	-7	-4	2.2008282195528776144e-06	-7.26894861094681287e-08	9.5836040669337032181e-07	4.0201205128564245636e-06	-2.6509547048739915262e-08	-7.0897280120808446751e-06
3	-7	-3	-1.0709302006520484779e-05	-2.013100011970359231e-06	-8.477440880867933052e-06	-5.0207935731354445312e-06	9.0713933821713607029e-06	9.7020849920123442516e-06
3	-7	-2	-3.3749511074534828792e-06	1.3351577768055141024e-05	4.1147511951686511055e-06	8.0935382550304602121e-06	-1.9464055844270500859e-05	-8.3000172405238992066e-06
3	-7	-1	4.4733050668968729266e-05	-8.7600840297569890409e-05	1.3682001352684783224e-05	-3.8606217633492149544e-05	3.8425142538112713698e-05	7.4410025417353899799e-06
3	-7	0	-3.6572437091988493224e-05	9.226499897665410739e-05	-1.5673901610852211382e-05	3.9542142418566044088e-05	-4.171892440182475636e-05	-6.6493293840317910606e-05
3	-7	1	3.1149612317044788126e-05	-0.00010143099564302625933	1.901991044658873765e-05	-3.3403376860772648774e-05	3.9690536174986782228e-05	7.0469348903670216253e-05
3	-7	2	-6.7287057897562667851e-07	4.6416702961656960285e-05	-4.3708042585246256617e-06	8.8422403275473790348e-06	-1.4288509036372748528e-05	-3.8677213296069611265e-05
3	-7	3	-2.1481574353433489341e-05	-5.1318303201187282026e-06	-2.9103272196186737764e-07	-3.8788609598612044214e-06	2.0802498002189130221e-05	-3.91884525289074991e-06
3	-7	4	9.3340162563342176115e-06	1.1076217402731136137e-05	7.452119726990426269e-07	5.3097293239839904715e-06	-5.6963912400273386115e-06	9.8486326492363079912e-07
3	-7	5	-1.6574292874216870136e-05	-1.5914085611406514218e-05	3.6151753471649437441e-06	-3.8965176353706798329e-06	1.5005821210561044171e-05	4.0933266773249569339e-06
3	-7	6	3.5167401721877419808e-05	1.4877511640080522495e-05	-8.4312288018301562701e-06	1.4512543274098218158e-05	-2.7420134463073889678e-05	9.4925446664076585247e-06
3	-7	7	-2.7589874486346440595e-05	2.4736536516359517354e-06	-2.4900334677181626483e-06	-1.421815930584791869e-05	9.3341984550017410084e-06	-1.5278296585120468103e-05
3	-7	8	5.2196672886749117252e-06	-3.3110392094955862426e-06	2.7943490543722518568e-06	4.0616961949819000398e-06	4.8768018932262842483e-07	4.7956238741700074287e-06
3	-6	-8	-1.2558811891122286546e-06	1.0460899180659151794e-05	-1.0956254036287752924e-06	1.976658801634912615e-06	3.5076360680449580326e-07	2.4403430915209975672e-06
3	-6	-7	-1.1508683923626560695e-06	-1.3507896719635406363e-05	2.974035248234781216e-06	-1.6735800310133480098e-06	-3.0424023809280936132e-06	-4.3546014246894474111e-06
3	-6	-6	-1.4719085042049728436e-06	1.3124045638519493991e-06	-3.9835408811590461266e-06	3.7055159322728173123e-08	3.2475866290565599165e-06	6.1914712260324646025e-07
3	-6	-5	2.6639577198204251356e-05	1.0516627971708644026e-05	1.6529960190098824956e-06	1.8360849301605581167e-06	1.4000151096110691819e-05	4.1066748668325165912e-06
3	-6	-4	3.1133038557706528722e-05	5.1321639762626830711e-06	-3.9731835584020664187e-06	-5.7143083281295075296e-07	2.9309554255882994052e-05	4.7062692314164386974e-06
3	-6	-3	8.7354748349806284942e-07	-3.3834551821731262227e-05	1.1534026097610837949e-05	-2.5160225623609184809e-05	-2.2194504711723614848e-05	1.6485899425487100616e-05
3	-6	-2	-1.9425570313294963318e-05	7.5238543573268346922e-05	-1.6437301911521453804e-05	4.1193307903585491556e-05	2.0173550264621921516e-05	-1.0722108350853957673e-05
3	-6	-1	-4.7461127327206766708e-05	-0.00017914551419130503329	-2.9738299574982183713e-05	-9.2725970070846869936e-05	3.6046415468272802152e-05	1.8919277851166133313e-05
3	-6	0	0.00011608803530831150849	0.00018224807428275372942	5.8044017654155754247e-05	9.1124037141376864712e-05	-9.3430298496066085728e-05	-5.1879301072060636003e-05
3	-6	1	-0.00013508035572186110717	-0.00017397851477753614323	-3.9186011659798019148e-05	-8.3531758002701700198e-05	0.00017012499720679520663	2.0744996316398255608e-05
3	-6	2	0.0001263118420272721712	0.00015021596434597854356	1.3060375436904413259e-05	7.9919353633284905361e-05	-0.00015028663673019500855	1.443411438088691091e-05
3	-6	3	-8.3605820654881395169e-05	-6.9652179021714664942e-05	-8.4485400437022226832e-06	-2.2832906431870206597e-05	6.6708740567476943026e-05	2.3986366157974244972e-05
3	-6	4	5.1516369463859354037e-05	1.3190285168681162013e-05	-2.74393077390119036e-06	-3.180162441828051869e-06	-4.2753173258746300645e-05	-1.466295753925294889e-05
3	-6	5	1.8881401548896551633e-05	2.955047937371392834e-05	-1.3511207491641867679e-05	5.0239976850195567815e-06	-2.7542289919308173549e-05	-1.1701490402204888189e-05
3	-6	6	1.5751454541051308213e-05	-1.3895713342662471362e-05	5.2453990412174875821e-06	4.7284483210835053418e-06	-2.6303282293081665247e-06	1.1676304992414741023e-05
3	-6	7	-2.3421063421317312386e-05	3.7796518931208586834e-05	-1.913806643685353519e-05	-1.0176618411754236339e-05	-6.3664583367384674698e-06	-2.4921323894878739307e-05
3	-6	8	2.0029806787060639314e-06	-2.5368789181599388184e-05	1.4752400957285116763e-05	-4.0464278974676695468e-06	1.0313182963449062909e-05	6.4784750199990186206e-06
3	-5	-8	1.014325696612527607e-05	-1.6245270598998321913e-06	-1.5660507411867733709e-06	9.9062278024808851347e-06	4.7825030755387118832e-06	-6.8005900240129909162e-06
3	-5	-7	-1.1305821341877152215e-06	-1.2827121777880475169e-06	1.2531005845409926561e-06	-7.6367223471962176616e-06	-1.3796070464668727367e-06	4.9050678860881342309e-06
3	-5	-6	3.16704099505403358e-06	-7.1749130232718298441e-06	7.5428491539255570499e-06	-2.0793439624227653231e-06	-4.7021871307442803987e-06	-1.854669876283610345e-06
3	-5	-5	2.9726873532799123978e-05	1.0910114532125026021e-05	1.2853144375209279345e-05	-3.8953191092028117569e-05	4.982979744470194534e-06	4.549925981130313352e-05
3	-5	-4	-3.9015716426973469475e-05	7.6569905991862835634e-05	-2.2160216157988123312e-05	0.00011202158914133264619	-1.5615171227449488127e-06	-8.2599556932768687786e-05
3	-5	-3	-7.0869306145413424759e-05	-0.00020134481919757560775	-4.9170075530754968449e-05	-0.00015712063544867077417	1.1080819739178193276e-05	6.0522906550209020393e-05
3	-5	-2	0.00030808203124020437516	9.4232899815284594785e-05	0.00018506225468779914146	6.2816752871942133085e-05	-5.3258985919133653509e-07	-1.5692532456928433759e-05
3	-5	-1	-0.00024196150788550926632	-0.00012112694092440447733	-0.00014471078501716700911	-6.1673699062531932226e-05	-2.3305985706926957873e-06	-5.5012327460553757321e-05
3	-5	0	3.733090048743529962e-05	0.00033254141178705161428	2.239854029246118316e-05	0.00019952484707223095773	-2.9643823937923443528e-05	0.00012170775725718766599
3	-5	1	-0.00016009996789391231606	-0.00042817951574507522212	-5.8421801503221399484e-05	-0.00025240156563088509117	0.00018819089616562995754	2.2530719080800190211e-05
3	-5	2	0.00050218678164678349184	0.00027396724733219537506	0.00014718664025057079142	0.00022026462480374581383	-0.00038531357184374838117	0.000139710691011071472
3	-5	3	-0.00039665884860351448065	-2.2532160076797985971e-06	-0.00010221780033890941783	-9.7124141616818465109e-05	0.00022629584803866544191	-0.0001596203533536843318
3	-5	4	0.00015086319379868144371	-4.7888633978340995406e-05	2.3431400751631003654e-05	5.2315489271790220442e-05	-8.3858144409472345159e-05	0.00010131083707349351872
3	-5	5	-2.5939747152319268694e-05	6.2007741200290520073e-05	-5.5294464462563288547e-05	-6.2462941526474161915e-05	-3.9730616171171730718e-05	-9.9667586246648468538e-05
3	-5	6	-3.6794744252218685549e-05	-6.5299408767372331123e-07	3.9391636798634284098e-07	-1.4709148847546781971e-05	1.8725635766097961323e-05	-1.1931126995785457659e-05
3	-5	7	1.4989768328718440984e-05	2.0559053936557464569e-05	-8.1746870817010416232e-06	6.0365534860127156378e-06	-1.2263248627808648021e-05	-4.4991991970869737663e-06
3	-5	8	-3.9206689667368797402e-05	-2.3512053965253978949e-05	8.4167542082169678562e-06	-1.970859148461383598e-05	1.9962980005398903724e-05	-3.5008494409134041113e-06
3	-4	-8	-2.9252139593867657138e-06	-9.8318827861100556984e-06	1.289051595276583121e-05	7.4838308143441405936e-06	-7.5422132111529531181e-06	-7.4288714519633416072e-06
3	-4	-7	-3.7399589553396924595e-06	-4.414884929215816938e-06	-6.4220441305541233214e-06	5.5941957132995559139e-07	2.0668999508853451901e-06	-2.2117618675667531299e-06
3	-4	-6	-1.4346611042764419522e-07	-2.3642572038473093327e-06	3.5675583751937399793e-05	2.649032758598915818e-06	-2.385545555650542271e-05	-2.948150440989598545e-06
3	-4	-5	-5.8042227438047051325e-05	-7.1174653856696359412e-05	-0.00011205558203562688581	-1.9893441211070724364e-05	5.4819129165673272433e-05	-2.6790039345161232768e-05
3	-4	-4	0.00027934506629714660848	0.00015308680828650018143	0.00027101004963075926886	4.1556074215528491242e-05	-6.1501249907899326053e-05	7.3259031999346638057e-05
3	-4	-3	-0.00056914151885165576317	-1.6284173619724762893e-05	-0.00039433281166355109958	0.00010928374214997358706	-4.3364436633587643958e-05	-0.00016199582981968953547
3	-4	-2	0.00042073287788983645139	5.1753976302161636895e-05	0.00027317112244239444372	-1.8354075763213889815e-05	8.4757071949965735432e-05	0.00011433911597967023497
3	-4	-1	-9.0298334847605936674e-05	-0.00040359994687173209992	3.8314749998645998574e-05	-0.00034566803853904731758	-0.00042415400453740180432	0.00017187231354099299766
3	-4	0	9.9558798417718832072e-05	0.00056708260159951640825	7.4669098813289134218e-05	0.0004253119511996373333	0.00025096034703236437535	-0.00023951161360459319294
3	-4	1	-0.00039655971208608383318	-0.0003749941801867020608	-0.00025025586684934529721	-0.00033048612013850662585	0.00018865566886087028358	-0.00019696193999392023967
3	-4	2	0.0010148309787998419443	-0.0003161692978661376132	0.00061193336684304438285	0.00020043808863704797225	-0.00029837973451367420493	0.00087513012407330231009
3	-4	3	-0.00072546668197123254703	0.00083557416223838055971	-0.00047938676182695806561	-6.9846855666211993133e-05	8.6284332868621747706e-05	-0.00092870330312666321722
3	-4	4	0.00011788217256572907483	-0.00053969651798900031628	0.00021167465862682689824	-9.3590987995088943045e-06	0.0001232630292025300989	0.00039541328969224139034
3	-4	5	7.6145574613069742158e-05	0.00019964076688488660051	-7.8065712568067761987e-05	-3.8141173378812703323e-05	-0.00010813991482229604404	-0.00015029739883398211754
3	-4	6	-4.4592752930500556151e-05	-7.2524493611609444177e-05	6.7049415561326260209e-07	-1.9822643136619827735e-05	2.2743372568992450955e-05	2.3047151381391506986e-05
3	-4	7	2.0226266607368280922e-06	-1.2396898956817096975e-05	2.8216691494936192734e-06	1.4326164603959682586e-06	7.4554237368057029656e-07	6.1315946731478804444e-06
3	-4	8	-3.7532505865794327802e-05	3.3748455962583068495e-05	-1.2661524100290687725e-05	-1.4458394249972237255e-05	7.7439276495275299102e-06	-1.9884868110954769313e-05
3	-3	-8	3.1961574510959412172e-06	-2.6602442760482788168e-06	3.7793133182090365052e-06	-8.7909919876002075805e-06	-2.1868345016741065359e-07	2.2990303918319732864e-06
3	-3	-7	7.0627611816653101391e-07	7.9201702182314866511e-06	6.4534499271000577458e-06	1.0436369199370102906e-05	-2.4630744895429399372e-06	-1.0783709919165500354e-06
3	-3	-6	3.1953200719701470203e-05	-5.3268331162542401503e-05	-1.1197208066891162895e-06	-4.5006473293788068165e-05	1.653646076319529367e-05	-4.130928934377164975e-06
3	-3	-5	-0.00011283532168866740287	0.00019560113462897471613	8.4822241714669959297e-06	0.00023947958341470325524	-7.2790527516080634875e-05	-2.6327069271437118043e-05
3	-3	-4	0.00033473003419234084168	-0.00052425859334397724356	3.4040417390357247996e-05	-0.00053718430586048462969	0.00022551721260148768679	9.6942843873805565399e-06
3	-3	-3	-3.5914490645777223503e-05	0.00059217036555831543358	0.00010615819184801850552	0.00045492888353683744824	-0.00014207268249379572224	0.00013724148202147801244
3	-3	-2	0.00042480584528837726701	-0.00064798906695481676456	0.00042715670319556589161	-0.00032712322889947377568	-3.5262868607829030219e-06	-0.000481298757083014402
3	-3	-1	-0.002294045998499306873	-0.00043908394219543635988	-0.0022127872418065295743	-0.0011141687043302740245	-0.0002437762700783314355	0.0020252542864045127227
3	-3	0	0.0023925581148922015796	-0.00027865293464527019678	0.0023925581148922015796	-0.00027865293464527019678	0.00018574269461418414892	-0.0022569590359783320808
3	-3	1	-0.0014305825339490142473	0.0002195306396763553494	-0.0014902055573571203976	-8.9208444892957736963e-05	-0.00017886907022431901997	-0.00092621725370793921844
3	-3	2	0.00021031210429110416956	-0.0013284416907030963638	0.00074696807969058028748	-0.00044097048883676533875	0.00080498396309921409555	0.0013312068027994967273
3	-3	3	0.00095120900762339871768	0.0011792348659647039488	-0.00046919149884121463378	0.00046197783170346095596	-0.0014204005064646133515	-0.00071725703426124304708
3	-3	4	-0.0010703457050475762014	-0.00043225911468991489632	0.00035651742332986133396	-0.00034935323410271719273	0.0010701473462830781921	6.2179410440398304801e-05
3	-3	5	0.00043041410310259840171	-0.00016740826384082445311	-0.00015630107123876268473	0.00014244424369786896629	-0.00035202910460481663018	0.0001859115045232160408
3	-3	6	-8.1329615664371419492e-05	0.00010481167456717148639	2.3309211174769023373e-05	-4.2101437583203852309e-05	5.2319413419570223126e-05	-7.3456556075187669349e-05
3	-3	7	-2.1686328675555205684e-05	6.009038554954647076e-06	4.0310856042289565146e-06	-4.2552871940904516522e-07	1.1021748977050356075e-05	-2.7576716890130112555e-06
3	-3	8	1.2394843744113320908e-05	2.2799708197551010589e-05	-7.9679480713604201159e-06	4.6927536591450966599e-06	-7.636046930802652672e-06	-6.7901079519022181471e-06
3	-2	-8	-6.6007530704882702252e-06	-5.9964427125488890203e-06	-8.710925610601211538e-06	-1.9659167117903103779e-06	-2.9755099878279850286e-07	-1.7571868392582557881e-06
3	-2	-7	3.0181322870157796665e-06	-6.3342110230781753421e-06	1.2948342262493544466e-05	-2.8444550335118314722e-05	-2.4060410948485357045e-06	5.4123525144288717957e-06
3	-2	-6	-6.130328763598911579e-05	-6.8421899584737784126e-05	-5.2337657039996551259e-05	9.7153865026328043103e-05	-1.3205758137995704087e-05	-6.6595571467811570839e-05
3	-2	-5	0.0002512390908373847041	6.4649080787157735956e-05	0.00010760905547554576683	-0.0001858266199765596391	0.00010769983231221250488	0.00011312009646291849179
3	-2	-4	-0.00067313410903050796639	-0.00011716915831388344889	-0.0002520667109097302354	7.5710033147316114642e-05	-0.0003788172263180159113	-0.00012573188530907064737
3	-2	-3	0.00084475348230012763193	-0.00024073546987978729239	0.00029913559830613121624	0.00011348036237893224527	0.00064532975009604022672	-0.0003163890447990754559
3	-2	-2	-0.00078109175216348723531	-0.0001761006854199064311	-5.2981855913195522844e-05	-0.00065130755365508093222	-0.0011186557723320354318	0.00038715652552522125847
3	-2	-1	-0.00019550660076215521394	0.0015232718402376460402	-0.0007680265396289972981	0.0015564272672961665216	0.0009495332769715290628	0.0014569609861206050776
3	-2	0	0.0012046108345750543029	-0.0010807859631083431996	0.0018069162518625813459	-0.0016211789446625149078	0.00015188593445954157949	-0.0016871067797494523552
3	-2	1	-0.0018152253540478985924	0.00012295168626204563988	-0.0027532720608404981887	0.00096684913996330070027	-6.086805953730011913e-05	0.0015648432211404644538
3	-2	2	0.00042596529498050567097	-0.0003316960118091994824	0.0033076133896912923021	-0.00017922650449747498614	0.0026686654472205337957	0.00031831751321632429166
3	-2	3	0.00155224678594219909	-0.00021148488136221954515	-0.00066299328363521032974	0.00023939446253034259095	-0.0019942423083656726432	0.00037108118971578127245
3	-2	4	-0.00094031933257968851412	0.00069065896524942653033	0.0001468972651559634292	-0.00058446174212155809456	0.00077868813201274810019	-0.00081022509499784891793
3	-2	5	-0.00010868992254027950918	-0.00063790156419615720411	-1.9843220953367584459e-05	0.00033493757486265514052	5.7276665142820669017e-05	0.00051671596846275644373
3	-2	6	0.00014969816684762905822	0.00023384402325896789143	-8.2688958309963913381e-05	-0.00011788306731847865481	-0.00010241206952713583357	-0.00015621636740231016399
3	-2	7	-5.1550877286393838653e-05	-9.2673650357702552305e-06	7.9366473662843443427e-06	1.3414661585980796769e-05	2.4360846655964314949e-05	7.8044883256103375169e-06
3	-2	8	1.8905804978012720274e-05	-7.3106522527113824834e-06	2.452872413725947508e-07	6.3731380024282763914e-06	-7.0283550564116206738e-06	4.334779095373837635e-06
3	-1	-8	1.0489052814430482277e-06	1.1178739499334193076e-05	-2.6010381904982137697e-06	3.8617938874453627018e-06	7.1846925435341978013e-07	3.7093030763196523835e-06
3	-1	-7	3.1442497952332099868e-05	-2.1743041837700911357e-05	-5.9064709710982442532e-05	-6.0448982313799759825e-06	2.1913171938282677932e-05	-8.454889611674679364e-06
3	-1	-6	-1.645692826181441949e-05	0.00012616374360888702247	0.00012838722228691913933	-1.6079811355107895461e-05	-2.9626334512060399634e-05	6.5761840363628154831e-05
3	-1	-5	3.2013477220675506387e-05	-0.00042210767803609110195	-0.00013850096033089930752	7.8836753367033879174e-05	4.6908278398585169402e-05	-0.00026903195749506140719
3	-1	-4	-0.00023186214568439602159	0.0004981937495417958911	-0.00044306773322149426743	-0.00031309509077258372784	-6.3129675957923449335e-05	0.00045191908484949283673
3	-1	-3	-0.00025556017295337297686	-0.0014778978526287420668	0.0017392303223885987023	-0.0022493411598581113109	-0.00083530361374957256236	-0.00072811746600937173827
3	-1	-2	5.9401105221193868612e-05	0.00035421717256697870559	-0.0020873919607834186089	0.0019874639148071649927	0.001132797638223500148	-0.00046240619855311432956
3	-1	-1	0.00018542825153250059862	0.00036641251952833651722	0.0027003915771519598071	-0.0015401692384913662822	-0.00214410682255445793	0.0026394067970763757797
3	-1	0	0.0013642260443294251804	-0.0028626192542631646171	0.0040926781329882755411	-0.0085878577627894938512	0.0014944017573002398979	-0.0095990332094145463387
3	-1	1	-0.0022489778656745512339	0.0038440375776727189229	-0.0034394664372158264415	0.013976366258703113235	0.0033074671598078268266	0.0024442535256849564664
3	-1	2	0.0004030741942471675692	-0.00041080861066900969123	-0.00079980036968953184193	-0.0052857745928621595669	-0.0010045114762155173561	-0.0020266743804275653279
3	-1	3	0.00096935041840970597848	-0.0015682468789905785935	-0.0018113859205336536352	0.0032636851295863712578	-0.0015731457252542572264	0.0026561419221860357517
3	-1	4	0.00023948755577428491696	0.0010218408654177448328	-0.00020614877368826264544	-0.0011457129477175549432	-0.00023115286025277934231	-0.001052808885992697523
3	-1	5	-0.00057551401958970209959	-0.00027769991324399736403	0.00047714777502674832199	0.00068814004404710857939	0.00044073796675917089162	0.0003042479567558201343
3	-1	6	0.00023419126249429121742	-0.00013652815845756056772	-0.00023327587392040592261	-4.502291757959854231e-05	-0.00015597494356721326248	6.0760259632180529065e-05
3	-1	7	-2.4442082912358986115e-05	8.8808742116243126106e-05	-3.6352353386538456689e-05	7.9643727407109792725e-06	5.2819850500769285662e-06	-3.6923121944002623837e-05
3	-1	8	3.2035738928724429519e-06	-7.3616912805193555948e-06	2.1253201384261547692e-06	6.8224006762301833367e-06	-9.356751925238967608e-07	3.6134343147235310534e-06
3	0	-8	7.770807135236761315e-06	5.1516935670441215339e-07	-2.1668686585152336007e-06	1.5437732667936871841e-06	2.9140526757137854931e-06	1.9318850876415454429e-07
3	0	-7	-3.4951174485861975165e-05	8.2248003137997297376e-06	-3.9254237196334585644e-06	3.382243029989875601e-05	-1.4979074779655131245e-05	3.5249144201998838102e-06
3	0	-6	0.00013209375453682964765	-7.8843553866570043292e-05	-8.4684792925105136971e-05	-7.4941656370782174976e-05	6.6046877268414823825e-05	-3.9421776933285021646e-05
3	0	-5	-0.00029868067720536855755	0.00021106740280876003799	0.00045274280150353266158	-3.8801037536529382689e-05	-0.00017920840632322111827	0.00012664044168525601737
3	0	-4	0.00030292966963135368932	0.00010874446410591609338	-0.00059384438454064883677	0.00039471074033571492681	0.00022719725222351529409	8.1558348079437066646e-05
3	0	-3	-0.00015253816328722135894	-0.00053652575872647730645	-0.0026779647379103796272	-0.002020317407373621154	-0.00015253816328722135894	-0.00053652575872647730645
3	0	-2	-0.0014156170709713859768	-0.0012021898256002090666	0.0076123659166854838742	0.0033310406248761134824	-0.0021234256064570789652	-0.0018032847384003135999
3	0	-1	0.0063728418629124131481	-0.00067575094623244875893	-0.012861359581908793012	0.0038903649716342364982	0.019118525588737240312	-0.0020272528386973461684
3	0	0	-8.9677977101420676801e-44	0	-0.0015114578389469172665	-0.0049378607668547815773	-0.0088067891465773880111	0.0069148431794232188483
3	0	1	-0.0086739362454105496669	0.00014361771692869806623	0.013025870226640558908	0.0058390662089623296058	0.026021808736231649001	-0.0004308531507860941987
3	0	2	0.0032012077458649051791	-0.0016178988054231843025	-0.0088946867431287796046	-0.00087067683789181650033	-0.0048018116187973575518	0.0024268482081347764537
3	0	3	-0.0010331952902873841812	-0.0001275972331520314456	0.004407434836490331867	-0.00037164655877120091184	0.0010331952902873841812	0.0001275972331520314456
3	0	4	0.00078865485971370144838	-2.2960635801812891355e-05	-0.0017182589889625670722	1.1295903054520156145e-05	-0.00059149114478527608629	1.7220476851359669363e-05
3	0	5	-0.00078049860594469494014	0.0003323411898429287528	0.001324027230706792185	-0.00032250454491016439544	0.00046829916356681692072	-0.00019940471390575726794
3	0	6	-1.9480144217266445061e-05	-0.00022321132835419264621	-0.00020615306795764454673	0.0002080143616622342497	9.7400721086332225305e-06	0.00011160566417709632311
3	0	7	7.062155066171360194e-05	5.1687088889384732537e-05	9.4875527494805243626e-05	-5.0674103670572312919e-05	-3.0266378855020114149e-05	-2.2151609524022026294e-05
3	0	8	2.5136581657364484926e-06	-7.7891578313286893631e-06	4.1223340481331469703e-06	-3.953905696916306661e-07	-9.4262181215116818473e-07	2.9209341867482587229e-06
3	1	-8	4.5851571180799084916e-06	-6.4899939084516193762e-06	3.0487637777493401185e-06	-7.9258098341753577212e-07	2.1005293914986330933e-06	-2.5328203385965492111e-06
3	1	-7	3.6768600717504627243e-05	5.6803621189958695525e-05	-1.2407935641296356753e-05	3.0064909573064228625e-05	1.39854095016025026e-05	2.8639396163277189338e-05
3	1	-6	-0.0001309411786510356209	-0.00014244839470471467474	-3.4758219220536534593e-05	6.0811162846352377463e-06	-7.1263625862273897288e-05	-7.0210677971584804237e-05
3	1	-5	0.00041732746650654535927	-6.4607182102960477796e-05	-5.5187704199692995616e-05	-0.00025791814109963901846	0.00023935893906398860559	-9.0347937481704090369e-05
3	1	-4	0.00014609202082637646786	1.7445656500970478539e-05	6.747140875573237823e-05	0.00038276265494077818443	0.00012643686780871543868	0.00010877490611092240416
3	1	-3	-0.001176458703060502195	-0.00012128299178367590546	-0.00125044450062195109	0.0020352820594400663871	-0.0015932735366011527029	0.00055714436136301284056
3	1	-2	-0.00012514993427426755962	0.0016607780854621756548	-0.00012024483899611742232	-0.0037027071746132309525	-0.00024784732090946001671	0.00063981354088664800592
3	1	-1	0.00010812803307675213115	-0.0028030658594111581075	-0.00025988992608434009161	0.0013281812264566165895	6.4494173145916328951e-05	-0.0070810163517768583835
3	1	0	-0.0018429394863056613573	-0.0001089838199199941193	0.0055288184589169838551	0.00032695145975998233081	5.7872704501105101552e-05	0.0088715226123923119489
3	1	1	-1.4578398082339824189e-05	0.0054222188532223273422	0.0017214673388520787371	-0.0033407257157481401282	-0.0016777321446050594018	-0.012925930843918841465
3	1	2	0.00024465190876444658759	-0.0055299451608725527785	-0.0044613345909402125217	0.0081650935819543059291	0.0018636894323234363523	0.0042123709503316762032
3	1	3	0.0010227294574129436756	0.0024935094837701720152	0.00057786068582263211066	-0.0050097798723822131381	-0.0012153496860204877125	-0.00082358285964276788885
3	1	4	-5.6616956954797469353e-05	-0.00078509867904843512725	-0.00025465750560913711633	0.0017420231765235833898	0.0001061270941183823811	0.000153318215155430498
3	1	5	1.4915109597258464178e-05	0.00090688910885588591791	0.00015565230571759497706	-0.0015135651592331877523	-4.0079526901874074258e-05	-0.00024142043346689402738
3	1	6	-0.00014235644910612739933	-0.00011937497452473671796	0.00013669128301831341178	0.00029033760912584486531	4.8396344050011457589e-05	1.1297885741394213068e-05
3	1	7	4.9589343577175725157e-05	-8.510303181721984696e-06	-6.8487121201043203332e-05	-0.00010271908168166456893	-1.146870136149771079e-05	1.8321427318118647113e-05
3	1	8	-7.1698807641977312151e-06	4.6350383221105144859e-06	2.7771656426923710304e-06	-6.4989713644326303811e-06	2.3415595812376024563e-06	-9.2576795023736413456e-07
3	2	-8	-3.3206495587271379852e-06	-4.8577942972476566126e-06	3.229011038350029947e-06	-6.4848067140110272533e-06	-4.3799082493516936356e-07	-3.4428745399706279372e-06
3	2	-7	-2.139382150208855085e-06	3.4687787471334655228e-06	1.6699608546782905393e-05	-1.8761805753441531696e-06	3.8544386632770357413e-06	9.5056787010172725122e-07
3	2	-6	-0.00010274136404779448469	5.6077855117287883906e-05	-9.2902390996779250884e-05	6.3006358882490776912e-06	-8.2338145689490321454e-05	3.0139139521393631976e-05
3	2	-5	-0.00013481771389792389696	-0.00040916926552439671213	0.00016553937578771905957	5.5801226908534045897e-05	-1.4674878023666709263e-05	-0.00022318106855122440621
3	2	-4	0.00040256672688101672935	-0.00030878264887146357129	4.0254334459855696288e-05	0.00026987351797401682362	0.00032205221239069040193	-9.6650227666589253101e-05
3	2	-3	-4.5994566051904703862e-05	0.0010090455067585234628	6.8403277580971611057e-05	-0.00027533978264751167355	-3.9238099792363398856e-07	0.00082548565166018234712
3	2	-2	-0.0017637748327051516479	-0.00072625985134671235208	-0.00053201713059979418869	0.0010350543431733884563	-0.0031776793796575216605	-5.4335433846679943046e-05
3	2	-1	0.00058337729196757874377	-0.0023387758867093790677	-0.00027776559566610565469	0.0016934051997146643345	0.0011946006845705247051	-0.0036295172606988081003
3	2	0	-7.1548219897662863561e-05	0.00035044865201368002915	0.00010732232984649430212	-0.00052567297802052007083	0.0012064485036389993675	0.0011320309209267712721
3	2	1	0.0021787647583951098677	0.0010897726719182594494	-0.0020141977121867862301	-0.0020647746176023370167	-0.0025078988508117575768	0.00086023121944989568502
3	2	2	-0.0038768100617754450675	-0.0003961856067708135142	0.004786248138484177142	0.0038371062676232341876	0.0010289669541789906761	-0.003242827857467013835
3	2	3	0.0010704929340105528556	-0.00061187194592287935582	-0.0019253490928656227712	-0.0013146601936651746562	0.00021307312789986220772	0.0014883120750329957571
3	2	4	-0.00061340026871983712852	7.3521982567910934905e-05	0.0012202992843867329058	0.00065009729962711888546	-0.00015009944065348860653	-0.00038019013673949264391
3	2	5	0.00056133162778918249246	0.00011568527276444228672	-0.00072195649739509033631	-0.00032529125698058618385	-4.801637771547338264e-05	6.0705339133569096084e-05
3	2	6	-0.00011055728868438492848	3.0683666609432625605e-06	0.00022322788360787761738	-7.4156767209273825761e-05	-1.913065019376674155e-05	2.3184739072619643126e-05
3	2	7	3.1992918911308571158e-05	-1.2266364114834875528e-05	-6.005815856258992435e-05	3.1331671994554561006e-05	3.4482229130363058188e-06	-3.6948930920863570341e-06
3	2	8	2.2264272268123734787e-06	-2.4716424409667830565e-06	-2.3830864876483472894e-06	-9.3565786768545440767e-06	-2.3913858814255323215e-07	3.2660105845761797712e-06
3	3	-8	-2.2462593688675226564e-06	8.5245582200965229418e-07	-3.3643218226892831037e-06	-6.4856627533938723286e-06	-2.1039679468338023718e-06	-2.1124525992690826717e-06
3	3	-7	-8.1993228522703189634e-08	2.7655684287167398739e-06	-7.0433950787260862956e-06	-4.0762093227276349435e-06	-3.0537378459637668372e-06	-5.6170324029038360127e-07
3	3	-6	1.5027676109867521586e-05	-1.0401567344652978321e-05	-5.62868807171239836e-06	5.3495135276792211412e-05	4.6994940190775611895e-06	2.1546783966069616546e-05
3	3	-5	-0.00013869906003404451622	-3.0351234226984278859e-05	-3.5723659014014410185e-05	-0.00013435103684568736439	-0.00010465363142883535449	-9.8821362643602980529e-05
3	3	-4	-0.00010908999678753129826	-0.00013387870844282375414	0.00029329047457795688093	5.1978921637827568247e-05	0.00013815035834281917345	-6.1424840103747134338e-05
3	3	-3	0.00040624826053913828212	0.00024474033119876585944	-7.5876833758893052107e-05	-3.126472658981438793e-05	0.00033037142678024524357	0.00021347560460895147151
3	3	-2	-0.00046721242469639935732	0.00039338016469886715213	-3.1346201455160476877e-05	-0.00011901710578236533223	-0.00074783793922733978517	0.00041154458837475274341
3	3	-1	-0.00098522597723804780818	-0.00011928942971245479004	0.00069703571057343921037	-0.00044795611715311799529	-0.00086457079999382568502	-0.0017017366405967181663
3	3	0	-0.00011942202505074898749	-0.0007021144579249096818	0.00011942202505074898749	0.0007021144579249096818	-0.00090412887688937450866	0.00039495475647710365534
3	3	1	0.0022495894850286519799	-0.00085891470671825163787	-0.0028507368906687344939	0.0014667546213404240082	0.0018034422169202479758	-0.0018235197438665167857
3	3	2	-0.00080067384522527248591	0.00082089591285605819325	0.0016035675862683463396	-0.00085691781717798576942	-0.0012043406115646107264	5.4032856482891364249e-05
3	3	3	-0.00033184036608942209029	-0.00070922224641402993508	-0.00081986145758832548302	0.0005910759829875141284	0.0011517018236777475191	0.00011814626342651586089
3	3	4	-9.9449825457837963557e-05	0.00054376406057884778527	0.00061417914355408622339	-0.00045992321632936706589	-0.0003860469885721861576	-6.288063318711058019e-05
3	3	5	9.1338036116758657373e-05	-0.00028422013060105038662	-6.2891641425084207823e-05	0.0002992497723303900385	-1.7067836815004674473e-05	-9.0177850376038067102e-06
3	3	6	-3.7166799864385361015e-05	0.00010537223560539753036	-1.421590775904681848e-05	-0.00016045968763843680878	2.5691353811716088901e-05	2.754372601651963921e-05
3	3	7	1.4896080169983696572e-05	7.2547814295951167251e-06	-3.656335833496822842e-06	2.0188942301886846011e-05	-4.8170332870658033901e-06	-1.1761595884920841777e-05
3	3	8	-8.4250580631396503674e-06	2.7537474918431484569e-06	-1.3235936945440091489e-05	-5.7461714800302001371e-06	8.1228731282174025609e-06	1.1221589955701442742e-06
3	4	-8	2.8835018114134604031e-06	-1.7845116514038918218e-06	-1.1975264120796947685e-05	-2.4712169197285082784e-06	-4.9063188811184263501e-06	-1.9048003291407135459e-06
3	4	-7	-6.9180572852121206026e-06	-2.9351289865761674541e-06	1.1449368098764339365e-06	-2.5430266854822770222e-06	-2.310632088018660866e-06	-2.7110705288082299434e-06
3	4	-6	-7.4371849587276404647e-08	5.7952716818017110684e-06	5.2451506462881903551e-06	-1.3252417632179682753e-05	3.4595811727318218315e-06	-5.9373092472189326857e-06
3	4	-5	-3.8734435907846038961e-05	-1.1864296963769166218e-05	-7.0772730425339128884e-05	6.4997666501382718061e-05	-7.9858845884978916997e-05	4.4879555022844675057e-05
3	4	-4	5.1507719109334348907e-05	-1.5174989256956212494e-05	2.3811334727522310439e-07	-9.365691449927621788e-05	3.8868902679275986955e-05	-0.00010503815644199337217
3	4	-3	-7.2942118508085242623e-05	9.7453602008721807088e-05	0.00013432903691089483978	-3.8743932559333416955e-05	0.00010616326403977454826	4.579502526294390878e-05
3	4	-2	-0.00013466659565859544732	-0.00017513762064116049485	5.172564233721439384e-05	0.00026064528740035969138	-9.8548608813464369754e-05	0.00025858414383897872181
3	4	-1	0.00027913802532988235289	0.00031266952878312905678	-0.00024494340815848071689	-0.0003887735288894496777	-0.00014235955664427578176	-0.00061708552920841154045
3	4	0	-0.00066945602758850376954	0.00023162475998185348041	0.00050209202069137785426	-0.00017371856998639012386	0.00035132255508996530725	0.00076928381676299008654
3	4	1	0.00028917462265049242434	-0.00069877125722133434215	-0.00013634860891620251104	0.00069112255836245182952	-0.00032212943228666712043	-0.00066817646178580440003
3	4	2	0.0002836317810119528735	0.00034233129861163110819	-0.00018585736045517289102	-0.00061635142357822545432	-5.3732950607583555326e-05	0.00071920589923900432767
3	4	3	-0.00023190914922400365588	6.6173857078564725828e-06	-1.3420964786490049929e-05	0.00049325421720837275222	0.00024980376893932372019	-0.00066428967531902008772
3	4	4	5.431547167656934806e-05	5.7574419431701225113e-05	-8.3248950090632130869e-05	-0.00019900785135683974952	4.2512346333205111354e-05	0.00015582703678306382899
3	4	5	-4.4678831177358610668e-05	-9.3101873765038717953e-05	0.00014163686950486019953	3.2294414859920985838e-05	-8.6502196897472995933e-05	3.0025592371086442779e-05
3	4	6	3.2281647318535055602e-05	4.6352720799734602685e-05	-7.2019861666554598422e-05	-6.9955234276933207603e-06	3.1872417451768867759e-05	-1.8512678114738421965e-05
3	4	7	2.211113850123004372e-06	-1.2675901340862552537e-05	5.2949751597855759547e-06	-3.8403903249145302008e-06	-3.9733203127873312327e-06	7.6270379031779683449e-06
3	4	8	8.0568706576521286166e-06	1.882659657820681364e-05	-1.8025494765403998298e-05	2.3568283246369222235e-05	5.9914208860824515532e-06	-1.8844115340012166656e-05
3	5	-8	-1.4936128388754027972e-06	-5.6831931130483875713e-06	-5.8175332812051341395e-06	8.8891606135783851302e-06	-4.1960631153314851508e-06	3.4245279660933451554e-06
3	5	-7	1.3009673899770093989e-06	4.6890520575326488016e-06	-3.9084066459822227891e-06	-9.3888001687459365783e-06	-2.234161579997155349e-06	-4.6966920958759625972e-06
3	5	-6	2.1081247241099736663e-07	-6.091775331333807468e-06	-1.2735821984571827936e-05	-5.8096152351162261865e-06	-1.0507778750937690673e-05	-7.8872336949304259796e-06
3	5	-5	-3.5843692006109962222e-05	-3.6656797316009659003e-05	-8.5706980848775554714e-05	3.189823899218679088e-05	-0.00010721319605244152527	9.9041606025809951394e-06
3	5	-4	1.8438980986370984589e-05	-4.9334490299603501345e-05	-5.5172293995102269701e-05	-1.4282327744911777907e-05	-5.513613175409960292e-05	-5.4853777405842348816e-05
3	5	-3	0.00013248318417696997897	4.4189943380933883912e-05	-1.1061575449428216964e-05	-3.4473578714741391236e-05	0.00011404722509458960211	-1.3266021143635097529e-05
3	5	-2	-0.00021378636119596827899	0.00024358360967691270339	0.00011346824078838350003	-4.7238846660816885558e-05	-3.7008939822993634533e-05	0.00024727829786332680391
3	5	-1	7.029399696243639271e-05	-0.0005391431946157631324	-0.00010343010618609469776	0.0002754548592290406283	-0.00030626854004316427004	-0.00024015528770208601178
3	5	0	0.00023826794385833167597	0.00070139631488823003802	-0.00014296076631499900558	-0.00042083778893293799029	0.00035867512532627141876	-7.2716312355519433191e-05
3	5	1	-0.00055287523919290602285	-0.00046854755417678078423	0.00035861538476603962121	0.0002637790022855416661	-0.00013445120625148003751	8.6747651102634171292e-05
3	5	2	0.00030953316780855559065	9.2035513252716662919e-05	-0.00022533581033911190272	-8.8528792956755423399e-05	9.9039774134946343721e-05	8.3268712512813564119e-05
3	5	3	-3.8712923390431559366e-05	-8.5840190130395021195e-05	0.00011807976501561868944	5.4626913895716686944e-05	-0.00015808668496893293659	-5.2046663624661333112e-06
3	5	4	6.6776327075322364354e-05	6.0514226902564225894e-05	-4.5377714883622747059e-05	6.1765380898422546471e-05	6.6398982980366571697e-06	-0.00012259239629995135929
3	5	5	-3.3970206801563309132e-05	-4.9334925270410710655e-05	4.0902418936043193596e-05	-6.9410005418793724406e-05	-2.0520294855105206084e-05	9.9010960581040154864e-05
3	5	6	2.8336922222643209761e-05	-2.3209433620981834493e-06	-1.7026272763777299609e-05	-8.7366115402203059238e-06	2.0099525159477439731e-08	8.4409812978993469434e-06
3	5	7	-1.7783804810444195268e-05	-1.3434520516214019566e-06	-5.6299137539820520118e-06	-1.6797111537597780271e-05	1.1642997600177548199e-05	1.2573701977550443798e-05
3	5	8	2.654146851817043939e-05	-4.3694750121271352377e-06	1.7052451229666565596e-05	2.7279341724520910878e-05	-2.0610832712855518692e-05	-1.5411035448277893902e-05
3	6	-8	-6.4743898993841261582e-06	-9.6710165022943250653e-07	3.8204460236246915242e-06	5.8191426110697891576e-06	4.3743830544947143968e-07	4.0016938394663047047e-06
3	6	-7	1.1967733105955640269e-05	-6.6726846805695669651e-06	-1.7343094723021852221e-05	-1.2567463185970301784e-06	-9.7364812886091706021e-06	-3.9369331361844112253e-06
3	6	-6	-4.3817935752258234392e-06	5.7578146553491813564e-06	6.4603878543124283135e-06	-5.5536678376209750818e-06	4.2694910666995170175e-06	-2.6747605099463844036e-06
3	6	-5	-2.6122524993975196771e-07	-2.7205067606725911699e-06	-1.6491855810372151572e-06	-1.5762136812465374678e-05	-2.1357578472085094751e-06	-2.0546868231362005162e-05
3	6	-4	1.6955587105962708895e-05	-4.4088855207714000984e-05	-1.6871696196283858461e-05	9.2772197624227975446e-06	-1.2590853964953756868e-05	-1.9150811762151304421e-05
3	6	-3	-1.6595613888860767967e-06	-4.1083022269100916916e-05	1.2437652959468054821e-05	1.2578440489658961507e-05	2.3215744530050032421e-05	-1.5926141289782990514e-05
3	6	-2	8.3833443097203414265e-05	7.7424067863701294574e-05	-5.3278778924736614484e-05	-2.9757263400459870177e-05	-3.4086172128404742382e-05	2.6864311594172334718e-05
3	6	-1	-0.00018448074156276439667	-3.1821971225289230958e-05	9.0745838168441065132e-05	1.5712263926808211849e-05	-8.9671956776468008987e-06	-1.1923301150184071678e-06
3	6	0	0.00019233456937887733092	7.665338855795169595e-05	-9.6167284689438665458e-05	-3.8326694278975847975e-05	-8.2646207402128177587e-06	-2.9431915630316734796e-05
3	6	1	-0.00020940413308701322811	-4.7180964036712301154e-05	0.00010088126835380677171	1.6447457353966398797e-05	2.2924789138199023591e-05	4.2858147986338510679e-05
3	6	2	9.5553953181761708507e-05	1.6896747940733822112e-07	-2.6023225213273809347e-05	1.4141236619386818115e-05	-6.5261254132821148273e-05	-4.2677161077271460088e-05
3	6	3	-0.00011901876875053834278	-3.2385156929433466888e-05	2.340030659047250187e-05	5.6503902777023219477e-06	7.2218155569593332267e-05	2.1084376374028819605e-05
3	6	4	6.0725093256387487907e-05	-6.2579022563821130507e-05	9.2163333219545843454e-06	1.6528609654973089343e-05	-5.9368319925222488213e-05	2.2141352440406208784e-05
3	6	5	9.1347941976765305078e-06	-7.1957389848938877914e-06	6.47372593383059236e-06	-4.3162029319358934877e-06	-1.3249347639202629814e-05	9.4968869092594050295e-06
3	6	6	1.0240716033930964682e-05	-8.9133871325160001723e-06	1.2013351807999987007e-05	-2.981043201636699561e-07	-1.7133709824965468501e-05	4.7547978864216698834e-06
3	6	7	-1.3486715966528142491e-05	3.0926903168966340864e-05	-2.5655780239476046135e-05	4.1378716767233661094e-06	2.777068990520581635e-05	-1.6801134223891316794e-05
3	6	8	2.8898116392051418807e-06	-1.8343612658528483315e-05	1.6448505825969250905e-05	-3.7930272240048158188e-06	-1.3420058734178867178e-05	9.7236251649517937425e-06
3	7	-8	-1.5305806995686100206e-06	2.0230703783553655437e-06	1.0523171676625688476e-06	-8.0820011546393636088e-09	3.4680975936651893099e-07	7.5157964087295255426e-07
3	7	-7	-1.8241701238697147738e-06	-1.2233884815090775207e-05	-3.3240260134423062948e-06	7.7478313765136111956e-06	-4.1058132093864694668e-06	2.5047378843318511186e-06
3	7	-6	1.5218569318948084985e-05	1.4138795559415636246e-05	-6.2753546049414738971e-06	-1.6261401118900219729e-05	2.8803762037565633223e-07	-1.1902236859009106588e-05
3	7	-5	-9.5835876841231194476e-06	-3.5617379461273326992e-06	8.0642341317466197841e-06	5.1094364737553308396e-06	5.539775173971395521e-06	5.0161682955810631325e-06
3	7	-4	2.2507204296872933275e-06	3.4756602338915259803e-06	-3.3516571171215134485e-06	-2.3826671538877615034e-06	-4.1773596326971785392e-06	-1.5629223438849382517e-06
3	7	-3	3.1588281152157081249e-06	-5.7738318050569195121e-06	-2.2756774880727251368e-06	2.1779247221618011199e-06	-2.1510860236206505278e-06	-6.9200745334604973811e-07
3	7	-2	2.0032334365150268382e-06	5.0326738149420677056e-06	-2.988199883646494121e-07	-1.461016787353018273e-07	1.9589801954962677649e-06	7.0376548468395454673e-06
3	7	-1	-8.0363266016488110071e-05	3.8100804495973979711e-05	2.8914255961828844713e-05	-2.1553673263092972971e-05	-3.8690006316662413832e-05	-3.6573299353728854725e-05
3	7	0	5.4899798523629303741e-05	-2.2961424971964623281e-06	-2.3528485081555414437e-05	9.8406107022705528349e-07	2.2750981113295475522e-05	3.0819850190227427757e-05
3	7	1	-2.245515636064095475e-05	2.4869712843639106038e-05	7.0025633452850494595e-06	-6.9784237347743260558e-06	1.834752566492751634e-05	-2.5760172387497035724e-05
3	7	2	1.6544252805994938394e-05	-2.5457427483967631218e-05	-2.3618009266195509831e-06	6.7863197317404764535e-06	-1.6550075965823979362e-05	1.4434022164859778816e-05
3	7	3	2.9130807846074436115e-06	-8.9348384474967492599e-07	-4.1409143128356563004e-06	-3.2496479264046621349e-06	6.7490526120090877561e-06	8.4759956730272190958e-06
3	7	4	9.8464990312076569677e-06	-3.5544811042096064328e-06	-2.8553349980414510501e-07	-3.1902060883327518384e-06	-6.8851906487484896787e-06	8.2487214827395200124e-06
3	7	5	-3.6280553602649539178e-06	1.4141992927733432854e-05	-1.08330549222218996e-06	1.0069314498992347549e-05	3.6934609052700381676e-06	-2.2582236055229347297e-05
3	7	6	-8.9352639007340765967e-06	-2.7305480094588796026e-05	3.188121290271086076e-06	-2.0083702342951691394e-05	7.4815711171743801749e-07	3.7083726114071373565e-05
3	7	7	1.7204413880578995651e-05	1.7859519536892019283e-05	-2.6465199610231065042e-06	1.6474972695627678913e-05	-4.7268002735107479882e-06	-2.4129052497152830034e-05
3	7	8	-4.7489362975036214647e-06	-3.1937914005667577485e-06	3.2968340634934189626e-07	-4.8291041834951336291e-06	1.4923781310081841084e-06	5.4231379357707761341e-06
3	8	-8	-4.0102399965378531969e-06	4.5966727577184860972e-06	4.9637394786964381813e-07	1.0914251947202788704e-06	-1.0074660508320512366e-06	2.8151774788647109451e-06
3	8	-7	-2.7627202682089114366e-06	-1.2781415292439648348e-06	4.3467787084228620233e-07	1.0933260267660961375e-06	-6.8724826255549215925e-07	7.0174051805669626494e-07
3	8	-6	8.5060663414984038756e-06	-4.4284774943296897098e-06	-5.2241698747401624627e-06	-1.1794520634862199495e-06	-2.7125266622376806399e-06	-3.7868414984798046463e-06
3	8	-5	-8.8765158146293832067e-06	1.7568834806908420476e-05	8.866293311217471592e-06	-7.8107857234986116819e-06	8.8601598091703253008e-06	-1.9559562734527260666e-06
3	8	-4	-2.1312711494770625991e-06	-1.8542938667255051498e-05	-4.259978085281370682e-06	1.2347520649226704758e-05	-1.011840953267053736e-05	1.0787837298012120044e-05
3	8	-3	-1.7423726003222976898e-06	4.9972662284975271309e-06	7.8056919829457578145e-07	-4.2611149583748688337e-06	3.3914526179657088425e-07	-6.365706993835455861e-06
3	8	-2	6.886036837836311329e-07	-5.0058122474896515959e-06	-3.1134479282317991666e-07	3.7632475681760570662e-06	-2.1247364561727286143e-07	7.5442719014697512945e-06
3	8	-1	1.5448490428473078477e-06	6.2695993770484882308e-06	-6.0633091309085575191e-07	-2.2699370499935595869e-06	-2.1610017618492194272e-07	6.4930173119698895009e-07
3	8	0	-5.9439405323332189798e-07	2.8116646770924542724e-06	2.2289776996249573821e-07	-1.0543742539096702992e-06	-2.1741187331301294057e-06	-5.3493345343451007972e-07
3	8	1	-6.4105403519103768418e-06	-9.225166614789315288e-07	2.2007583722245407499e-06	6.1399718542403170616e-07	1.6255540779348034676e-06	-2.1444274989554588511e-06
3	8	2	8.457173299028060423e-06	-6.7527601704877369233e-06	-3.8195505232688398047e-06	1.7994715934450137338e-08	2.5924421445332664669e-06	1.0057161391993804544e-05
3	8	3	-2.8175825023872755123e-06	1.0920874057223226358e-05	4.0641800948995405039e-06	1.0009984552214705653e-06	-8.0202310840114988824e-06	-1.3590203271147147866e-05
3	8	4	-1.7932806954138401888e-06	-1.7616820225284606069e-05	-1.027676474979902941e-05	-3.3533961180318518778e-06	2.1898490021158438962e-05	1.991940740502715746e-05
3	8	5	1.2187715775612817699e-05	1.3010991059262111267e-05	1.2500422884161409959e-05	3.0156020654033208296e-06	-2.7313306080025949603e-05	-1.2631557940202580426e-05
3	8	6	-1.5435941249212838957e-05	-1.7947028359514779435e-07	-7.8944494910069569195e-06	-3.1202005882092605647e-06	1.8243903279282359779e-05	4.2500025927432545222e-06
3	8	7	4.7930700278712120487e-06	-2.7903834883594632364e-06	3.5098835802995318108e-06	1.9793703631213165208e-06	-6.0654683894299846181e-06	-1.0662589199845919611e-06
3	8	8	-3.5106521137491709379e-06	2.8896865793612936069e-06	-7.3213695424840369303e-07	-3.4990973599327819447e-07	2.0486314969043428477e-06	-7.3372273126720685516e-07
4	-8	-8	1.1712712101688380987e-06	-1.522040221129497676e-06	1.875870667009439877e-06	-3.9307992780077507169e-07	-1.2902350619250209336e-06	-3.6794018276397376631e-07
4	-8	-7	-8.435212667116102845e-07	6.7501519575023259828e-07	6.9252864113362851492e-07	1.3901799474895706882e-06	-1.2734734565593528418e-06	-1.2030541138450907606e-06
4	-8	-6	1.2538400024039138187e-06	-1.666135254236106839e-06	-2.2340520537207195357e-06	-2.1730561244482842199e-06	3.8146294065635687346e-06	1.7866513297736408554e-06
4	-8	-5	-2.7441022946227121247e-06	2.5509868412278042472e-06	2.9977362851400771457e-06	2.0278718656971059998e-06	-6.9916598919222933023e-06	-1.2038055121331265832e-06
4	-8	-4	-1.1652575989295888168e-06	-2.2602007767401638975e-06	-2.1398321738250028499e-06	-3.3406419073243957424e-06	3.1144067487204164595e-06	4.4210830379086275873e-06
4	-8	-3	-2.4649161783961147773e-07	8.764639200095840734e-06	-2.1857883564335058563e-07	8.3400720424449989281e-06	2.5422140459611962668e-07	-1.0554006513058875033e-05
4	-8	-2	-1.1331938021938542621e-06	-1.373646072338737743e-05	-1.5273923260610895921e-06	-1.0190764863144581779e-05	3.8431816998566498443e-06	1.3290138005803575643e-05
4	-8	-1	4.0976555435143607029e-06	1.3660341713105780343e-05	2.9270929776461050195e-06	8.302496449960884188e-06	-7.0261216471113956502e-06	-1.1778604747263953827e-05
4	-8	0	-6.8364482652099620521e-06	-1.7659196486986154307e-05	-3.4182241326049810261e-06	-8.8295982434930771535e-06	1.2269255072976282625e-05	1.329517308254512983e-05
4	-8	1	1.1118402377180346629e-05	1.5878521009006028305e-05	3.989189238033528943e-06	6.737272814621491493e-06	-1.2560095604453156665e-05	-9.6159015190521863586e-06
4	-8	2	-2.1927153403138267487e-05	-1.4539573480268094431e-05	-6.3945896958475015022e-06	-4.7940922214384132683e-06	1.8275948022886525577e-05	9.9027780747825340941e-06
4	-8	3	2.4952798878430616027e-05	4.0361711481997697017e-06	1.7179447934943892677e-06	2.1020043830419472089e-07	-2.8689212388589116655e-05	-4.8210270287885066603e-06
4	-8	4	-2.2836616523563429303e-05	-7.8618355828343327028e-07	2.4795681472491535926e-06	-2.9513997716413262724e-06	2.7795752818061738183e-05	-5.1166159849992191687e-06
4	-8	5	2.3972125016166744048e-05	-2.7754981755694464748e-06	-1.686831745215092954e-06	6.8362967100661628164e-06	-2.1876630805277541932e-05	1.3158473276561418025e-05
4	-8	6	-1.0243314161714392514e-05	7.0330911078294355005e-06	-1.9776974925356034325e-06	-5.141929568283383721e-06	4.1919461177621237662e-06	-1.1544633496264135295e-05
4	-8	7	2.1540408128740510396e-06	-4.1190714395443376005e-06	2.0638011168592961474e-06	1.4885421531849472502e-06	1.1277493833397380416e-06	4.0549461405224185854e-06
4	-8	8	1.3794554286679993823e-06	5.4922669168789569525e-07	-1.0400644885906470178e-06	-1.3437976243869017931e-06	-1.7297922029246468148e-06	-1.6184109702308497466e-06
4	-7	-8	-5.8787093244786245231e-07	-1.2612536751562420941e-06	-9.5437101895282019141e-07	2.3435585749299768138e-07	5.411391753597864678e-07	-8.3568821288449405133e-07
4	-7	-7	2.7893019398081436151e-06	2.910626681820155151e-06	1.8362948251470212757e-06	-1.5845912478857200659e-06	-2.424080023995106763e-07	3.2478064946400944379e-06
4	-7	-6	-6.216711683555868174e-06	-2.3745900815714474023e-06	-2.4745233367472924191e-06	3.7866800492225342327e-06	-1.2575305628320713134e-06	-6.0008534451405879946e-06
4	-7	-5	4.0534967530144145958e-06	1.9507118784350144283e-06	-1.0185925913347088737e-06	7.8409723159031711412e-07	4.6688270302801240574e-06	4.6283337852156746644e-07
4	-7	-4	-4.232447182226421826e-06	3.508609707799087407e-07	-4.415356538676549568e-06	-9.3679146432517163686e-07	3.4944267604575392828e-06	1.9902460333489589729e-06
4	-7	-3	3.9423885790639873176e-06	-4.6063727436103088094e-06	4.1299623134942880194e-06	-2.759285743031656212e-06	-4.3800606260680208768e-06	2.9650307559345322523e-07
4	-7	-2	4.6733990725899457764e-06	1.520003635401766625e-05	2.8293739425368055315e-06	1.2712201624222813697e-05	-5.5601065369892717197e-07	-1.4092632976744515438e-05
4	-7	-1	5.3839931434736183045e-06	-4.2642401215883236036e-06	5.1439869785254223615e-06	-4.5121644080623782936e-06	-1.4471936275783481619e-05	1.4528190370083353641e-05
4	-7	0	-1.4456566751797533175e-05	3.7547629058008256485e-06	-8.2608952867414477708e-06	2.1455788033147575739e-06	1.8623439801562072563e-05	-1.2685493764366963221e-05
4	-7	1	1.3369879709118673205e-05	-6.4255305266653593303e-06	5.6975464820560150613e-06	-4.7944039824940421733e-07	-1.3596693462082585696e-05	2.2346039318915608435e-05
4	-7	2	4.1681280533892344758e-06	5.6891079631875285044e-06	1.6181151135978844465e-06	1.1576558325283696493e-06	-2.6728532091858740242e-06	-7.3264205125257632361e-06
4	-7	3	1.1359445800349346188e-05	-6.9120438998249992461e-06	4.8663467048898931432e-06	-8.816757914322191244e-07	-3.7911187557227113403e-06	7.1588150197581541242e-06
4	-7	4	-1.3350868388506247493e-05	1.2444581633078090517e-05	-4.2958081302588050642e-06	-4.5705502626981599308e-07	5.8332041605533379951e-06	-1.3244427929050268624e-05
4	-7	5	1.5582402585628866526e-05	-2.562668730160819273e-05	8.1994737905181309186e-06	7.937813182777171583e-06	-9.8665876177770968057e-07	3.1614288297174591351e-05
4	-7	6	6.3783178785591711697e-07	3.1582086459875686893e-05	-1.1058485604772472829e-05	-2.3079164820909957233e-06	-1.3326787730805161774e-05	-2.3747293535689954492e-05
4	-7	7	-5.8493607979366789388e-06	-1.5922778554122193992e-05	7.9951273853923418848e-06	-4.1711392552319239316e-06	1.1337619269927587477e-05	4.9275913471236152506e-06
4	-7	8	3.507148008052867067e-06	3.4637480063162247654e-06	-2.3437341454986734802e-06	2.818264885121203821e-06	-3.8043413813377728286e-06	7.3410777132294096067e-07
4	-6	-8	-3.8120502695708932335e-06	2.3520116557732785299e-06	1.2197946914303160991e-06	-1.7094874963253113804e-07	-2.8208711533581837969e-06	1.3042173901110376781e-06
4	-6	-7	2.724433188049275528e-06	-8.6556479852063021563e-06	-2.3967984566210305602e-06	1.4509821609125670795e-06	3.6112176417033263752e-06	-6.1897835580429440196e-06
4	-6	-6	-1.4327511908670700315e-07	4.3835108037193291282e-06	1.0608431612018577389e-06	-3.6025805667109126863e-06	-1.15635990725966239e-06	6.5249211025237989129e-06
4	-6	-5	-2.1735400522097702998e-06	-6.4225785812456622098e-08	1.5822896491087985365e-06	-9.9241624367159354315e-07	-3.6375796206983743142e-06	1.1395188637559468165e-06
4	-6	-4	8.8596442073854353644e-06	7.6777400513527179724e-06	8.4180708943886089818e-06	1.2209965185959533544e-05	-3.7674621341974772612e-06	-1.0637207727586581497e-05
4	-6	-3	1.2862293469413106013e-05	-9.0639219921471473002e-06	1.7637809301994500214e-06	-7.8549952037325672805e-06	1.3622162765485240743e-05	3.624761084602273753e-06
4	-6	-2	-2.5430249616844218728e-05	3.2797711896547108101e-05	1.2925769193569925623e-06	3.9911926153115866633e-05	-5.4738229991759412179e-05	-5.4140354666253383698e-05
4	-6	-1	3.7451799972335137671e-05	-9.0026013819007077218e-05	3.1133016988096525455e-05	-7.3340515067219194298e-05	-3.6990902039238595267e-05	7.9939035127286829814e-05
4	-6	0	-4.531803818088957057e-05	9.5306945598137252518e-05	-3.0212025453926382639e-05	6.3537963732091497161e-05	2.3720713003193758369e-05	-0.00013500622094042127375
4	-6	1	4.0247513743568542953e-05	-9.7979021401815654551e-05	2.781954087633471337e-05	-4.4235503522579126693e-05	5.9271902837341194179e-06	0.00012650306447178788515
4	-6	2	-2.093798367171724448e-05	7.0830721212939343049e-05	-3.1652170948543882417e-05	5.9484359557533821963e-06	-5.3080545502197165066e-05	-0.00012381613455861851495
4	-6	3	3.1847871072462439893e-05	-2.1876937895469996195e-05	2.1701830484327633552e-05	1.3747144158245294331e-06	9.3983287203867743807e-07	3.1918679358942387409e-05
4	-6	4	3.4807216132918447876e-05	-1.5884630097261627876e-05	3.7848891544418172631e-06	1.6276884176841547721e-06	-2.9129882401255723887e-05	1.8326162723787861304e-05
4	-6	5	-1.1814762744360599188e-05	-1.4586954767945716714e-05	1.9200091777200639568e-06	-5.100985379103180853e-06	1.1755821208752554913e-05	5.548381359432756686e-06
4	-6	6	2.4192149492403365103e-05	2.1159106615446975427e-05	-1.0773991485394601332e-05	9.2043640764906540423e-06	-2.6902091146996845298e-05	-4.9017070004739953955e-06
4	-6	7	-3.6898463923317233865e-05	-7.7058993368409837711e-06	1.8249609986670135362e-06	-1.7710207652051313768e-05	2.2649088812181576957e-05	-1.0776806937849134392e-05
4	-6	8	1.6190441852063406996e-05	-2.5260543156514003385e-06	4.5953535433131546578e-06	9.5567244490173916842e-06	-4.6487057685468375045e-06	8.4305704945887447794e-06
4	-5	-8	5.3223476918236270431e-06	5.1161317709799814077e-06	-5.1352601556573079168e-06	-1.3556370420996082139e-06	5.8707114431976310754e-06	3.4053390368022460493e-06
4	-5	-7	-9.2665952221247257738e-06	-1.7867817829894684939e-06	7.5690618121281315716e-06	2.1618715543247557613e-06	-1.0701669992734223356e-05	-2.5652121290830933756e-06
4	-5	-6	5.7291603333345853478e-07	-2.7861148386222246115e-06	-2.9997797973697717468e-06	1.1564315197623221788e-06	2.8817605200304487416e-06	-2.8211028255500847489e-06
4	-5	-5	-5.33824363531985402e-06	2.5282548455231474503e-06	-6.9660642085259666644e-06	5.581582262244269779e-07	2.6954693002700835332e-06	1.4644456501940911518e-06
4	-5	-4	0.00010134272481164849171	-1.5975010490944723885e-05	-1.4171860727218977654e-05	8.8257566669148446148e-05	0.00011905755072067221293	-0.00012629696882738029851
4	-5	-3	1.1964559003914999947e-05	-4.051671753992420246e-05	1.8692229422761546729e-05	-6.0375516664723181666e-05	-1.5200970366049247441e-05	4.6603571054639706273e-05
4	-5	-2	4.9996028350655462161e-05	6.9526394183321100421e-05	4.9352515809294803656e-05	7.8011536111360013038e-05	-2.3389232821926078041e-05	-5.5976051911757811425e-05
4	-5	-1	-0.00010268938844934024518	-6.2345708473924817475e-05	-9.4715230845867056709e-05	-6.287115732117666317e-05	6.2818600431974343495e-05	6.4972952710184045952e-05
4	-5	0	7.4008677679053349609e-05	-1.3677910820178236396e-07	5.9206942143242682398e-05	-1.0942328656142588323e-07	-0.00021315249565793562914	-3.0384839126464852392e-05
4	-5	1	1.4877723647572959129e-05	-2.3910711144192446116e-05	5.294933909324506439e-05	-4.8065235726077749551e-06	0.00020523580087593347866	7.1610226713730919007e-05
4	-5	2	-3.0006674610970862605e-05	0.00014460420625925937362	-9.2052571431329370901e-05	9.6527680578037806892e-05	-0.00017011807935638170882	-4.7889211073424216465e-05
4	-5	3	-1.2036432227695617107e-05	-0.0001269477283709711515	6.6437172011722696991e-05	-9.1269343286285543404e-05	0.00012677719632313199575	1.714806568415230649e-05
4	-5	4	-2.4744978835714148539e-05	-2.8720832662839451634e-05	-5.4973725450539576056e-05	-5.1797886457521831945e-06	-4.3972177977460323226e-05	2.2246096855649219887e-05
4	-5	5	-3.4829285833004237022e-06	1.1457021616023838276e-05	4.2754567220839480635e-06	-2.2956015984586960435e-06	7.0617995887242865171e-06	-1.1461218891277766326e-05
4	-5	6	1.5968876750637836406e-05	-1.2549238083859584527e-05	4.7053461242576383051e-06	5.005718969244931308e-06	-6.7247960635438588754e-06	1.2537591196943832583e-05
4	-5	7	-3.1261661699309763467e-05	3.2135275910511197617e-05	-1.4287320543449253643e-05	-1.3168171812723672133e-05	7.658577725713255335e-06	-2.7768851815094733456e-05
4	-5	8	1.5428313966341327383e-05	-3.028567013257084606e-05	2.3195541413125372177e-05	-2.4229444966474785164e-06	6.7830564000326943426e-06	1.3628494755880748852e-05
4	-4	-8	4.7045103317268736085e-06	-6.1795567501384019118e-06	-4.4982972839954646487e-06	9.3252382878203816534e-06	4.6014038078611687051e-06	-7.7523975189793913591e-06
4	-4	-7	6.8011263691397496679e-07	5.1722296883217023387e-08	7.2402997334781267917e-08	-4.6500606247450824242e-06	3.4726265118811070019e-07	2.6867330980733137053e-06
4	-4	-6	6.6465147811634502095e-06	3.1991373425605246201e-06	3.2581625762618464456e-06	-1.4603918493621588893e-06	2.2589014699344029328e-06	3.1063527946151221984e-06
4	-4	-5	1.6033799372395164971e-05	-2.1044420017690831318e-05	2.120192692156236885e-05	-1.2311390353415836883e-05	-4.1345020393337651363e-06	-6.9864237314199965646e-06
4	-4	-4	1.121630880495852222e-06	3.5731464664611164495e-05	3.7608407928460633194e-05	4.9082479004354392048e-05	-3.6486777047964780336e-05	-1.3351014339743230941e-05
4	-4	-3	8.8589447227756359303e-06	-6.7686044682916968749e-05	-9.1888798523809031679e-05	-8.5961086757499986918e-05	0.00013433032432877956811	2.4366722766110694281e-05
4	-4	-2	-2.806354487238939041e-05	5.173093848434598917e-05	7.0302314185674878114e-05	3.0778805795941374559e-05	-0.00019673171811612853027	4.1904265376809229221e-05
4	-4	-1	0.00023526043556503216945	-6.2900183102031513365e-05	0.00018057225777596988634	-6.5810475746367724358e-05	0.00021875271115624907821	1.1641170577344849053e-05
4	-4	0	-0.00030500119198073052332	0.00017410482550487803581	-0.00030500119198073052332	0.00017410482550487803581	-0.00020980837826661632062	-1.3781331979597975345e-05
4	-4	1	3.0798570443171532451e-05	-0.00027573084506293474034	0.00021325379244740118247	-0.00024157192003015784745	0.00072982088801691862717	0.00013663570013110754443
4	-4	2	0.00029305859758125261429	0.00036859758783613244017	-0.00014803823936392220516	0.00040550558768706786161	-0.00088219367389034963889	7.3815999701870802234e-05
4	-4	3	-0.00030418255186690857164	-0.00010534964892545113191	-2.6460073550883652846e-05	-0.00025431046831145449894	0.00037029663775469990076	-0.00019861442584800446227
4	-4	4	0.00016062446979380422653	-3.3441316046684361411e-05	5.0934169933003850018e-05	0.00010554196937707597669	-0.00010969029986080037651	0.00013898328542376033132
4	-4	5	-9.5137898802826050904e-05	5.1726142526792030481e-05	-9.4109735490211963386e-05	-2.7065133662099376228e-05	8.2253065009127899299e-07	-6.3033020951113122657e-05
4	-4	6	-3.0344455948887643558e-05	2.0569975540874426193e-05	3.6518111881304895046e-08	1.47556534205514223e-06	2.0253982707179296992e-05	-1.2729606799212855834e-05
4	-4	7	1.2273648956043446679e-05	1.6778154085073674001e-05	-5.3585880788544673406e-06	5.2235071033975126475e-06	-1.0075564019941664912e-05	-6.6026554181006632678e-06
4	-4	8	-3.8129825537976364902e-05	-3.09958320001858185e-05	1.0584039773329175613e-05	-1.763829695965801823e-05	2.4356932655652769411e-05	6.6787675202639018292e-06
4	-3	-8	-1.9863804860521965982e-06	1.9451282765119347432e-06	9.4468546883415568076e-06	7.0286199142806397576e-06	-4.5357607511541823137e-06	-1.6631683295992724316e-06
4	-3	-7	-4.4737214233529945626e-06	-1.1509426874091196806e-06	-1.3040209427460241381e-06	5.4368437868776976516e-06	-1.9975461235962722925e-06	-2.9877574443242245253e-06
4	-3	-6	-2.2168003193347420114e-06	-3.6387762842433048636e-06	2.080789609961162389e-08	-1.0080740146688924551e-05	-1.4882708276063004206e-06	2.6145192171822593155e-06
4	-3	-5	-5.1172491192978954394e-05	-3.4774500745062076668e-05	-3.4214287582105693203e-05	5.0948385438869400407e-05	-2.0409420405119747593e-05	-5.8388631859371300224e-05
4	-3	-4	6.1426037791674362523e-05	0.00010207036880624825346	8.3212019974270720547e-05	-3.7689371531748709892e-05	-9.8297718902867915798e-07	0.00013033739745505978588
4	-3	-3	-0.00018375844496588007162	-0.00021249585499424558654	-0.00016381764029629731333	-3.1906608740279723683e-05	-8.1193619658209462381e-05	-0.00025142119791871439397
4	-3	-2	0.00015565283454491436852	0.00024972832023359512604	0.00022906468574925012362	0.00012686853843162207477	-3.229135953404644162e-05	0.00030915383281975711283
4	-3	-1	2.6879727705715149419e-05	-0.00049752771119294806126	3.6560475595117747447e-05	-0.00052747293566188539413	-2.162515962492649325e-06	-0.0004076920377861361711
4	-3	0	0.00010445946819200657783	0.00040771894924553352428	0.00013927929092267545517	0.0005436252656607113657	-0.00016169458472229165003	0.00057240049195327253381
4	-3	1	-0.00031108319204573389206	-4.0042103069563404698e-06	-0.00026236385479382577776	-0.00026531284239331170581	0.00045724120380145839761	-0.00077992168595210982669
4	-3	2	0.0005175258641787057164	-0.00043485641269221532012	0.00028807610253833428006	0.00032928583167566877893	-0.00060293757454990993139	0.0013636415728979338086
4	-3	3	-0.00033042179399377498384	0.00055058983641449949289	-0.00033192543743670112387	-0.00038085642150225009579	0.00010863695455499886814	-0.0011149762033882495461
4	-3	4	2.3223591065874922323e-05	-0.00035465179460365082531	0.00024809262323733272289	0.00017176216075315368101	0.00016284587636212463678	0.00048347341516851609963
4	-3	5	0.00014241023369462348092	0.00015537137924423292815	-0.00012179571842486442085	-3.2229472805447800744e-05	-0.00018700561801061744266	-0.00014363478707865503245
4	-3	6	-5.6435872808428874778e-05	5.400036671303583074e-06	-1.8663132997105142022e-06	2.2201994942110560526e-06	3.6690758555763988127e-05	-2.4899247004301939524e-06
4	-3	7	5.237328214667348341e-06	-8.2297026806598561771e-06	-3.1978807000208473772e-06	3.0887382930339508384e-06	-4.363279279818848049e-06	6.026432228820182037e-06
4	-3	8	-4.1641098543600244442e-05	3.3773823000921119209e-05	-1.2234716142618020908e-05	-1.1623481418031555269e-05	1.6232530718318362263e-05	-2.1245717032222392407e-05
4	-2	-8	3.2671094476159666903e-06	-4.6802481410322318574e-06	4.4844344055805792252e-06	-4.4611213400638208195e-06	5.1244612241283864473e-07	-1.2248437355001607238e-06
4	-2	-7	1.42345330899208001e-05	-6.7037006228917086489e-06	1.9984915124816717733e-06	2.9278848011005146289e-06	7.5630213335314077592e-06	-4.6672245848239803085e-06
4	-2	-6	3.0789733854283777572e-05	-2.4428390828474429028e-05	-7.5992248539265963895e-05	4.1445356530118198493e-06	4.585723874927783968e-05	-1.7667105769986890659e-05
4	-2	-5	-5.4069777256150792111e-05	6.9549276946157366909e-05	5.0321696512080502583e-05	-1.1418972936578777123e-05	-6.3384500409752834722e-05	6.0207010731557408442e-05
4	-2	-4	0.00013722559435420592219	-0.00012340999322583273961	2.3698739157233788134e-05	0.00013721982062050655385	0.00012537622477558905184	-0.00019201990353608601654
4	-2	-3	-7.3066352773657258909e-05	0.0001193949116088894387	-0.00028782758680867125568	0.00014074222177124913967	9.4463254174237802651e-05	6.5365067631019825155e-05
4	-2	-2	0.00037712167115565829473	1.3125034854394117788e-05	0.00060644503324613875054	-0.00033280984854414596367	0.00014779830906517778472	0.00035905991825293419924
4	-2	-1	-0.00056151364814795319807	-0.00016721389898612855373	-0.00098377538768204997495	4.5031822345359860877e-05	-0.00027850381722771273395	-0.00075891924063523389602
4	-2	0	0.00044365657397139749221	7.4201436504189838923e-05	0.00088731314794279498442	0.00014840287300837967785	0.0016310944804002790523	0.0010766598450179911198
4	-2	1	-8.1382802280057601747e-06	0.00011730700782698224693	-0.00044227250985161097301	-0.00012050622029098127211	-0.00085199189879119887822	-0.00071024047188989153194
4	-2	2	-0.00026481330473067919446	-0.00046748838162424046242	-3.0905892576892025816e-05	0.0003229208413573744817	0.0004987207168844663089	0.0012578976046058554066
4	-2	3	0.00046441830277611767909	0.00076205419702786891985	-0.00024229162752157607191	-0.00013530529270271675281	-0.00078075215538254093533	-0.0011062757911723031159
4	-2	4	-0.00048270117344618654331	-0.00013946830073501015074	0.00057382267436279898315	8.343090217704187306e-05	0.00076961251062758603489	0.00018118375182353107372
4	-2	5	0.00024129809151588594001	-0.00013187202461847742315	-0.00015965853313579050107	0.0001144644497993731701	-0.00025690188646702491991	0.00015128339961453121198
4	-2	6	-6.7343429514733305031e-05	0.00012945913795459987349	2.0290994344391608759e-05	-0.00012115846637394062709	5.1659284457952738478e-05	-0.00012669224742771346254
4	-2	7	4.4307164306920609434e-06	2.4845407563988475351e-05	-3.8571279187553616824e-06	9.216368078823794602e-06	-3.6338745086112811408e-06	-1.1564127728329474381e-05
4	-2	8	1.5028886709686576292e-05	3.1566579473229751602e-05	-7.2455024324170026347e-06	8.4018609373027956897e-06	-9.3258189629475381693e-06	-1.3682824502289178572e-05
4	-1	-8	-3.6878242730737934439e-06	-1.013693806291829223e-06	-1.4134182664760823554e-06	-2.6328727991692032283e-06	-1.6672348532273864275e-06	-1.7773780324976423444e-07
4	-1	-7	-1.7828526009971375897e-08	-1.3944183108529392595e-05	-3.2510285625516454932e-07	-1.0985851769857305749e-05	3.6255536030754146554e-08	-6.3986972377514667387e-06
4	-1	-6	-3.1275917974321829356e-05	1.3547869465607932494e-05	1.8248673675694258471e-05	3.203823329808783946e-05	-2.3892057595496928751e-05	3.6922074273906477136e-06
4	-1	-5	8.7372168696025386469e-05	-5.3405302570263739695e-06	-0.0001565754706671506236	-7.4467917809153659774e-05	0.00010121282909025043932	1.0621159356209633457e-05
4	-1	-4	-0.00013405493246616655145	-5.2397573231315672639e-05	0.00057142906619577589142	-0.00045454825293490548187	-0.00027691219901511052431	6.1239490002410691054e-05
4	-1	-3	0.00025517166004208077876	4.7519832869424791244e-05	0.00035074848544170512737	0.00071535198200154651461	0.00022331271824220597783	-0.00017509088350794909847
4	-1	-2	0.00016480525621213716419	-2.0762667874288568453e-06	-0.00044554396825973764662	-0.00070488743793975365028	0.00055238249655414320589	0.00034829118539501908265
4	-1	-1	-0.00036299773266805317445	0.0003669988362963061846	0.0010978619111440515894	0.00090640275501566148174	-0.0025498528418162642872	0.00056159259016956325668
4	-1	0	0.00024318977224953655398	3.24266374129479623e-05	0.00097275908899814621592	0.0001297065496517918492	0.00072611935854487988026	-0.0038324378370184672936
4	-1	1	-0.00022944696043794048025	-0.00031505685345505681644	-0.001988649851634090391	0.0010719959816832408395	-0.0010708620098823285784	0.0023322233955034681052
4	-1	2	-0.00031415586015519510708	0.00037929362570578791132	0.00089648294067088286213	-0.0003262340040693694149	0.0010765531906458316452	-0.00092170425344626047588
4	-1	3	0.00044637945415094477291	-0.00026656300703833285017	-0.00056695968129902936296	0.00026123476483940442916	-0.0007841591659676028182	0.00044249559766424524047
4	-1	4	-0.0003914779705299535964	0.00033727966615286866011	0.00094710784463131972993	-0.00052733554535905520239	0.00062825493168778352888	-0.00046911355249263248781
4	-1	5	-4.4375466599181304257e-05	-0.00026323684769741310377	-0.00019851437980999869543	0.0003176583718832075103	-4.2025026826546939854e-06	0.00027412115253457199592
4	-1	6	0.0001151320067968863585	9.5465281659829460633e-05	1.2784956406330576665e-05	-0.00010101732815665873263	-7.4623845130202481023e-05	-8.0479742465996100377e-05
4	-1	7	-1.6985886087348454432e-05	-1.1371502911908156077e-05	5.8758907761411414554e-06	1.2310449661932665812e-05	1.05456335893621363e-05	8.2566373299378976205e-06
4	-1	8	2.2247083969780607533e-05	-4.023975682653534641e-06	1.4302658268397304725e-06	4.7490958009380678065e-06	-1.0944758756535338066e-05	2.6056248164440260081e-06
4	0	-8	-2.2914252545563919227e-06	3.7886804108911147855e-06	-4.9124809924527031694e-06	-1.505072354753777458e-06	-1.1457126272781959614e-06	1.8943402054455573927e-06
4	0	-7	-7.9579230490208562152e-06	2.0673405257407854028e-06	-3.492975847046301366e-06	-2.3701523574289646474e-06	-4.5473845994404889028e-06	1.1813374432804488016e-06
4	0	-6	4.1756866042757044392e-05	3.3821812944061094633e-05	2.7827093410468721306e-05	-3.4273320018365955209e-05	2.7837910695171361799e-05	2.2547875296040728626e-05
4	0	-5	-8.5038543043023263196e-05	-6.5712236698376594118e-05	1.0871325107547157149e-05	6.0820922055302258568e-05	-6.8030834434418613267e-05	-5.2569789358701278005e-05
4	0	-4	-8.0027517754172744491e-05	0.00014861991854067514262	-0.00060000806042837461721	-0.00052532523158187009737	-8.0027517754172744491e-05	0.00014861991854067514262
4	0	-3	6.9560714614867949902e-05	-0.00019910307024542363502	0.00052779935942256172004	-0.00036655205754736289473	9.2747619486490613422e-05	-0.00026547076032723153144
4	0	-2	0.0002331582277739539604	-0.00045140251837378541017	-0.0006569331071442540337	0.0019485615525290577929	0.00046631645554790792079	-0.00090280503674757082034
4	0	-1	-4.9508188791748260714e-05	0.00073059987813865105797	0.001244204829250702667	-0.0015892807010735410071	-0.00019803275516699304286	0.0029223995125546042319
4	0	0	0	0	-0.0014439337768829619332	-0.0008962650272033927893	5.4627905423608501614e-05	-0.0039126032041669235595
4	0	1	-0.0005508364433635607859	-0.0010105352533043882209	0.00058562917115046538193	0.0025557762050621942763	0.0022033457734542431436	0.0040421410132175528834
4	0	2	0.00057275071225090063657	0.00094177371965297222104	-0.00086390933861525286055	-0.0029792400633033054927	-0.0011455014245018012731	-0.0018835474393059444421
4	0	3	-0.00028264241933017360698	-0.00026259184662819404481	0.00030063908485623402466	0.00085943083294021745296	0.0003768565591068981065	0.00035012246217092535695
4	0	4	0.00018807924760717113495	0.00052472608196446742998	-0.00021756766244645825599	-0.0013393005442724839355	-0.00018807924760717113495	-0.00052472608196446742998
4	0	5	-0.00031100565254864711087	-0.00016012382386821819285	0.00024706481471354122372	0.00037971279125521573963	0.00024880452203891766701	0.00012809905909457453802
4	0	6	0.0001496711452321422412	-4.3537364897209833068e-05	-0.00013472703404230959297	-0.00013560075090455282797	-9.9780763488094831987e-05	2.9024909931473223175e-05
4	0	7	-3.0561021277295437597e-05	1.9921722118941897426e-05	2.075869403571843264e-05	1.9234645814420898291e-05	1.7463440729883109134e-05	-1.1383841210823942354e-05
4	0	8	1.8903610072867130768e-06	-2.0021877684415048307e-05	1.4496692927602189618e-07	1.7196884422024953245e-06	-9.451805036433565384e-07	1.0010938842207524154e-05
4	1	-8	1.7086527784546212797e-06	2.5388660656542461199e-06	-1.0437053141203482032e-06	4.7452630444575285518e-06	7.2386322496226719387e-07	1.8625909133843142348e-06
4	1	-7	1.4432841546989274609e-06	2.1972384889863039784e-06	-2.9508877848365201407e-06	-1.0661663207482245047e-06	4.0317840485131276179e-07	1.1032553764567129677e-06
4	1	-6	2.1717548103595349515e-05	-2.6473990438600494227e-05	3.8559736130454830302e-06	-1.1738424810940370182e-05	1.5121027671237813656e-05	-1.960573109422372395e-05
4	1	-5	7.0155804701787377337e-05	7.7717582375930223805e-05	2.0490420897418994416e-05	3.3064831249632421002e-05	6.0222727940913697365e-05	6.8787032150670665955e-05
4	1	-4	6.2170803292108553994e-05	9.4175117618086642119e-05	-0.00038516271070513003784	-6.0867823604341531182e-05	-3.4119874384173955466e-05	7.8958161717001252547e-05
4	1	-3	-4.2192682251586219823e-06	-8.4924991549749888212e-05	3.3387310672045988208e-05	-0.00015625585062249664836	5.5034125904705003752e-06	-0.0001653186056071654004
4	1	-2	-0.00031294657371859545356	-9.0350003164361975113e-05	0.00056610733186629913667	0.00058763794293280899404	-0.00034283948150404128458	0.00011311896513768051969
4	1	-1	0.00027007391347563493777	0.0011890368516865111159	-0.00053976196230897364754	-0.0030791156580799909984	0.00054053369159356610355	0.0016770317486660532482
4	1	0	0.00010626935582481939261	-0.00035285060616520953682	-0.00042507742329927757042	0.0014114024246608381473	-0.0018680039173663350472	6.1545757791038299664e-06
4	1	1	-0.00075613406633678968	-0.00014203319907320305858	0.0012819308676659171148	0.00092000723365463722616	0.0017426053976812416052	-0.00035187443736182504603
4	1	2	0.00081963074677621130127	-0.00027728157230726401547	-0.0017699522235096445868	-0.00085080979236018213809	-0.00075428538179760041757	0.00097996804079461909999
4	1	3	-0.00044906701410446465484	0.00027432533636118365712	0.0011011570411446700967	2.0349833942149610639e-05	0.00023170367175772956176	-0.00037255039312896138029
4	1	4	0.00041151422779579950725	-9.7498769732222195956e-05	-0.0014014995499140852492	-0.00010830612072521158228	-6.113934031727822206e-05	0.00012457529991352509153
4	1	5	-0.00023659457792546856759	0.00020911840788881983291	0.00041296435641170693622	-0.00010033675864575859618	0.00010668279105803345598	-0.00014722737458190416878
4	1	6	3.6708622046298898522e-05	-0.00013871304686658694413	-0.00016115858952772105076	5.488684275848047659e-05	2.3873502237542410849e-06	8.3327557451311209881e-05
4	1	7	-2.2772515542950236524e-07	2.2450457925160786519e-05	2.1318582142267813317e-05	-1.8443276932200759359e-05	-2.9153830743642579207e-06	-1.0194079252634627642e-05
4	1	8	-1.2196239745514725699e-05	-4.7272184482380478454e-06	2.0561937754385397412e-06	2.0358160445180993729e-06	5.8410956508275452232e-06	2.109132218554261554e-06
4	2	-8	1.3001933332493094488e-06	1.2041061752698844918e-06	6.2107531473445614406e-06	1.7701940346312686349e-06	2.2027849534607950846e-06	1.0446015962927593517e-06
4	2	-7	3.4309816332678280356e-06	5.9326772344251893322e-07	6.149617104683414725e-06	6.15613640443603196e-06	3.7175943917768773099e-06	2.0979062432345914395e-06
4	2	-6	-3.9683691353408460803e-05	2.313164812239008538e-06	7.3281727032303357102e-05	-0.00012582280295168169577	-2.0285518915045203721e-06	-4.039882444240122482e-05
4	2	-5	8.0044987764490827908e-05	-2.4399357400664993035e-05	7.5153149782166125199e-05	6.5912404594059347896e-05	9.4097250124459112406e-05	6.8454759170917410033e-06
4	2	-4	0.00020782911991619630859	4.8321774062494921899e-05	-0.00031288662745269213818	0.00016512775041946692908	5.1385806189850246272e-05	0.00013088564927222839322
4	2	-3	-0.00023691251211572757554	3.6960417806128580251e-05	-0.00011954633209653967735	-0.00022281968538808417349	-0.00039558090421866319185	-9.9265899850551337475e-05
4	2	-2	-2.4118062826076320203e-05	-0.00024034858544680378473	0.00056819966225023351911	-4.1271514989727742297e-06	0.0005199635365980808787	-0.00048482432239258031574
4	2	-1	0.00043443277873594546941	2.4745038021179487976e-05	-0.0010425599842654416968	0.00024040170071535745997	-0.00034738885358710173273	0.00057978355351543287184
4	2	0	-0.00031632951742442070578	0.00024032152266500816191	0.00063265903484884141155	-0.00048064304533001632382	-0.00088684375377789514266	-0.0010034659262992641146
4	2	1	-0.00033663416794956217866	0.00020424172328103044395	0.00093804050634539606988	-0.00030659207970562134303	-0.00052954434089254342512	-0.00020378273371287914393
4	2	2	-3.1161133493522343149e-05	-0.00042125199768083717829	-0.001120150707918413438	0.00083237397933657870496	0.0011824729749054581785	1.0130016025095600797e-05
4	2	3	0.00025922692452292272428	0.00025790532492759373363	0.00057423096174519369303	-0.00093618141814006826558	-0.00072845654052735946387	0.00028024717885658716274
4	2	4	-6.7006580305653968546e-05	-0.00039717377058292750508	-0.00038537533780694873016	0.00086639327757346683984	0.00025969424920912830652	-3.6022868203805928394e-05
4	2	5	0.00012552317243481021596	0.00013685445491687251102	-2.3424363710661480638e-05	-0.00017728926526499385209	-9.1048792463583591355e-05	-3.8567857827500478824e-05
4	2	6	-6.6294998922318627344e-05	-8.707182913222067896e-05	-1.2866752132086421706e-05	0.0001613779818635612776	4.8485583325574557669e-05	4.2552254669600315742e-06
4	2	7	-7.2710420121957508667e-06	3.6089596505570004411e-06	1.9445115747060176631e-06	-3.3257856370460483967e-06	3.59930641419585241e-06	-1.1120381897337008312e-06
4	2	8	-5.8590218688615903307e-06	5.9113923765696831645e-06	1.1098406961386855682e-05	1.0174236356311912357e-06	1.5490919408408132434e-07	-3.2100520971926396029e-06
4	3	-8	2.8817708812519446783e-06	8.2108227909511909964e-07	6.0661660503811867706e-06	-2.8712707814580611594e-06	3.7156977095189172722e-06	-6.66185403499213332e-07
4	3	-7	3.4906805602782690507e-06	-3.6289475775818426005e-07	2.7242459732083958427e-06	6.1512470211843311719e-06	3.1622085943911805935e-06	2.4288802903600368814e-06
4	3	-6	-4.8682730583311152757e-06	-8.735692070089189491e-06	1.4531379269840933021e-06	7.1094753476254185374e-06	-2.5189464087286968661e-06	-2.269057039580083443e-06
4	3	-5	1.7262340174519414288e-05	-2.102201240472560925e-05	4.162818577392421351e-05	-5.8369235035251484348e-05	3.8786783603970059536e-05	-5.1839150944931375298e-05
4	3	-4	7.6647491285886429867e-06	-8.4402068943856668835e-05	3.3429582259133094489e-05	0.00015114729735528849883	3.2736935822938462159e-05	2.8958404072609691732e-05
4	3	-3	0.00013280497456188248575	0.00014005993851381938909	-0.00023482270966195266555	0.00011713517642949965408	-5.7749410246109346705e-05	0.0003038817611145921819
4	3	-2	-0.00017477140375236129444	0.00016640480192579704924	0.00011262479578643491511	-0.00057480832923110527187	-0.000180605613825070223	-0.00052940288999506375511
4	3	-1	1.7126012334353145052e-05	-0.00049049032357398141251	0.00021819442241766343472	0.00077427252047638551753	0.00072308731659040284372	0.00036085626713323095674
4	3	0	0.0003873439881139005515	0.00014926459188774400294	-0.00051645865081853406867	-0.00019901945585032532822	-0.00054450888409895167961	-0.0001555348884770277947
4	3	1	-0.0001098659255062235993	0.00034895120552509359402	5.8433915789805413246e-05	-0.00064393769512903530419	0.00026416195465547815746	0.00053600826328673142809
4	3	2	-0.00023324849678610013164	-6.0113349884713871937e-05	0.00030475361531537000035	0.00071338479239251831234	9.3665705991452627606e-06	-0.00094985048881934971109
4	3	3	0.00011636419470506206321	-0.00015505581880418032692	-0.00028485234570190448361	-0.00060579015528621914417	0.00012970008609515504792	0.00081253124702512628287
4	3	4	-0.00010508306029049158993	9.5033001049820898143e-05	0.00021015978127029023414	0.0001730715210151589239	-5.25367756622260789e-05	-0.00022483664181119009107
4	3	5	7.4847621679921040073e-05	-3.2316833853230110258e-05	-0.00013958725305764598163	-2.824270502739556306e-05	2.3874254490650760309e-05	4.2799090099021425365e-05
4	3	6	-3.5980463081993640682e-05	1.4630821935475738821e-06	7.4579643937803543306e-05	-5.6623295780983578021e-06	-1.3302846580906010069e-05	1.8557766600174631914e-06
4	3	7	-1.2090273529956970733e-06	4.985592472264300509e-06	-2.9135679397941630542e-06	6.8685230828474455058e-06	1.9395447473378967189e-06	-5.7925627339427913429e-06
4	3	8	-4.1898032574359834809e-06	3.6873500228601274621e-06	7.0290975368047885807e-06	-2.2841677423814418086e-05	-5.4100994758380418907e-07	6.7219540225003436863e-06
4	4	-8	2.0833156650342023377e-06	1.0940987278773226051e-06	3.424151802414668412e-06	-8.4369769160484752498e-06	2.7537337337244353749e-06	-3.6714390940855764283e-06
4	4	-7	1.6741272274720821359e-06	-1.6429465589073938774e-06	4.3421462537190202963e-06	4.1819053007332153242e-06	3.4378705606806300218e-06	1.4508335667576122553e-06
4	4	-6	-3.8450864119146056157e-06	-3.558143369670604834e-06	1.4000729892152619311e-05	4.5266762375092729358e-06	6.7704289868253416163e-06	6.4568857855911192665e-07
4	4	-5	5.0933551733067803974e-05	-1.0710683227751097611e-06	-5.1848254191964557888e-05	-0.0001311979246545278018	-7.3176196711740344928e-07	-0.00010581519438184234399
4	4	-4	-3.666800120164939123e-05	2.524111192412264708e-05	6.0186824030120915244e-05	8.3520299168789442035e-07	2.3518822828471527402e-05	2.6076314915810539912e-05
4	4	-3	1.9542083665413834028e-05	-0.00010460422596796763465	-2.930354212967086167e-06	0.00010111070071566195295	2.2148972603262331047e-05	-4.6580336697409109118e-06
4	4	-2	0.00028171223266365650467	5.208536156720384384e-05	-0.00039774255922422587428	-9.5857672079879989772e-05	-0.00023206065312113879342	-8.7544621025352305417e-05
4	4	-1	-0.00033672441397772671576	0.00016408266642856163286	0.00044981273526118885657	-0.00019289459051815972097	0.00045235328513384845481	-0.00011524769635839243373
4	4	0	2.3000280139880372051e-05	-0.00038797358561328931358	-2.3000280139880372051e-05	0.00038797358561328931358	-0.00053069829229771610813	0.00040189048284370763268
4	4	1	0.0003321983702858157016	0.00025684931696300794405	-0.0004718607418272088177	-0.00017260137054631095703	0.00055864948616557235598	-0.00033699178566678800227
4	4	2	-8.9757904416770168841e-05	6.6580508919770247322e-05	0.00042841719688587647299	-9.1341821376904769889e-05	-0.0006773185849382125541	4.9522624914269051911e-05
4	4	3	-7.0775867040121407075e-05	1.9127752758996437703e-05	-0.00020279360588619011786	-5.7291243321985950107e-06	0.00036475929723508201518	-1.7864837902397121331e-05
4	4	4	6.0924619134257550953e-06	-1.8684372149485049049e-05	6.5010303755800937539e-05	-3.8569064160414709202e-05	-7.1102765669226695175e-05	5.7253436309899758251e-05
4	4	5	-1.3007089017530096744e-05	6.698619426408405225e-05	-3.8010721213953532001e-05	5.764113710739936702e-05	4.0814248185186898931e-05	-9.9701865097186729995e-05
4	4	6	-1.8751541504120732424e-05	-3.60035710496316001e-06	3.844314674110930246e-06	-1.4386637068027125205e-05	9.9381512200065336561e-06	1.1991329448660190143e-05
4	4	7	3.4166216059691174501e-06	-3.505898834032450652e-06	1.092612908003524834e-05	8.1917900069602723876e-06	-8.1958575348596368685e-06	-2.6776520988158980136e-06
4	4	8	-1.9005976166329111641e-06	9.0817108792026153471e-06	-2.3680843763286043831e-05	-1.904012643239167332e-05	1.2790720689959476756e-05	4.9792077765945298332e-06
4	5	-8	4.2274756977829684658e-06	-5.760026541875319978e-07	-8.0314898379218534576e-06	-6.1726723544825204507e-06	-2.9059432998096741781e-06	-4.1459215486453410688e-06
4	5	-7	-4.5725767073890527737e-06	3.7089257608284761801e-06	1.8179948424417950302e-05	-1.4570075338123123185e-06	1.0372776470361935071e-05	1.0786664820360491998e-06
4	5	-6	3.4490466941349375456e-06	-1.9505467252463250006e-06	-2.0943144754430732978e-06	6.1611913803618550682e-06	5.5410239988739728228e-07	3.8339616668039957486e-06
4	5	-5	-9.1919386985232245485e-06	-5.4853863398351208322e-06	5.0688730326690750107e-06	6.4008187340878756102e-06	-2.284677926149503527e-06	2.0125096622197786903e-06
4	5	-4	-1.5330830265242530755e-05	-6.0316565695615088295e-06	9.0451916652474430216e-05	-5.1218844838813643082e-05	9.7734065550350503627e-05	-7.0055212618078558447e-05
4	5	-3	-3.0541202090099928374e-05	2.4953756165481938e-05	1.3552864202924630303e-05	1.3517961932080869175e-05	-1.813349578192552066e-05	5.5801611440777366523e-05
4	5	-2	-3.8980747876368340525e-05	-8.7450807670763736307e-05	2.1195097283912607843e-05	5.7793187443070356596e-05	-2.4973752542955156362e-05	-3.0418646733851577735e-05
4	5	-1	0.00014671708758487491124	6.8763094421920320596e-05	-0.00010320256861823984718	-7.6060726212939488143e-05	7.0855507248300449727e-05	-0.00010525125337701617188
4	5	0	-0.00026620225210691184081	-2.0786909632325275243e-06	0.00021296180168552946723	1.6629527705860220618e-06	9.6538927609834786149e-05	0.00015255636838916206512
4	5	1	0.00019680750985384971971	-0.00010296437063604426114	-0.00014274264352772710182	0.00010224891228436258303	-7.3516821776763423973e-05	-9.9387078877635897669e-05
4	5	2	-5.1140222784544381329e-05	1.5724123428649459765e-05	5.2431397581653011158e-05	-5.0623471419187669133e-05	-2.8798048385043772013e-05	9.5110431690670246526e-05
4	5	3	6.4093702154638601954e-05	3.5736183895869477484e-05	-1.5631460691719832308e-05	2.5488540709103997187e-05	-5.9405835053318422202e-05	-9.0129146376332635346e-05
4	5	4	2.0255352476696176429e-06	1.1150719167266620127e-05	-4.2498874562132334131e-05	1.8188319030321660857e-07	5.1098057954995807644e-05	-1.1378073155145641054e-05
4	5	5	6.7915301386074733539e-06	-1.265666207007753415e-05	2.075836333249091799e-05	5.0320339544188810707e-06	-2.6191587443376895318e-05	5.0932957016431465878e-06
4	5	6	-4.2787610241439605311e-06	6.4547435502276892465e-06	-1.0051401685270355227e-05	6.6014185985798066894e-06	1.1228675420487935812e-05	-9.8043445323016323035e-06
4	5	7	-2.7181563929115593581e-06	-1.4820317828410034343e-05	1.8928188539777366528e-05	-1.6460137093741932196e-05	-1.196690244674865549e-05	2.0225993826049972645e-05
4	5	8	7.659474124243515031e-06	4.6900887656375727158e-06	-2.4074766865351890371e-05	1.4554555310703480602e-05	1.121699222872317439e-05	-1.1441641452008460887e-05
4	6	-8	-1.1597126511023225407e-07	-2.4804162877841842702e-06	-2.2321243768145112206e-06	2.044027454912504037e-06	-1.7320789151659995756e-06	2.9281244729228568091e-07
4	6	-7	3.9204637099319678551e-06	8.2593188595707136152e-06	1.2215059659779452888e-06	-1.4064494938282818198e-05	3.2872700907993631866e-06	-7.3356705987734361474e-06
4	6	-6	-1.0783523540764648424e-05	-5.5322602755263373332e-06	1.1747993103685226018e-05	1.4112604638206994822e-05	4.5589774098421273515e-06	1.04244311211894366e-05
4	6	-5	5.809719530333449715e-06	1.5678261875109909058e-06	-7.9485682944199174136e-06	-3.162801904282294214e-06	-4.8905063290371419713e-06	-2.5411013351299602474e-06
4	6	-4	-5.0856297980128920006e-07	-1.1850730484646890003e-06	-4.5413994015873386734e-06	5.3999613497246259377e-06	-7.3206620821822979513e-06	6.9148689761222503297e-06
4	6	-3	-2.1261401732840365299e-05	4.6063554957856890003e-07	2.3249068890597512613e-06	1.3500083898984633834e-05	-2.3698721865667653186e-05	2.7614348530740692728e-05
4	6	-2	-1.9981687260613545349e-05	1.1892995348882129711e-05	1.8837600771933018021e-05	-1.8221093636923136439e-05	1.6549427794571970141e-05	-3.0877290213005153282e-05
4	6	-1	-2.4906657803988501257e-06	-5.4638588364024426249e-05	6.4866714740297246587e-06	3.8654918125775465697e-05	2.8957365722582945755e-05	1.3375155298555099352e-05
4	6	0	-1.2007709520949726427e-05	6.4967703772897397794e-05	8.0051396806331509516e-06	-4.3311802515264927345e-05	5.5215863620575381782e-06	-1.0912860646963155997e-06
4	6	1	2.0187217276328197333e-05	-5.2766732248807205526e-05	-7.9613211807158111073e-06	3.5783827358270618398e-05	-3.2980942021017926077e-05	-3.6360351543948937911e-06
4	6	2	-9.2487885455273729238e-05	6.1692845358566030987e-05	2.8128698910353361183e-05	-2.6363653085581215016e-05	0.00010058967417948737832	-4.4294731460388413538e-05
4	6	3	1.7042696013419171347e-05	-6.1766270226861359196e-05	-2.3564190081622977876e-06	8.6858076661902423133e-06	-1.8010756668234300683e-05	6.4983411636768004466e-05
4	6	4	-5.9848503665707119772e-06	-1.3707753499155349498e-05	-6.0496025393975011927e-06	3.3076282083312442416e-06	1.5059254175666963343e-05	8.7463111866584835588e-06
4	6	5	2.7427263509393863169e-06	-8.2907101490643130481e-06	-5.6147353225137761133e-06	-7.3040627611306522862e-06	4.5435013062650222824e-06	1.5397443432608234198e-05
4	6	6	7.7819282603600139933e-06	1.3556014826614676237e-05	1.08015096785821577e-05	1.5097846044127765866e-05	-1.5989461852155500927e-05	-2.4135189261870883357e-05
4	6	7	-1.6692743268855180671e-05	-5.1573858831226153133e-06	-9.3151658717019325534e-06	-2.1797417731257596199e-05	1.7523138329376044945e-05	2.1630578560005149318e-05
4	6	8	6.9454145748708330464e-06	-9.1383865191293270539e-07	3.9564553234858758606e-06	1.1969296836774676713e-05	-6.4400487800498229952e-06	-8.5200533016245409701e-06
4	7	-8	-1.2202085924887503125e-06	-7.8701846218727125068e-07	9.4927872144045721872e-08	7.0446038483257299599e-07	-5.2704240811833514796e-07	2.2289360563486573292e-07
4	7	-7	6.1023378769443796575e-06	-9.9356748588128887016e-07	-4.9567685077111221949e-06	-1.9018959645065605642e-06	-1.4697182923143336679e-06	-2.4696488135815829572e-06
4	7	-6	-1.0450472258688161005e-05	1.1638749360603392773e-05	1.3623999834062876476e-05	-6.0308200786078275794e-06	8.9276849672812482703e-06	7.2320948202646353516e-07
4	7	-5	2.5543405621234324092e-06	-1.9845849519316905899e-05	-1.0399145773016043665e-05	1.8076767825580000672e-05	-1.2515331632523715204e-05	9.4307953403584779151e-06
4	7	-4	-3.8632155550761330308e-07	4.665135407347669575e-06	6.144756103714228265e-07	-6.902805107502876897e-06	6.890107626423767227e-07	-7.4147735307823645713e-06
4	7	-3	5.0129503310444332724e-06	-5.695313133035245483e-06	-1.6452819494156799386e-06	4.2672587998141163346e-06	2.8449425594226584043e-06	2.3631863555192776114e-06
4	7	-2	2.174624007839026213e-06	1.3238927603523461984e-05	-3.5612133985789829077e-07	-5.642672333014733822e-06	3.1028233261754081172e-06	6.728502041495355168e-06
4	7	-1	2.4814187359659152504e-06	-1.4515582320968782302e-06	-1.0916844682670466716e-06	-1.4363336367406854781e-07	2.2838836659943351472e-06	-6.811666474105992279e-06
4	7	0	-4.2950830164686472151e-06	1.2304967599311883271e-05	2.4543331522677982876e-06	-7.0314100567496480674e-06	2.9383258369945390866e-06	8.0031726008375104025e-07
4	7	1	-3.867765895257938105e-08	-2.0809465650817425863e-06	-3.8591810900678163708e-07	5.5606413288923544855e-08	2.8561373988577889837e-06	7.9345413673045047835e-06
4	7	2	-3.0270737889423055091e-06	-6.3562545991728478499e-06	5.9862003122323331259e-07	5.4261323761575575977e-06	3.9589774686032946888e-06	-6.2789541182057563156e-06
4	7	3	3.8443030548111747013e-06	-5.181495115654958516e-06	-5.1062023965884635731e-06	1.9183290990423648955e-06	6.7887348522915154023e-06	2.4325589231077595082e-06
4	7	4	5.3531184456545374416e-06	9.7213592239933661464e-06	6.8820362542984350512e-06	-3.8043930566131283555e-06	-1.7396681890676797934e-05	-3.0636713749203912066e-06
4	7	5	-1.5420969628297099109e-05	-7.9833343238062995205e-06	-1.7136027215936203562e-05	6.9659059876927318067e-06	3.6327213804948361563e-05	-3.3656009237247854211e-06
4	7	6	1.6480276184840122431e-05	-2.6866096246487023069e-06	1.6700218002113590164e-05	-5.2461205669240416988e-06	-3.0470438459025937376e-05	7.911547077843849763e-06
4	7	7	-4.8028828209155292626e-06	6.4476095679622196674e-06	-1.1030806888606599166e-05	6.9064815751057271194e-07	1.3775311357701187074e-05	-4.3749964820604122798e-06
4	7	8	4.6502010576229786368e-07	-2.1465813954710717353e-06	4.5872542622082858259e-06	-2.5885686036159002205e-07	-4.2463575323133990295e-06	1.2997904505519272098e-06
4	8	-8	2.6718642708394236026e-06	1.9830110648091864715e-06	-1.4189537956980471435e-06	-2.3751593260556117742e-07	-8.3021660278335395085e-08	7.5398959979903208481e-07
4	8	-7	4.4087390381837536083e-07	-1.9741401037182468524e-06	-6.8812223126164412649e-07	5.1734220004537035249e-07	-5.3449746211709302072e-07	-5.3683183064428919685e-07
4	8	-6	3.4859459417602049202e-06	4.8358707042590863849e-06	7.9118514156802182533e-09	-4.0659659263105535893e-06	2.3345130963943767589e-06	-2.1973740989080135802e-06
4	8	-5	-1.0459421651063571568e-05	-3.2145438882116958269e-06	5.6135475596768639848e-06	7.4028122458681866789e-06	6.1413877463212418974e-07	9.2728644828197427023e-06
4	8	-4	1.2867261003136323729e-05	-2.6538315443556377714e-06	-1.2382765031782850024e-05	-3.0094544652863861167e-06	-1.1898269060429374626e-05	-8.6727404749284108519e-06
4	8	-3	-4.7354390275679565767e-06	4.7014649361975938065e-06	9.6059732073831069889e-06	-1.2342927144528174822e-06	1.9302009849597678794e-05	2.9771726763892790207e-06
4	8	-2	1.8039908401747782861e-06	1.7621785031406314939e-06	-3.3592107328112198947e-06	1.1419478487670029787e-07	-9.8288612508953230066e-06	3.9811361457880642322e-06
4	8	-1	-2.3130774368976480632e-06	-3.6575723875368120317e-06	1.6004515695984611117e-06	1.5602014790907475891e-06	3.5513028091970957941e-06	-2.148677717421267837e-06
4	8	0	3.938493393611682862e-06	4.1379585225474586909e-06	-1.969246696805841431e-06	-2.0689792612737293455e-06	-4.6639764590734640056e-06	6.219313913653037914e-07
4	8	1	-4.1540923840331470151e-06	-5.1174178755107821041e-06	1.0808974397449792663e-06	2.5188560621944438241e-06	7.9691900181727539298e-06	3.1882300448757967661e-07
4	8	2	1.2281118165933181034e-05	6.1572502814449716745e-06	-2.1004598334470931389e-06	-4.7051306518225769604e-06	-1.6160396998077991207e-05	6.5060220444003636457e-06
4	8	3	-1.7627523933632992481e-05	-4.0922105529663042105e-06	7.925571228920850814e-07	9.7492820637592183207e-06	2.1389879583798430322e-05	-2.0541804766069507649e-05
4	8	4	1.6740803192439047265e-05	-4.1538471240658299103e-06	-2.6227037736163281993e-06	-1.0946156725097760254e-05	-1.1495395645206390019e-05	2.604616057426134703e-05
4	8	5	-8.249412453809016753e-06	1.5065658468450477669e-05	7.4074656977371918231e-08	8.4886296734972954675e-06	6.4810105118834180791e-06	-2.5634334252356054206e-05
4	8	6	6.2306523692495935323e-07	-6.3914572167381048727e-06	4.5977833485315762745e-07	-5.9934899853105602576e-06	-1.0284146044208498093e-06	1.2252291458239484721e-05
4	8	7	1.3635815539632959025e-06	2.0531218077756792038e-06	-6.9207490176564665321e-07	2.8167026218858865021e-06	1.1753285467427009972e-08	-4.3923011723128294701e-06
4	8	8	-1.3184336187657892821e-06	-1.3997738943494884251e-06	5.1922140506531055593e-07	-2.1032733907450667787e-06	1.3999540431758403216e-07	2.8031603379198109913e-06
5	-8	-8	-2.3547022871275047362e-06	-1.0295734280591957658e-05	7.1837379701931538184e-06	5.7557693248912549679e-06	-8.6554268996478451255e-06	-1.2190603250261228716e-05
5	-8	-7	-1.4354968288109838515e-06	-3.3794076049454893516e-06	5.8749333044810235719e-08	5.1559572707286131457e-06	-1.0924969726304857414e-06	-8.3063851700794787857e-06
5	-8	-6	4.9001013870560629399e-07	-5.264999440521237258e-07	6.2795256804519244315e-07	-1.6307183101790920315e-06	-4.2892830847225138117e-07	1.7355411268620197626e-06
5	-8	-5	-7.7103077558585864459e-07	1.5946481192314561019e-06	-1.2741029686414362136e-06	3.0199591468623131275e-06	1.2675339742404391278e-06	-3.2372865157482449868e-06
5	-8	-4	1.447230717880753782e-06	-9.1680069659101389122e-07	2.5648817486808188945e-06	-1.9781658650862001276e-06	-3.3207251000106952967e-06	2.8103308594336328383e-06
5	-8	-3	-5.4760361092352585031e-06	1.6862727750762063689e-06	-7.5216982838205836411e-06	2.2681121868799929985e-06	1.0931135241462791358e-05	-3.2378445398863035538e-06
5	-8	-2	1.7465345421837613735e-05	-5.5601901000418932103e-06	1.6237695298398589219e-05	-5.6157278757221251028e-06	-2.1287417639000319149e-05	8.5624362527837656915e-06
5	-8	-1	-2.1923622423305746878e-05	1.1320464027998995238e-05	-1.6546748221180194207e-05	9.0052595035417319343e-06	2.2755873652912815883e-05	-1.5439755888338875896e-05
5	-8	0	2.0226476716603393284e-05	-1.6035197603486086058e-05	1.2641547947877119956e-05	-1.0021998502178805057e-05	-1.8652827172658080485e-05	2.0563131641174451947e-05
5	-8	1	-1.5758128533774820856e-05	2.2270058247313211054e-05	-8.0134107356519933279e-06	1.0438898536486279815e-05	1.4683356783658167819e-05	-2.7839102944675816749e-05
5	-8	2	7.4608382536033800611e-06	-2.3160696348511576462e-05	2.8951208508336227872e-06	-6.1862886494752441125e-06	-7.0716122306739585804e-06	3.3156586273377961318e-05
5	-8	3	-2.7044517749532143275e-07	1.932279953586228674e-05	-1.4667968301789264134e-06	1.5448424407884021919e-06	-3.4607162513182679065e-06	-2.8085086051001407082e-05
5	-8	4	-2.6261246517437854511e-06	-1.7852207609486854116e-05	1.7935800828364755587e-06	1.1642475260150189909e-06	6.8698159803526831431e-06	2.4643754563888606898e-05
5	-8	5	6.0024402153842727948e-06	8.5650300551720777285e-06	-4.0722415010623274769e-06	-4.4927916448375930494e-07	-1.2518026617083997435e-05	-9.2838767183460915153e-06
5	-8	6	-3.7724919497539654171e-06	-2.0718438593598739896e-06	2.3177613120337664569e-06	-1.3128666272895172606e-06	6.2340917075066593666e-06	-2.3952286919461546928e-08
5	-8	7	1.1824541007721686711e-05	-8.1822860465215664519e-06	-3.0367125964695806989e-06	5.9386867965646994552e-06	-1.1916629401480724866e-05	1.2631560657875062339e-05
5	-8	8	3.4145207467011166999e-05	-1.5809743817839848025e-05	6.5911765996667733458e-06	1.2451200024048656522e-05	-1.4749578067215206876e-05	2.2332289910198561961e-05
5	-7	-8	3.8026540262556920559e-06	-2.93301813418116822e-07	-5.2387254737580401677e-06	2.6793785893626659097e-06	6.9605435559480926817e-06	-2.5277698990786558369e-06
5	-7	-7	3.1215396373775016123e-07	1.0360485914339863175e-06	1.3425435451038654547e-06	5.1278237052380484133e-07	-1.1195764281483297462e-06	2.2725233764332825393e-07
5	-7	-6	-2.0184674048019379201e-06	-3.0394547538425842827e-06	-2.5676473936742806429e-06	-1.780541345504789804e-06	1.3135324552850457461e-06	-4.5558072511323204266e-07
5	-7	-5	1.0025743630071570129e-06	2.4527994400868917371e-06	2.1815812245005317505e-06	3.6559970935358285533e-06	-2.0516393512935872261e-06	-2.6655964908632681529e-06
5	-7	-4	-1.6289116996755169958e-06	-6.0443146381497188309e-06	2.045548042568805217e-06	-9.1454282534961635559e-06	-5.6158486990898052156e-06	8.4491061459311372607e-06
5	-7	-3	4.3505179190366320482e-06	7.0255813969818898873e-06	2.3372430838788292371e-06	9.1498363843121654153e-06	1.7972960026771175388e-06	-9.6403159017585694904e-06
5	-7	-2	-4.8508452386152315689e-06	-9.3335317282676348637e-06	-3.3397482274061795145e-06	-1.0371404139537435848e-05	-4.3799430061645104503e-07	1.2966085167711939154e-05
5	-7	-1	5.4262489558978037332e-06	1.0091232423368329342e-05	4.2398737264101482133e-06	8.9333686104758276881e-06	-2.5478713053820230622e-06	-1.207741815648915558e-05
5	-7	0	-3.1178219003027184173e-06	-4.4061358289169555108e-06	-2.2270156430733705401e-06	-3.1472398777978256673e-06	2.2585080728592701511e-06	7.9763523214006878048e-06
5	-7	1	3.5373080766930712265e-06	1.3092108271507337601e-05	1.5676337591640956858e-06	7.74201795861587329e-06	-6.7131040693166865437e-06	-1.1266415647225578364e-05
5	-7	2	-7.1284812648792695685e-06	-1.2457324751654603827e-05	-1.6794362579922053785e-06	-5.8095617172932201197e-06	1.194317625922545372e-05	1.0809845868610236608e-05
5	-7	3	1.119259737252556996e-05	1.2925301739867727023e-05	1.7052272876838609264e-06	5.3037081601400311615e-06	-1.4675465282946940893e-05	-9.1668505261194703515e-06
5	-7	4	-1.7249313786281992509e-05	-1.3352705173362121931e-05	4.5703282125664096108e-06	-5.1504383549896960191e-06	2.9559716604843708091e-05	7.6776143454706841687e-06
5	-7	5	1.9964387671897564899e-05	3.6091364599836001784e-06	-5.6667933020137813878e-06	8.7457009162040751283e-06	-2.7897898294716857656e-05	8.6348448227021048319e-06
5	-7	6	-1.4919494896751303147e-05	4.5661748136402590892e-06	-7.0250926237045473494e-08	-7.5896821579384929316e-06	1.2350953000016199259e-05	-1.2659774862295124893e-05
5	-7	7	4.4334373915937603405e-06	-3.9490549389259626872e-06	1.9227378373021791752e-06	3.3149708093593417772e-06	-1.2440031566933638949e-06	6.1357243371636002345e-06
5	-7	8	-1.5465899812509257991e-06	1.8717985566403499948e-05	-9.9315373163386716813e-06	-2.4127601008835329791e-06	-7.7234764135145095467e-06	-1.3809906067275277871e-05
5	-6	-8	-1.4933019491287269194e-06	-4.8284668826075413192e-07	5.6105589265414846743e-08	1.3891956578833594316e-06	-9.753929101545154547e-07	-1.3436759235754908664e-06
5	-6	-7	5.0173035001135674301e-06	-1.4942458872043754304e-06	-7.8241375434439905852e-08	-2.4220993461638521973e-06	3.6508522504534966362e-06	1.0087666629944625928e-06
5	-6	-6	-2.5401654591769468828e-06	4.2845386757416231059e-06	-2.5781749023738941649e-07	1.7481794492088780477e-06	-1.8589870590767330035e-06	1.8222694472424743288e-06
5	-6	-5	1.8169689807747743163e-06	-2.1085953318379588147e-06	2.5028973491744237947e-06	1.4958703713449432981e-06	-1.1865078382345341527e-06	-3.903639777451891196e-06
5	-6	-4	-3.8780584822428199257e-06	2.6206885954842694706e-06	-7.0700290243417806594e-06	2.6384757214097100898e-07	5.7574704337091462937e-06	2.8800893861438799807e-06
5	-6	-3	-7.3685707905581296814e-06	-1.1457193970679222287e-05	8.879719091456041889e-07	-1.0342298728912707333e-05	-1.4056895135888091886e-05	1.5892741733600438345e-06
5	-6	-2	-8.4113781323460150009e-06	5.5420614035198263603e-06	-1.189747340507128629e-05	6.0466399867565205365e-06	1.4663974884348822216e-05	-4.2847664514699961323e-06
5	-6	-1	2.4142141341945400995e-05	-1.5732629485637966645e-05	2.5109523806296941018e-05	-1.3495057563729109955e-05	-2.9946436128054641134e-05	2.3071979541848315918e-06
5	-6	0	-2.9340178802570291057e-05	4.048713919891856652e-05	-2.4450149002141908085e-05	3.37392826657654721e-05	4.1743004159339698665e-05	7.4934075546700964378e-06
5	-6	1	1.375463334484406942e-05	2.2266836259832832776e-06	5.6366668995176142726e-06	5.009871401105251474e-06	-3.4953165327114664852e-05	1.8925810276715091185e-05
5	-6	2	-2.3728945386809497565e-06	9.4103604622617743425e-06	5.7463740027958324291e-07	1.4932608342259301303e-06	7.6561485475411239081e-06	-1.9046118652976645042e-05
5	-6	3	-1.2446220346149494809e-05	-1.7015222447976233378e-05	-1.8305160708270664158e-05	-1.1115778361011899235e-05	-1.5866620839625501376e-05	6.1271473579365930343e-06
5	-6	4	-1.2461954812125422977e-05	7.8692154241264849107e-06	-4.8326684270029741908e-06	-5.4003560335850520767e-07	8.3284408746523174344e-06	-1.0646572685195863421e-05
5	-6	5	1.3423331777833356172e-05	-1.2491758164571249026e-05	4.0714704980000654614e-06	4.6189778158613146048e-06	-8.5375671802332772794e-06	1.8034531543604826891e-05
5	-6	6	-6.7880182148307735784e-06	2.4167463327434969116e-05	-9.5589725472693674087e-06	-4.8548896678013674834e-06	-3.9022907015770546817e-06	-2.4994442440663839771e-05
5	-6	7	-1.006287050263089531e-06	-2.0897829008321066392e-05	9.7896662935642256585e-06	-1.453111635634575771e-06	9.1099190018143997455e-06	1.3681496461113982658e-05
5	-6	8	3.5458857215202920911e-06	5.3932241107043577533e-06	-3.4490193737034818319e-06	2.0763065039373282564e-06	-4.8029431062277939309e-06	-1.8135351912372271918e-06
5	-5	-8	-5.977306217589103085e-07	3.9971911791206309479e-06	2.3202484838209668225e-06	-1.9064244222572917046e-06	-1.8237369409874231142e-06	3.6897597508612018166e-06
5	-5	-7	-3.5241219529934826882e-06	-7.9914984982717077443e-06	-3.3507169150719880686e-06	4.3348959455780176125e-06	-1.2386074137249643665e-07	-8.8045674598926610901e-06
5	-5	-6	3.6424207628455394024e-06	1.5591435650368116138e-06	-6.435475510184613733e-07	-6.8530912854202728869e-08	3.5716402615533336621e-06	1.3563953982425119699e-06
5	-5	-5	-2.0865933086328241723e-06	-1.77393126292720925e-06	-4.2314217762192279606e-07	-5.4941657324279808124e-06	-1.6634511310109014292e-06	3.7202344695007717742e-06
5	-5	-4	6.8320905814730575428e-06	8.3687971447082627372e-06	6.6667465147672017977e-06	1.2104883704546691263e-05	2.066800833823193902e-07	-4.6701081997980373512e-06
5	-5	-3	5.0907598635134267097e-05	-5.89302905243375787e-05	5.6797777674612699933e-05	-4.944899677701797237e-05	-9.8169650657973841086e-06	-1.5802156245532674957e-05
5	-5	-2	1.2803881145529880128e-05	5.359716250623310183e-05	-6.04677420199671656e-06	6.7413588118259834743e-05	4.7126638368816489602e-05	-3.4541064030066832282e-05
5	-5	-1	-2.3041821593215331088e-05	-6.0143374866068758852e-05	-1.1931833479513682971e-05	-7.6595686670370610109e-05	-5.5549940568508230417e-05	8.2261559021509235955e-05
5	-5	0	2.4373736355929317906e-05	4.63221932213321038e-05	2.4373736355929317906e-05	4.63221932213321038e-05	4.1938967641264035535e-05	-0.00013411779086981170071
5	-5	1	2.7107459534245459173e-06	-2.5345349622208834323e-05	-1.603513709913914296e-06	3.8968620364215113836e-06	-2.1571298316692302761e-05	0.00014621105829315173192
5	-5	2	-2.9808939688698018816e-05	2.1558252784150554762e-05	-3.517753668318255347e-05	-1.4576651642830103559e-05	-1.3421492486211340024e-05	-9.0337261067451645803e-05
5	-5	3	8.5391854744726653392e-05	-5.0080948967415731042e-05	8.9083574753529994159e-05	1.0586747921512513679e-05	6.1528666813389035358e-06	0.00010111282814821373217
5	-5	4	1.1569090690812109583e-05	-2.7764592623388689153e-06	1.0056887448106240808e-06	-4.2295436689853647814e-06	-1.3204252432501857036e-05	-1.8163555083081199385e-06
5	-5	5	-1.2223667274869236263e-05	-9.0729314151492015906e-06	5.5714693610619700601e-07	-2.0230013985051426418e-06	1.278081421097543401e-05	7.0499300166440589488e-06
5	-5	6	1.4350381942290252565e-05	1.5876050673106920574e-05	-5.6185450889193989403e-06	4.1142265871931492632e-06	-1.6640772526008041368e-05	-9.8015200715948099902e-06
5	-5	7	-3.4800178324139131793e-05	-1.4016870211457795094e-05	5.8288317164478435319e-06	-1.3579846111958477988e-05	2.9020721457562128378e-05	3.1216007107094070686e-07
5	-5	8	2.0162318330598911863e-05	1.6686504628253830876e-06	2.1635284288490610749e-06	1.0297893290477612362e-05	-1.1249243688593657325e-05	5.393276767282643667e-06
5	-4	-8	4.0689822143586909129e-06	-1.4482718196148365649e-06	-2.7882422221475115274e-06	-3.1348597475231432546e-06	3.9372349950479380078e-06	6.6225998650229869485e-07
5	-4	-7	-4.0669884863374055535e-06	2.7782886024705506146e-06	2.3696033356322462143e-06	1.3371493870003972376e-06	-4.2590508248880013195e-06	1.2204064949073091301e-06
5	-4	-6	-4.0013541598171669084e-08	-1.4377086282016719542e-06	2.5662982508856696161e-06	2.399750364745524759e-06	-1.7442101185889229803e-06	-2.7979240999984098011e-06
5	-4	-5	-8.3433457096717520996e-06	8.1370260334698202392e-07	-1.2337376612928979255e-05	-4.2557663558224960013e-07	1.5265555806714313042e-06	1.1541639118127816405e-06
5	-4	-4	3.735385387741585613e-05	6.4128525092122084711e-06	2.7475299721543767535e-05	6.9053540132416770642e-05	1.9217017625226052627e-05	-6.1037474495901519159e-05
5	-4	-3	-5.1567125505771607355e-06	1.4480364118508677119e-05	-3.3514117868205211398e-05	-1.2176799934000473498e-05	3.6090969573311681203e-05	4.0369673442848428787e-05
5	-4	-2	3.6990707079405466744e-05	-1.8839783820237888977e-05	6.3879049385269504047e-05	6.1454737125800670122e-06	-3.5281331072025348011e-05	-5.939040697575485308e-05
5	-4	-1	-5.3073449402640553629e-05	7.8383371368946172411e-05	-8.0922671520918727805e-05	7.1180804073455922524e-05	5.8323439070472156626e-05	0.00010719364055090717196
5	-4	0	6.7977885864221157438e-06	-7.4830469438395870864e-05	8.4972357330276451033e-06	-9.3538086797994841968e-05	-4.4716510705997108272e-05	-0.00014300770947482395034
5	-4	1	5.1149802824015346887e-06	-1.0906964508395877294e-05	4.8199889896059562209e-05	3.6227461734643464145e-05	0.00016722465817223058047	0.00019944466948055325321
5	-4	2	-4.8287501502749566025e-05	7.2354440868312687386e-05	-0.0001128517420731000925	2.8819018560286160875e-05	-0.00010498473038932627332	-0.00012324806505020939672
5	-4	3	1.6467726874439246484e-05	-8.5279991439806128884e-05	9.1753550246946938285e-05	-4.6666497368827950258e-05	9.4891855538530505776e-05	7.9911322574572956831e-05
5	-4	4	4.4851795137524793874e-05	4.1010639266883313833e-05	-1.0548316575037409174e-05	9.0596787199675143221e-06	-6.6613060496943399822e-05	-4.2203620363636629663e-05
5	-4	5	-1.5993075469566351302e-06	1.1170941595075411623e-05	2.9101815269546944417e-06	7.3600575333630146652e-06	3.9274527685203906413e-06	-5.2828955683850000599e-06
5	-4	6	1.1657766657185769646e-05	-9.9263987671146516542e-06	2.7846550519234400797e-07	4.090806695001492588e-06	-9.5291618775265790527e-06	1.0999203435929871437e-05
5	-4	7	-3.1927590502111320833e-05	2.7612678530667988567e-05	-1.0292532268471488058e-05	-9.6203799742494484784e-06	1.6923974776667235023e-05	-2.522070179290539048e-05
5	-4	8	2.1136435497688298228e-05	-3.2923691393307151921e-05	1.9056971177363337094e-05	1.3365490371948617704e-06	-3.6817865973735186925e-06	2.1245581639414401048e-05
5	-3	-8	-2.0293941985474605523e-07	-2.5506209194577657782e-07	-4.0023099590763346224e-06	5.9298284267995804165e-06	1.3740290972444091162e-06	-2.3830994675159531497e-06
5	-3	-7	6.8429932283056899123e-07	4.9519299163835730125e-07	-1.7456241137129317243e-06	-8.6749156572541125197e-07	1.2369098507559486503e-06	7.2549137933828859375e-07
5	-3	-6	2.7394422317676301377e-07	-6.1839468595089558769e-06	4.1269910903772584314e-06	4.5857341181467097904e-06	-1.8352086925413268983e-06	-7.4461561086641513181e-06
5	-3	-5	2.522064553876141507e-05	-3.1045281336369219486e-07	-1.9498449754896139062e-05	5.4556421157926876346e-05	3.691971539169910325e-05	-3.3044305508119816838e-05
5	-3	-4	-2.4395944359182212185e-05	1.6365520140078787672e-05	1.0761151764302814623e-05	-3.5213338379017260021e-05	-3.8565794272204879164e-05	4.6866903959361427064e-05
5	-3	-3	9.2087141496979485413e-05	-9.2358735617992086965e-06	6.2480941016912217847e-05	1.6068237273321093838e-05	9.0997628144720262358e-05	-3.1461359876319773305e-05
5	-3	-2	-0.00014095616051292914409	-3.2529039366777170982e-06	-9.3220022033275965899e-05	4.0165915748201422969e-05	-0.00021256036823240890459	-6.8381133463996427412e-05
5	-3	-1	0.0001507288197148647633	5.6535238673906571295e-06	0.00016419539977795442952	-6.5433407249175973329e-05	0.00026105789924046044663	0.0002245678410844812302
5	-3	0	-9.7321995169466688738e-05	4.2369982255120353814e-05	-0.00016220332528244448575	7.0616637091867260874e-05	-0.00046309772534033395329	-0.00029336404860254305677
5	-3	1	-6.69037560234687971e-05	-8.8180285612877410024e-05	0.00015713641558590750566	-4.3171285107046238462e-05	0.00080592802687506654314	0.00031138757274324832796
5	-3	2	0.00022456716867746498727	8.6298256624673327117e-05	-9.176025839300408504e-05	7.3039506624864676196e-05	-0.00069905830928316853475	-0.00010618638162438629672
5	-3	3	-0.00017922040399392306746	-1.8448050180537497187e-05	9.2565135687515740079e-05	-0.00014085229942596594094	0.00039126580901072084348	-0.00011010554912507009874
5	-3	4	9.7051921746927201059e-05	-6.4141301814658126289e-05	-1.6137486268408719471e-05	7.939129872998405401e-05	-0.00013341801688496554177	0.00013972010131581069159
5	-3	5	-1.9158885198453042719e-05	0.00010162972161943261036	-1.5755640203168500913e-05	-2.3286579772630434606e-05	9.7055010765519408162e-06	-0.00011560166948301087858
5	-3	6	-3.9343767877067987494e-06	2.7042336551890983342e-05	-1.047637544359704657e-05	1.8981936926688224238e-05	-1.9595403987095246097e-06	-1.3044311996565041795e-05
5	-3	7	1.3041147946118327567e-05	2.2170311023407254298e-05	-4.2692781828844842844e-06	5.0666845604171764538e-06	-1.1144796325606442253e-05	-1.3664500205112105655e-05
5	-3	8	-3.9762471495259871061e-05	-3.2087304589082450874e-05	8.9060655435581915362e-06	-1.2965636479915300291e-05	2.8191319263371743145e-05	1.5192451688208292917e-05
5	-2	-8	3.6311948987971405681e-06	5.1637115546963489484e-07	3.7633259858630649092e-06	6.4452594466262474568e-06	1.3286653152824466807e-06	-1.2885828894880399623e-06
5	-2	-7	9.4905687631603783901e-07	3.7374629802285554569e-09	9.6461158613457547216e-07	2.4123947350221546116e-06	4.022944584730054417e-07	-6.865860221633095718e-07
5	-2	-6	-1.2877847123565499228e-05	9.0929244839194178289e-08	-8.8339146564131242707e-06	-1.3919890794164380907e-06	-7.7869010508335415488e-06	5.3977073050480783667e-07
5	-2	-5	-8.0120367765080595804e-07	-6.0011741267802060527e-06	7.7789611488864704485e-06	1.1672823073579931716e-05	-3.9127881372053941586e-06	-1.0670303356212179247e-05
5	-2	-4	2.8287034363311121764e-05	4.7098399360427169495e-05	-1.8055986335111229071e-06	1.1859453642326114346e-05	3.626159227089446207e-05	5.294327237937090046e-05
5	-2	-3	-3.3088900828284687069e-05	-8.6526717212645642041e-05	-4.9447625090276201378e-05	-0.00016948269314952542201	-2.2183084653623677529e-05	-3.1222733254725804541e-05
5	-2	-2	-3.1897282838258181727e-05	0.00016643328014956317203	0.00025537660570779509382	0.0002474083025845624003	-0.00033511981280344053458	0.00016867489778934552976
5	-2	-1	4.3558793510376654352e-05	-0.00024570139616819782705	-0.00017747555002125471493	-0.00029080375114844879371	0.00057274506759439269485	-0.00064689947854409143944
5	-2	0	-4.6759609000662555913e-06	6.6949028286901822879e-07	-1.1689902250165639825e-05	1.6737257071725454132e-06	-0.00061585597206552974547	0.00055851678001474279554
5	-2	1	-0.00011395213561285133454	0.00025106879209890444133	0.00011665381777343267991	0.00011422436699013231688	0.00080306831361112197831	-0.0010268952265142577626
5	-2	2	0.00015695624655144677258	-0.0001868267456958110518	-0.00032053060964942417391	5.7318365240908334486e-05	-0.00071292122602804105114	0.00052438522948043599786
5	-2	3	-7.3697931251541642385e-05	0.00018329960592187205157	0.00018035601395969286394	-0.00025946343508665521346	0.00024306722805903129068	-0.00047847496659422355256
5	-2	4	-3.1786154430524259963e-05	-0.00015424481214149004062	4.3440787777890213907e-05	0.00010906431469653972627	6.1453086927100428519e-05	0.00024733817252513241392
5	-2	5	0.000108650105358167745	4.8682427154676260095e-05	-1.8901679311888073209e-05	-4.8288935161214269914e-05	-0.00011621077708292296615	-6.7998001219161959929e-05
5	-2	6	-2.0179914390754575502e-05	4.7445335337348371263e-06	8.6093507953384138236e-06	1.153880263677290591e-05	1.9686378924074952553e-05	-1.0751039918806186079e-07
5	-2	7	1.8949936067979968946e-05	-8.3101543918700501246e-06	4.0194316910104887891e-07	3.6220593315379641555e-06	-1.3420827714528248554e-05	6.9706986603465972326e-06
5	-2	8	-4.1265687346316242236e-05	3.3441621051273932516e-05	-1.2101499705035307063e-05	-6.1778799241609296797e-06	2.2765679665188824632e-05	-2.244548313808644236e-05
5	-1	-8	-1.7671199176663789521e-06	-4.6441382635693650909e-06	7.7880933733685673475e-06	-5.2720831327592848897e-07	-2.0779616202125577899e-06	-2.8366853755713621339e-06
5	-1	-7	2.7743348616984349853e-06	-1.8488085315958880104e-06	1.562081365495685478e-06	1.4392052725880830998e-06	1.7585132775709268523e-06	-1.526178275795360299e-06
5	-1	-6	-2.5477551757184416052e-06	6.6198005254033958641e-06	-1.5158669701309138135e-06	1.3219981759418164136e-06	-1.8704848180768823335e-06	5.2961674085125275041e-06
5	-1	-5	-1.9730425113336171234e-05	-2.3464379931015153749e-06	5.9597892375951709999e-06	-2.5933931208080972664e-05	-2.0922382960855204079e-05	2.8403482485146790732e-06
5	-1	-4	3.1117750211990519008e-05	-3.035161974725001429e-05	3.2719952054182403521e-06	4.9517823189329751403e-05	3.8079188963633591955e-05	-5.0318980481394955714e-05
5	-1	-3	-3.2815525945189415083e-05	5.3310844555267642439e-05	-0.0001172135889032255052	0.00012671942143495547317	-1.5621346940907187813e-05	4.6611600447127577416e-05
5	-1	-2	4.2776446426957479008e-05	8.3679217208483373542e-05	0.00018255845330280217817	-0.00019678707284515484666	1.5661889415992611823e-05	0.00030759157944378583008
5	-1	-1	-8.8289854074653293498e-05	-0.00011119908493713057487	-0.00015019172376659565963	0.00012504538006928125654	-0.00029125754660667079431	-0.0006810408047549341851
5	-1	0	-1.0432836036838719472e-05	1.3637488980208095374e-05	-5.2164180184193599055e-05	6.8187444901040476872e-05	0.00059084139470892585271	0.00070912506762230067409
5	-1	1	0.00017024613812378488011	2.0487133212190060318e-05	0.00022083970785610640311	-0.00046659062372091401807	-0.00063039098276281805167	-0.00056902628978186433999
5	-1	2	-0.0001842589033324597747	-0.000162342217128731795	-9.6636779070425875434e-05	0.00039893991078107068947	0.0004123288687959365058	0.00060532549821236479159
5	-1	3	0.00010331381922612446994	0.00019980419639782959922	-7.2040360135416708562e-05	-0.00068175275027962910224	-0.00019620315208867969512	-0.00056025791075625902375
5	-1	4	-0.00015077995353159469403	-4.6089265752681380021e-06	0.00023591127268698399398	0.00019080561645298447062	0.00024745276008623933893	5.3462562332331291215e-05
5	-1	5	9.6610737475173849619e-05	-6.0014856031212154386e-05	-0.00012352924440501696578	-4.9358369580431766697e-05	-0.00012131658635617723735	5.0143182115125799691e-05
5	-1	6	-1.7836150585267996363e-05	4.1108321260494708291e-05	2.7448459892332243229e-05	1.0854024180091963016e-05	1.9438202136445371405e-05	-3.2447930353730262791e-05
5	-1	7	2.7588443941657902393e-06	-1.8265600580389916439e-05	-3.4727363114470435733e-07	4.7158635278615235298e-06	-2.0202136574248078153e-06	1.3720552347115872851e-05
5	-1	8	1.9476632261913073602e-05	4.0772206564670338881e-05	-3.6654141757896243907e-06	9.4702766697062312458e-06	-1.2631071935669374156e-05	-2.4298844519205682895e-05
5	0	-8	-6.7376248451808153846e-07	2.7401942885534941742e-06	3.4760853343348822131e-07	-8.0802985840071289518e-06	-4.2110155282380100124e-07	1.7126214303459339118e-06
5	0	-7	-1.8910053660905679015e-06	1.5944798365089543133e-07	2.6546183715273836807e-06	-1.1391778544357363646e-06	-1.3507181186361199599e-06	1.1389141689349673855e-07
5	0	-6	-3.1676990833772442597e-06	-2.3781098419293502343e-05	1.2023542813321838146e-05	-2.5008694700616526262e-05	-2.639749236147703691e-06	-1.9817582016077917489e-05
5	0	-5	-3.6349573811270780385e-06	3.9402095322314858916e-06	-3.7705780001004650722e-06	-1.7778428614659801121e-05	-3.6349573811270780385e-06	3.9402095322314858916e-06
5	0	-4	-1.7890861717208239693e-05	-4.4086618838796868061e-05	2.8780337830090398511e-05	8.4066107297161218534e-05	-2.2363577146510300463e-05	-5.5108273548496085077e-05
5	0	-3	9.0894120528218564281e-06	5.1162179795105054114e-06	1.1510611427208689871e-05	3.5531928684350302884e-05	1.514902008803642851e-05	8.5270299658508420701e-06
5	0	-2	7.1611269450626825425e-05	6.6736305970395320736e-05	-0.00026607539692221607221	5.9434053253684435256e-06	0.00017902817362656708389	0.00016684076492598829506
5	0	-1	-0.00012017908618807215753	-1.4183494109087650482e-06	2.3017192866204425256e-05	0.00016632511907894106137	-0.00060089543094036081475	-7.0917470545438248173e-06
5	0	0	-1.12097471376775846e-44	0	0.00031182208319518257876	4.6471225048620184062e-05	0.00039384422427744320743	-0.00018742541049932007137
5	0	1	6.8604400512998128521e-05	-7.4124419009684327543e-05	-0.00085478857420622335675	-2.3998943386482294991e-05	-0.00034302200256499065616	0.00037062209504842163772
5	0	2	-6.9217938885622010635e-05	0.00013649259983925372776	0.00075849021034703830065	0.00014809593275160793692	0.00017304484721405503336	-0.00034123149959813429228
5	0	3	0.00022006286549036926828	-5.2273785276517971193e-05	-0.00062019748214412373684	9.4712865045631870601e-05	-0.0003667714424839487895	8.7122975460863285322e-05
5	0	4	-8.5045002686437182887e-05	0.00011393090642684065123	0.00023907743590279639041	-9.1154376453055009806e-05	0.00010630625335804647861	-0.0001424136330335508242
5	0	5	-2.0541730283634246449e-05	-0.00011398028157353364378	-0.00016062970303446855516	0.00010491620644122611643	2.0541730283634246449e-05	0.00011398028157353364378
5	0	6	6.8039846692960281134e-05	4.1241425773558053022e-05	2.0232750628625000743e-05	-4.4035575710205400435e-05	-5.6699872244133563094e-05	-3.4367854811298376389e-05
5	0	7	-1.203376181452984331e-05	-6.3433549650508271831e-06	7.7513955667498090518e-06	1.3029816130998930965e-06	8.5955441532356018802e-06	4.5309678321791623947e-06
5	0	8	3.5177710017876333227e-05	-6.809917047418959771e-06	5.3506737933995754939e-06	-2.59479454762811891e-06	-2.1986068761172709114e-05	4.2561981546368500687e-06
5	1	-8	1.3296821682560331341e-06	-3.180530999985759775e-06	-8.2846615130403603792e-06	2.0136141017093967537e-06	-2.0453133397002441802e-07	-1.7361301122774252652e-06
5	1	-7	2.3493059720048303752e-06	2.182199154643799403e-06	-1.174922923234482672e-08	-2.8133366835652331353e-06	1.6763972329702581033e-06	1.1568084413791089744e-06
5	1	-6	-5.6088873999784021672e-06	1.5743529886673688403e-06	9.1174971058597625124e-06	7.6569624560834038311e-06	-3.154489982338708054e-06	2.5881212332367081113e-06
5	1	-5	-2.1220871646483833408e-07	1.7341451783387565018e-05	-4.2444120225584237491e-05	-2.4603544768099843771e-05	-8.7010327615816862611e-06	1.242074282976759457e-05
5	1	-4	-3.5453820639720099253e-05	-1.8201347215464873256e-05	8.8676496596981624343e-05	-2.0446580149247517346e-05	-2.2148151650404723063e-05	-2.7863329056642967518e-05
5	1	-3	0.00014186720347576312344	3.1234763477469938014e-05	2.4223109134341593669e-05	0.00015053853082663473792	0.00024451970883771905222	0.00010223744940466147825
5	1	-2	9.2277654907114864424e-06	1.7793820337093810779e-05	-0.00026883759001558441872	3.0387499886657443917e-05	-0.00011134938128101349664	5.9678300786063252293e-05
5	1	-1	-6.1147386476001811505e-05	-1.2058830275906277273e-06	0.00024625415977332326505	-4.1381925861817152852e-06	-5.9482772606685792478e-05	-1.0167607724134853075e-05
5	1	0	-2.9720288528669701271e-06	4.1185454297734928485e-05	1.4860144264334851483e-05	-0.0002059272714886746492	-9.3527230781833436577e-05	1.4477294879810956993e-05
5	1	1	-2.5390077090986205459e-05	-0.00015790642833871722673	-0.00022653144301894995172	0.0007081667211639620799	0.00035348182847388102306	8.1365420529624094405e-05
5	1	2	3.9125592146135323188e-05	0.0001256383217244889472	0.00037214971009864487384	-0.00074219407154808858269	-0.00028388883541466072456	5.7001231462821957215e-05
5	1	3	-9.184678679685240267e-05	-5.9785305132118178443e-05	-0.00025864395561205018098	0.00067129707773389891458	0.00023929262986543739359	-0.00012412351735776935434
5	1	4	0.00011022434737553620725	4.1879340651333743701e-05	4.0428236985015466914e-05	-0.00034087543599913266296	-0.00014788749346567414103	3.2869683185615982725e-05
5	1	5	-0.00011000618296843306485	-1.8114759005650864378e-05	2.1119053519433163762e-05	0.00018644873781705197601	0.00010578237226454643006	-1.917498855775952608e-05
5	1	6	3.497916678499119142e-05	-4.930818466515351936e-06	-2.4700035300245752617e-05	-3.6252594280347037433e-05	-2.503263310411836572e-05	1.0151114435487300648e-05
5	1	7	-9.1545316021354848776e-06	1.360084548722042912e-05	7.4981650268373560493e-06	-1.2518536854727134738e-06	5.4677847119771529828e-06	-9.5360533929470611572e-06
5	1	8	3.8762387234656049185e-06	-2.8718732686359844356e-05	-9.017211796999789251e-06	-4.4894871636815473603e-06	-1.2954977275410292059e-06	1.8510393824435096566e-05
5	2	-8	-6.4525666207359372669e-06	1.1550670693944670963e-06	9.7268880100748983755e-07	5.7240991047441388753e-06	-3.7896819377080885442e-06	2.1529416945575768128e-06
5	2	-7	2.5594935048379620284e-06	-1.1568019451100294179e-06	-5.0933368742359407517e-06	-2.4295702091451986331e-06	3.7297053938827538366e-07	-1.5204500205486491332e-06
5	2	-6	-1.706901712386778095e-06	2.6752253980735502427e-06	8.5914625737478346972e-06	-6.9600390193572899791e-06	1.4414027642602963454e-06	-9.0658508057804976049e-08
5	2	-5	6.6081388278825960668e-07	-9.4327565101646476681e-06	-8.9071255446433555519e-06	3.4831308867877535252e-05	-2.9020363350690824235e-06	4.4997670369863664329e-06
5	2	-4	-6.2669554809272585722e-05	5.156490282556178389e-05	5.6792404711852805554e-06	-4.1134436772982293487e-05	-7.5497323275998078746e-05	4.3888910145461076343e-05
5	2	-3	-2.0565640872263600157e-05	-0.0001424026909591756681	0.00014418204311135942208	-6.4601904546741708581e-05	6.1845293953800281129e-05	-0.00028040575462978721642
5	2	-2	0.00012095103856132838024	-3.2224977339222459502e-05	-7.4933051921102910718e-05	0.00041255342487848034507	0.0002274445444822180331	0.00033199098153042420987
5	2	-1	-0.00011361134738516481693	0.00029025846240783191241	-5.9762177848976968085e-05	-0.00061333439417114320093	-0.00068758109262377804793	0.00022462352369687326858
5	2	0	-4.5557533137562699938e-05	-1.6003516038367330356e-05	0.00011389383284390674307	4.0008790095918330971e-05	0.00036043800469851255529	-0.00020412617226818808073
5	2	1	-5.9760033745934581763e-06	-0.00011098804961957722066	0.00024320551168897702396	0.00039509841240977926387	-0.00045653100650498674518	-0.00023525657672167243797
5	2	2	5.4279291016690473445e-06	-4.6435268927946838377e-05	-0.00046011346491756137606	-0.0004672109257293888371	0.00044654364216338879963	0.00058329909804925590255
5	2	3	2.7819054273466220278e-05	8.8657167320734580544e-05	0.00034663634833391357253	0.00036474520863041310801	-0.00027745598934505278721	-0.0003909254179548330441
5	2	4	-4.1630633162984117404e-06	-0.00010217182853566044397	-0.00014419497589466013523	-4.6876323987870308031e-05	7.7301317092703071489e-05	0.00015115294766351072592
5	2	5	-1.6151138271967275899e-05	8.3517380741402659646e-05	0.00010664674840526450054	-1.7276652245214386999e-05	-2.6507561090138522284e-05	-7.6606719843316903491e-05
5	2	6	7.7995645133612029673e-06	-1.6429066954462344619e-05	-3.104091462457107478e-05	1.8155861324652532992e-05	3.8473344470560224539e-06	7.6389353538344439808e-06
5	2	7	7.8754963375045910519e-06	1.0703189411714188631e-05	1.3068810197495549174e-06	-1.0524315509577510886e-05	-5.998749103860294711e-06	-4.6381880056308459121e-06
5	2	8	-1.7553645577060687799e-05	-1.1990786449652859864e-05	-3.9979797523887566937e-06	2.0900146119907643365e-05	1.197052342376012053e-05	2.2692050010561261501e-06
5	3	-8	-1.770809317086278005e-06	4.3903796005081774579e-06	-7.1835552829253342839e-07	4.5725368686372315307e-06	-1.3761391462886236829e-06	4.4586885760565727352e-06
5	3	-7	-2.3768809232051060627e-06	-3.3421411295167006404e-07	-2.6653532702628584949e-06	4.9154205670507336179e-07	-2.8400663466877295812e-06	-2.8063484949018566214e-08
5	3	-6	-3.1592480836072402534e-07	5.1610971656463702117e-06	2.1303118111766105259e-06	-8.7701226250251673787e-06	8.0188523195436864574e-07	-8.4147007807275739917e-08
5	3	-5	6.5223558272992920317e-05	-2.9360051251231997872e-05	4.3024962592420384541e-05	-1.4130988176897063994e-05	9.1038535828445149686e-05	-3.7838644157370231863e-05
5	3	-4	3.5658661613058362293e-05	2.5944465590557519902e-05	-6.8788843357405645676e-05	9.9219429689903439787e-06	-7.0183055017312830851e-06	3.9872039214939659132e-05
5	3	-3	-6.1293511713488474423e-05	5.8459712493661479202e-05	-1.2245067299929923531e-05	-0.00011449783530900884993	-0.00011440092015574404192	-1.7064981152906392499e-05
5	3	-2	-0.00011321490982089293161	-0.00011675577511465583941	0.00035602377874218701708	0.00014457219200134739504	0.00025099839356104816949	-7.5031149784618512738e-05
5	3	-1	0.00032836565993178825707	-1.0844726251000499059e-06	-0.00061818191218337471566	0.00011566725199923167842	-0.00021271743689118269901	0.00034157939287219479547
5	3	0	-7.7731384076953338388e-05	0.00017757693470046051303	0.00012955230679492223968	-0.00029596155783410087311	0.0001590929229601346711	-0.00035854520243124000066
5	3	1	-0.00013304512140758958634	-1.9378658683739733148e-05	0.00034977417883898953175	-6.9400950042039673271e-05	-0.00038409692947902060933	0.00030509614354481772282
5	3	2	-8.4914624478018714527e-05	2.4481234523167340144e-05	-0.00024196201948339390061	0.00014045374266596159763	0.00057522959042013760336	-0.00027188370030686073156
5	3	3	7.3559086589764660375e-05	-6.1678189578835880286e-05	0.00020492466597426121683	-7.0267259286251604875e-05	-0.00032752314362386901123	0.00017306424191764472513
5	3	4	-5.4095050105339049921e-05	3.7745899827952010032e-05	-4.3722931564919570305e-05	5.7322106435015922701e-05	0.00010041101130536349013	-9.0173954611201954565e-05
5	3	5	2.0737668788679077702e-05	1.8353322234285650083e-05	-1.4924583132821375915e-05	-5.8297877595614052933e-05	-1.1782918908986252831e-05	1.662540432308278371e-05
5	3	6	1.358627166259903415e-05	-1.4407756121927885954e-06	1.112860293289440803e-05	1.8601786770261388021e-05	-1.688619451861306383e-05	-8.1002470416367034791e-06
5	3	7	9.1288217650679327021e-06	-1.1291316793219991009e-06	-1.3596391582265876996e-05	-3.1036467846696444574e-06	-6.935620112202901487e-07	2.136656964374132727e-06
5	3	8	-1.1446214120297786468e-05	2.6221447461315782674e-06	2.5760348082236564669e-05	5.5919943355617051178e-06	-2.506246705652594573e-06	-3.7358383421678758363e-06
5	4	-8	-7.5191682450423256508e-07	1.9279484076033540825e-08	5.3945996222944147728e-06	5.1902879978322620334e-06	2.2273517958320622714e-06	2.6071936764636520004e-06
5	4	-7	6.8002264015206847849e-07	8.7938149532551592669e-07	-1.0206671750530828193e-05	7.9245826003455336381e-07	-5.3466534001947103565e-06	1.0809629309665417791e-06
5	4	-6	-1.5022890610766700568e-06	-2.657737541777912519e-07	-1.3406751918979487701e-06	-3.4266158376052034535e-06	-2.1456910121625240862e-06	-2.5058886868849616525e-06
5	4	-5	-1.7891621491627130985e-06	5.5045289743966526662e-06	9.2074607358871921709e-07	-6.3141171523614194244e-06	-1.0525652902917378095e-06	4.5323525250751750782e-07
5	4	-4	2.211382838083958241e-06	-2.3964911992403751986e-05	-2.4545107263195351671e-05	0.00010482248353297127881	-2.1780878715590404928e-05	7.4866343542466593907e-05
5	4	-3	3.9678674147139555897e-05	1.1900474453339457984e-05	-5.0462161571761116594e-05	-3.0640149599575685908e-05	-1.1517585171155595455e-06	-2.1019408710535152367e-05
5	4	-2	-3.9782692414543161658e-05	8.580103644127678173e-05	4.8793008764173725021e-05	-0.00010394204920979952661	-1.8707135080104547361e-06	6.6184926835928985648e-06
5	4	-1	-3.4176491496056825043e-05	-0.00015864672199380764738	5.7769423813677920536e-05	0.00022710703021150250875	6.0195237774427584035e-05	0.0001151945108769718252
5	4	0	0.00013354763882368215892	6.0487075023555712404e-05	-0.00016693454852960269187	-7.5608843779444642199e-05	-0.00017816276622985380979	-0.00014385828498650506113
5	4	1	-8.1869887358384564342e-05	2.3131013927530050695e-05	7.3935894243593239922e-05	-7.9616137276468002698e-05	0.00011360585981754986202	0.00020280947946822174715
5	4	2	1.7788094330547682577e-05	9.298643240373031771e-07	-2.0102756719928034979e-06	8.0653510494673567063e-05	-4.0449684482383599447e-05	-0.00016363168179944041097
5	4	3	-3.8067825332752173702e-05	-6.7000224734122779428e-05	3.7094609117581622444e-06	-2.2145725034545163498e-05	5.8500427672242745491e-05	0.00014119467460293151704
5	4	4	5.7845645226449959268e-05	5.8564996248892996298e-05	4.3255399733787952261e-05	2.0241721138524869806e-05	-0.00011556245626685039457	-9.3447966449641115178e-05
5	4	5	2.8673419442424751019e-07	5.8203103537457190851e-06	-1.717135867322972629e-05	-1.1056811596417816248e-06	1.3450352744159533257e-05	-4.9357654260322939547e-06
5	4	6	1.2361305684819224006e-06	3.5164070381230868329e-06	3.4752556202829970415e-06	-1.1418036018210718705e-05	-3.3469458872569332557e-06	4.6816848137045741487e-06
5	4	7	1.8666527766758938188e-06	-9.0600772249323573794e-06	-7.9417747007932472538e-06	2.1705928165931536751e-05	3.2048335599705029064e-06	-5.931903791294908708e-06
5	4	8	-2.6907279420254616579e-06	1.2466679059717767204e-05	1.2848027415435962442e-05	-2.3671857174290671392e-05	-4.7423087439520679494e-06	4.0442541748217324642e-06
5	5	-8	1.1230460483052277124e-07	1.7351645747158952566e-06	3.1554997350954107417e-06	-3.5620956026607175568e-06	2.0423777124537082884e-06	-1.1418318924655139376e-06
5	5	-7	1.1156214621710185887e-06	-5.1128356700965071205e-06	-1.1032741082130738688e-06	1.362295660780728305e-05	8.8195385413889802158e-09	6.0786578126505549612e-06
5	5	-6	2.7876998399924811632e-06	2.3545726707870312947e-06	-8.4874006112700078837e-06	-6.2641501784368288635e-06	-4.7497506427312724788e-06	-3.2579812563748313073e-06
5	5	-5	-7.7253946613677329816e-07	-1.3486883296787499622e-06	4.3412010450194524503e-06	1.0084135090104508366e-06	3.5686615788826794698e-06	-3.4027482066829923152e-07
5	5	-4	3.2634838581241134776e-06	-1.0751799303985062716e-06	1.3382330169287365491e-06	5.4136726559306130291e-06	5.7521460938160626393e-06	5.4231159069151332351e-06
5	5	-3	3.1559424957880625822e-05	-1.2732247238051216994e-05	-2.0834865549886410298e-05	4.0788536544355484103e-05	1.7874265679990355819e-05	4.6760482177173771175e-05
5	5	-2	8.6693585783888641886e-06	-2.6345522710706915921e-06	-1.2414665348509852417e-06	-5.3549468248047420654e-06	1.8569730108844697473e-05	-1.9973747739688583932e-05
5	5	-1	-3.0094697433537866284e-05	2.0823785912774458458e-05	3.3353419646543891052e-05	-2.401589207621834514e-05	1.6293611065030113672e-05	-1.596053081721943002e-05
5	5	0	2.8975518137031519643e-05	-5.5468496218036270518e-05	-2.8975518137031519643e-05	5.5468496218036270518e-05	-2.9079100276227941351e-05	3.3263166957282983287e-05
5	5	1	-4.3470972066473420562e-06	3.2194992618359683412e-05	-4.4147334997278587203e-06	-2.9305940937154128465e-05	4.3809153531876001341e-05	-1.4445258406027783205e-05
5	5	2	1.9280711647376527648e-05	-3.1072431350100559349e-05	3.9686078053929612863e-06	2.5291786672076962869e-05	-5.8123298631923720218e-05	1.4451611695058989507e-05
5	5	3	4.1473890122803096323e-05	4.9883145733370246521e-05	-3.3694526192003875181e-05	-6.2300082853583135171e-05	-1.2965606551332034107e-05	2.069489520035480877e-05
5	5	4	6.3526901158595432041e-07	-6.8472286024631462347e-06	-1.005784217260979978e-07	-4.7144654245046218563e-06	-6.6836323732482048598e-07	1.4452117533709710325e-05
5	5	5	-4.370859294491482276e-06	7.6758586944923090417e-06	1.2088972431282392578e-05	8.4760314451877426468e-08	-7.7181131367909103019e-06	-7.7606190089441869843e-06
5	5	6	2.2854621617874067339e-06	-5.6733568261127363284e-06	-1.6282180587593369164e-05	-3.4330279562684537259e-06	1.1663932021504968268e-05	7.588653985317658661e-06
5	5	7	8.3551880636564034339e-08	9.0740731167876914779e-07	2.0102633160336855298e-05	1.4598890863136609997e-05	-1.4418703600695301442e-05	-1.1075927267725270303e-05
5	5	8	1.5077854873252625224e-06	2.4045623153750721313e-06	-1.2092184520299779988e-05	-1.2020494364030391365e-05	6.6152493956090729397e-06	6.0099575304095751032e-06
5	6	-8	9.341161693104535389e-07	7.0835574611066022105e-08	-9.4628715056751495652e-07	-1.0490537009648622332e-06	-1.2589275710660276882e-07	-7.4251804159173043594e-07
5	6	-7	-4.8057107705677681942e-06	2.3248630397196640074e-06	8.4591249991909311609e-06	3.0275064398760074918e-07	3.818028020329534053e-06	1.9201170089319894155e-06
5	6	-6	5.9507677428117785194e-06	-8.3736932685238590782e-06	-1.3502517736810939884e-05	1.0381671092781925565e-05	-8.543544617801124592e-06	3.4035933690120425764e-06
5	6	-5	5.8733787326920785342e-07	7.7889284253771415945e-06	1.9597422158455942475e-06	-1.2478602077360108501e-05	2.9390285322839206752e-06	-7.1853940674549884375e-06
5	6	-4	1.1422701269633821383e-06	-3.5420631075490057173e-06	1.3016159740570680889e-06	5.5823825639433419395e-06	3.3802616197898301238e-06	3.9459949614787563979e-06
5	6	-3	-4.7957484237578546614e-07	1.4808296132972919941e-05	-5.8277996500687635382e-06	-5.0204858067002421494e-06	-1.2454890704097170049e-05	1.4639521941554380576e-05
5	6	-2	-5.8905400212272597746e-06	4.8762192724291649436e-06	5.0262915833510215868e-06	-4.9970478860587764995e-06	3.5252469698491479437e-07	-2.8005954771034175631e-06
5	6	-1	-4.4536398711242490567e-06	1.1995019890417193666e-05	2.6845894348811142623e-06	-7.3456870105293540092e-06	-6.1606627463345588623e-06	1.5900977388909847662e-05
5	6	0	-3.7658860960852417767e-06	-2.3771756932771219293e-05	3.1382384134043682178e-06	1.9809797443976015513e-05	-6.0542765831064450087e-06	-4.2824667469219891204e-05
5	6	1	7.6831874605448211376e-06	1.4698107802744779201e-05	-6.0664394682053983697e-06	-1.2573642261659594802e-05	-2.0173004934917184348e-06	1.9513145562336753507e-06
5	6	2	-5.8985543350022151997e-07	-4.0420984185043486121e-06	-1.6967032172968562117e-07	1.3810743214997999655e-06	1.9836495489396103723e-06	5.9620230817614707869e-06
5	6	3	-1.3380725320809992203e-05	-7.2149689516529134098e-06	1.2102053866186303916e-05	3.7513292435805236342e-06	-1.9028988643559559956e-06	4.5222897655938081322e-06
5	6	4	-5.1416047644275711734e-06	-9.6256592522468262561e-06	-3.69316727859486547e-06	1.118228158410615755e-05	1.1966756873426761536e-05	-4.7413483108507030808e-06
5	6	5	9.7116754628008271377e-06	7.3892690383709701987e-06	4.730797249555030366e-06	-1.5915123945561777057e-05	-1.5388632162266861883e-05	1.1708879696303161423e-05
5	6	6	-8.9443839582132268957e-06	-8.445130729880939063e-07	-1.3300190186619897592e-05	1.6861562898014251688e-05	2.075384348513091944e-05	-1.6157802003857505107e-05
5	6	7	3.9962773634451215424e-07	-2.0376368981684752743e-06	1.404091837208033922e-05	-9.4409403654356217325e-06	-1.2320521273457798027e-05	9.5476895262080156154e-06
5	6	8	2.9684916518589710639e-07	4.5566663898285911101e-07	-5.8180290299704585488e-06	3.4168769732854573684e-06	4.1779910442366582267e-06	-2.8474493793283799773e-06
5	7	-8	3.6691832329484271406e-06	-7.3910504032826424319e-07	-4.8926674562656662454e-06	-1.3282316985790912745e-06	-1.9878445036396907371e-06	-1.6241433864618700039e-06
5	7	-7	4.3898079114483902227e-07	2.1179568624627890436e-06	6.3510859147979164681e-07	-1.9778310500122139173e-06	9.486662994403910165e-07	-4.6500471968164998957e-07
5	7	-6	-6.1460657132153394294e-06	-4.8364801121510311066e-06	3.0743961128995083646e-06	7.8923203324873474735e-06	-1.5349259626300229579e-06	5.1773069611093796048e-06
5	7	-5	1.3317676631322968606e-05	2.1267802913877597056e-06	-1.4188619269812575966e-05	-7.6964524977096381405e-06	-6.5463903464146387629e-06	-8.6482532054057332675e-06
5	7	-4	-1.0052813419288749502e-05	6.9432794766208308514e-06	1.5586003933298971412e-05	-2.1922607336130057146e-06	1.4709490109162266905e-05	4.8426430619532782461e-06
5	7	-3	2.2455176135259161691e-06	2.538282404145639825e-07	-4.3629675760401227856e-06	1.4404734557338028205e-06	-6.4377283215504265004e-06	3.7841517974031466755e-06
5	7	-2	-1.7099606855134077826e-06	-1.539040740069553879e-07	1.9919278491662357771e-06	-1.2761342110768583486e-06	2.6968457582983062927e-06	-4.8512299237863926369e-06
5	7	-1	1.603862491577570379e-06	-3.5458724471041044878e-06	-6.8879480142960162526e-07	3.0774456244741147013e-06	3.1977488478806399888e-06	3.8127571357982817408e-06
5	7	0	1.419178215650391671e-06	1.0550415272323782315e-06	-1.013698725464565449e-06	-7.5360109088027021074e-07	-7.39594208971159523e-07	-7.7613216450178381728e-08
5	7	1	2.1221156902895179085e-06	3.1276330683692216821e-06	-1.4896714408999793425e-06	-2.3978476539993566862e-06	-1.828783651477352833e-07	1.1467682361493886048e-06
5	7	2	-5.6497227121992116673e-06	-3.4556783501665815573e-06	2.8382214672663146108e-06	4.4856983487419132289e-06	4.1905316450659273953e-06	-7.0607483451802413493e-06
5	7	3	1.0882884353875315285e-05	-2.7299530659571423713e-07	-6.1897744500607084132e-06	-5.9835847294221372502e-06	-3.6953335396505384722e-06	1.441668987964451054e-05
5	7	4	-1.6272694517005469695e-05	7.9830109621937530781e-06	1.3715212894871480826e-05	1.065194189091117425e-05	-3.6607544197682526327e-06	-2.861966201183674925e-05
5	7	5	1.1071457544551840214e-05	-1.0725173855195290176e-05	-1.3109761888447348657e-05	-1.1888939546856096085e-05	7.2822090992744475675e-06	2.7369689220793825033e-05
5	7	6	-1.7176238554819432236e-06	7.1608304893393672107e-06	5.7860362912271503017e-06	8.6901017888525642328e-06	-5.3190224601967225245e-06	-1.6105810828110795214e-05
5	7	7	-7.2353151942085353323e-07	-1.488234851419012906e-06	-1.6931052537110575146e-06	-5.0991119972588602787e-06	2.2099134818688100535e-06	6.1621368911295841157e-06
5	7	8	-4.1190060705552682867e-06	9.1328741211592956443e-07	7.6485884344769787557e-06	1.2643541773585897735e-05	-4.1181360860703133085e-06	-1.1633903684460116695e-05
5	8	-8	9.9763566368376517714e-06	6.3816311595353443826e-06	5.3774363165792760777e-06	-4.4752021866813135317e-06	1.1612659214602808223e-05	-4.866827119717235044e-07
5	8	-7	7.1479639107018978281e-06	4.5853395487186818908e-06	-3.7561109815636816268e-06	-4.6764914654181893671e-06	8.1299024300000503993e-07	-2.0693191399645866185e-06
5	8	-6	-1.738583765290049327e-06	1.3728730046563138728e-06	1.977655849554567683e-06	-1.9584257347134061722e-07	1.1880546616643826479e-06	8.8293740591847414162e-07
5	8	-5	1.621411743905071838e-06	-5.5540463955998225162e-06	-4.6568716608227607375e-06	4.0541115336936074139e-06	-5.8295829134113456808e-06	9.3253205830994957898e-07
5	8	-4	2.9846287260515330571e-06	5.3185983733514561187e-06	2.353374267901599792e-06	-7.358463277169181727e-06	8.4375344433676154819e-06	-8.0686785876490439408e-06
5	8	-3	-3.1840815903928615689e-06	-2.7542579547374236916e-06	1.8493619085475715664e-06	7.7723706876416312478e-06	-3.7517089452791185918e-07	1.6135891909148645959e-05
5	8	-2	-1.2002989830155525685e-06	-1.1651407373743381009e-06	-1.7347998456972958029e-06	-3.4477931768145022943e-06	-9.9399468403280651622e-06	-1.6704024550693852947e-05
5	8	-1	6.4804498710785910976e-06	-2.4686926342256512032e-06	-2.6824396846220566511e-06	2.4042152186929857475e-06	1.094273187841650482e-05	6.8902585784156308109e-06
5	8	0	-6.4292728559302063997e-06	5.621233798610524894e-06	4.0182955349563792116e-06	-3.5132711241315782705e-06	-5.464392729747258319e-06	-3.9992407433662619811e-06
5	8	1	7.1977477995655274678e-06	-1.0821272279978608478e-05	-4.9581404752739503429e-06	5.1877772301311277946e-06	3.6763848043639641332e-06	1.2604143558844021729e-05
5	8	2	-3.9296320835187619958e-06	1.5818806327298794086e-05	5.9467882315722433331e-06	-5.0821658194233724912e-06	-1.3963072717492068766e-05	-1.9218352540553493556e-05
5	8	3	8.870532430946924108e-07	-1.7628664732951826861e-05	-9.0353645909998677713e-06	6.2922238832674565846e-06	2.2615883504175157145e-05	1.2601844199539824387e-05
5	8	4	8.5133905453073310755e-06	1.3759127535437427873e-05	6.2552125016003085352e-06	-5.1578533195034382229e-06	-2.3152163184834780068e-05	-6.8832027802899079714e-06
5	8	5	-6.004424078243494813e-06	-6.2300992540871308011e-06	-4.4924276444568957961e-06	2.8463854382300883287e-06	1.3192308309374529442e-05	1.6758825529189896023e-06
5	8	6	1.6753820957264070255e-06	1.1974641488293309537e-06	2.6750982972386901609e-06	-9.0217898939884624989e-07	-4.9629494760902588378e-06	2.05018528507352459e-07
5	8	7	-4.7628125521101119107e-06	-5.8956647719024944895e-06	-3.2122055710252037995e-06	7.530467037246167161e-06	7.0731010469645984431e-06	-4.3950589197795526041e-06
5	8	8	-1.5588305300757762092e-05	-1.2811006381407591826e-06	-8.419141611674540467e-06	1.1855147484244805321e-05	1.8161832424648140504e-05	-1.1054459585406831653e-05
6	-8	-8	-2.7585425764688431167e-07	-5.51753151090956035e-07	3.1258148148958084417e-07	2.182290188112718786e-07	-5.1947217472474407792e-07	-6.3204388212948887838e-07
6	-8	-7	5.7922328782971504245e-06	1.4860441165594228963e-06	8.2077937557364552388e-06	1.2238952077277246757e-06	-4.4155646823012473915e-06	-1.2498528035218006067e-07
6	-8	-6	1.2196122121365181833e-06	-7.6746678260899885106e-07	1.84546477277177879e-06	-7.2646458894810740513e-07	-1.2410074848925204151e-06	2.0115266932181102244e-07
6	-8	-5	-1.0755269852425259326e-06	1.2309586875450034522e-07	-1.4659741553167570514e-06	-2.7703435651903114999e-07	1.0549262662157802055e-06	5.9097001293585027542e-07
6	-8	-4	1.5144699570455289053e-06	-2.7592606287137589846e-07	2.1580206111345361917e-06	1.0399465885425720389e-06	-2.0443362867007793431e-06	-2.4937822713922079256e-06
6	-8	-3	-2.5149649029965609538e-06	-3.2245427550262304752e-06	-3.4057973782574354235e-06	-4.7582252674650878929e-06	4.0521965360267053237e-06	6.2395152031877739953e-06
6	-8	-2	7.5586749828485968149e-06	8.9946239561153814592e-06	8.5968595631880868131e-06	9.9351405607462704679e-06	-1.1711413304206558502e-05	-1.2756690374638937494e-05
6	-8	-1	-1.0522398570740534586e-05	-7.5064315979287478961e-06	-9.8762756623044624052e-06	-7.1241102791752746465e-06	1.5875813873992481563e-05	1.1954292645829709795e-05
6	-8	0	1.2955227113795096758e-05	6.3856854127827750503e-06	9.7164203353463225689e-06	4.7892640595870812877e-06	-1.9953841240311694528e-05	-7.5607597350851071631e-06
6	-8	1	-1.4545239838357804479e-05	-3.3674906494793912258e-06	-7.895271469021771478e-06	-2.2194610359786388839e-06	2.4109267277972651659e-05	2.4492556090472358605e-06
6	-8	2	1.2529767817476296281e-05	-4.3883035021647876975e-07	3.2476629127732051128e-06	6.8903160880723487214e-08	-2.4598651801336070087e-05	1.5921036941723301522e-06
6	-8	3	-5.8933507235623420534e-06	1.8637158926803327235e-06	1.3099005378805594502e-06	-8.0690399034486737382e-07	1.5279769548139510437e-05	-5.8791757596136451106e-06
6	-8	4	3.7253226372152242883e-06	-2.6828669285851850616e-06	-1.9643579558420056366e-06	2.3317654328185673735e-06	-9.5166998675068470702e-06	8.6878312585149127629e-06
6	-8	5	-1.2633371338900789082e-06	2.4276468807444912128e-06	-8.7669766941634908947e-08	-1.681676863974896975e-06	1.3757329335614788143e-06	-5.6038592392532246154e-06
6	-8	6	7.9833643390128334789e-09	-3.3402944049959121657e-06	9.7302928165088897953e-07	1.4209435338656556763e-06	1.2893890111955059438e-06	5.2348857834834527851e-06
6	-8	7	-9.7625862689472946284e-06	-1.3251789124589893914e-05	-3.463591331481226805e-07	-8.9276155287710380809e-07	7.9720920783569690517e-06	1.033837747493179152e-05
6	-8	8	-1.5567127531394119371e-06	2.5605249172986101005e-08	-1.5845668810010880888e-06	4.1885266753104323817e-07	-4.170323161465291889e-07	3.9964873065130365167e-07
6	-7	-8	-4.6892801639948803003e-06	2.5270452632183876283e-06	-2.3195379663708901679e-06	2.2737586519029762738e-06	-1.4873644024216311695e-06	-9.4254873001313280079e-08
6	-7	-7	-3.5303658594076973266e-07	3.1921477660904535392e-07	-1.1836022651107257034e-07	9.0368957274738290597e-07	-1.8424256143815864232e-07	-6.300769070824868127e-07
6	-7	-6	2.7255112513335977225e-08	-1.1974445967319492841e-06	4.2441103526904002673e-07	-9.5713610735354214836e-07	-4.6789109530054406278e-07	-8.0785804819483581114e-08
6	-7	-5	-1.6931237273769751134e-07	2.4289733025224959644e-06	-2.3151051080048911637e-06	1.6913994039872290462e-06	3.037972303921610785e-06	5.4680879744487434436e-07
6	-7	-4	3.0689930400644252438e-06	-3.1327393426290255939e-06	8.7588446003394059995e-06	-2.8558992993574417047e-06	-1.0724488490497320939e-05	2.9871475993198459237e-07
6	-7	-3	-9.1472990413989964387e-06	4.2026611399789449579e-06	-1.5279268834025645405e-05	4.3463656829497545733e-06	1.7357029196595180864e-05	-1.7361976469248699081e-06
6	-7	-2	1.3699096347078781936e-05	-7.5344417520839122355e-06	1.7443251106168680486e-05	-7.6836201256936755748e-06	-1.9954089830354037585e-05	4.2893451836761261112e-06
6	-7	-1	-1.2524455288716022062e-05	9.0910108858017559289e-06	-1.2952902773188928055e-05	8.6208867693407466217e-06	1.5523587680026370786e-05	-5.8001420705746856962e-06
6	-7	0	1.0514116037465683781e-05	-7.475223141645378122e-06	9.0120994606848725382e-06	-6.4073341214103239836e-06	-1.2477590435654860554e-05	9.2009455204793014552e-06
6	-7	1	-1.0939469294499191071e-05	8.3265953685940243787e-06	-7.7577606835609478546e-06	5.1947648509267226353e-06	1.1332490982068502971e-05	-1.359621825507708359e-05
6	-7	2	9.5558306478056714308e-06	-8.1659334292736323631e-06	5.0287771860886878092e-06	-1.0201161657550164399e-06	-1.106677179210660569e-05	2.092739370767833775e-05
6	-7	3	-8.398975148114473565e-06	9.0245737704852917459e-06	-4.4907840600460926142e-06	-3.1871070983201399841e-06	6.3194541561213954381e-06	-2.5485730770384242325e-05
6	-7	4	4.5533567683957898887e-06	-9.911351348644548663e-06	4.6796493321378908933e-06	5.0750771442449534675e-06	1.3593511786476250773e-06	2.3748412025395491774e-05
6	-7	5	1.63334882179552663e-06	8.0599960248971458447e-06	-3.9166777144461351808e-06	-4.2242199893103178485e-06	-7.4433673863792207008e-06	-1.5585903214911019663e-05
6	-7	6	-2.786291248414791106e-06	-3.3765271305279515454e-06	2.2566234210986105849e-06	-1.6380132663043859252e-07	5.4190185730298372118e-06	3.1854255827924398453e-06
6	-7	7	2.595215170721549592e-06	1.3786198969442365285e-06	-1.2623570411911692967e-06	1.1675851203443680948e-06	-3.4868271875239261503e-06	-1.408907703640619343e-08
6	-7	8	1.0543979123388627978e-05	-2.492283996974512058e-06	-2.63093233206305573e-06	6.0075065836057830662e-06	-1.0210050133096645753e-05	7.1257812583859438029e-06
6	-6	-8	-2.9807705416373516149e-07	-4.6370127345322076953e-07	-1.559976768096358361e-06	9.4554763467179875795e-07	9.4642478544946741285e-07	-1.0569366810937646059e-06
6	-6	-7	9.4838341701708918758e-07	7.2160431406667947422e-07	7.2705115276167461687e-07	-6.6241581933834455698e-08	1.8971336936178395935e-07	6.7529648228615479707e-07
6	-6	-6	-3.8506892549359921787e-06	-3.1364195262469403303e-07	-1.6493662596911955481e-06	-2.0267579524887330943e-06	-2.2013229952447968424e-06	1.7131159998640391142e-06
6	-6	-5	1.2332680983912305561e-06	1.067592583513864653e-06	-1.2665266814788793712e-06	6.1994415065163816666e-06	2.9997537358441319128e-06	-6.158218707603019654e-06
6	-6	-4	-1.2475819099049692017e-06	-5.8849300251265917677e-06	6.6259501902761068112e-07	-1.249701330363579355e-05	-2.8652653933988699831e-06	9.9181249177638030966e-06
6	-6	-3	4.4070583344274242231e-06	6.2789552672014532151e-06	3.4252953535072406289e-06	1.0010957280043207565e-05	1.9635259618403663414e-06	-7.4640040256835061587e-06
6	-6	-2	-4.2207646088034774976e-06	-7.2052349339622790263e-06	-3.9015492013533600231e-06	-1.0554136176774061304e-05	-9.5764622235035348244e-07	1.0046703728435345986e-05
6	-6	-1	3.5048156004127617362e-07	-1.0253830593255384981e-06	3.68120036439910176e-07	-8.7808537126155370244e-07	-1.0583085839180408045e-07	-8.8378612838390909186e-07
6	-6	0	-4.5022539738857659419e-06	-2.2057364737267461897e-06	-4.5022539738857659419e-06	-2.2057364737267461897e-06	5.6969552108707352477e-06	-1.7039051453966962672e-06
6	-6	1	7.4552535114044923604e-07	1.5355821952000961398e-06	7.8347329245134912025e-07	2.0711475658327037127e-06	2.2768764786539975527e-07	3.2133922237956467083e-06
6	-6	2	-9.5136559587595291235e-07	-7.3152455123346709696e-06	5.887562919487365421e-07	-4.0353894606428292175e-06	4.6203656634740685751e-06	9.8395681550755261034e-06
6	-6	3	2.9076186616304743092e-06	6.8198335512016596585e-06	-1.1430832956831676248e-06	3.1287170204633923662e-06	-8.1014039146272842916e-06	-7.3822330614765345846e-06
6	-6	4	-5.3153827514526524693e-06	-1.1352048440618331792e-05	5.8238306385558929096e-06	-4.3866766457459537023e-06	1.6708820085012817221e-05	1.0448057692308567558e-05
6	-6	5	1.242265472303520254e-05	3.9724463806557970183e-06	-5.9587031158827368527e-06	3.5185777325703150956e-06	-2.2057629406701527609e-05	-5.4464237770257881545e-07
6	-6	6	-1.4127293931821389387e-05	-1.1079331596683154737e-06	3.8564305075157370362e-06	-5.2633520439641768334e-06	1.7983724439337125576e-05	-4.1554188842958613597e-06
6	-6	7	5.2567784818520088238e-06	-2.928652563280497491e-06	4.9178205163124992988e-07	2.4872068915442468261e-06	-4.0842826544749364368e-06	4.642165246992637623e-06
6	-6	8	-3.5936044159678742866e-06	3.8837578240968390384e-06	-1.562100832925476555e-06	-2.8506172662767074795e-06	1.5236276872817984045e-06	-5.0507813177801595708e-06
6	-5	-8	-9.6697014327848561142e-07	2.7919485755680959207e-07	4.4669464449431497774e-07	6.8687178964154538816e-07	-1.0044117602678110233e-06	-2.1989872535835866031e-07
6	-5	-7	1.8202348611095333167e-06	-2.1020154797046334573e-06	7.2748980256545186007e-07	-9.1562736033540747729e-07	1.0405657362614200403e-06	-1.1477080109358232612e-06
6	-5	-6	-6.3918239454296065155e-07	4.680866466796209757e-06	-3.3517068673968112763e-06	2.0372046993583636557e-07	2.1539066616210485336e-06	4.5110994085163464852e-06
6	-5	-5	1.3189798256554679459e-06	-1.7912502599784793206e-06	6.6121586264612895197e-06	5.4596322956660189817e-07	-5.0293828356747279846e-06	-2.6954635415407772311e-06
6	-5	-4	-3.5310930646732994954e-06	3.1887318626599024294e-06	-8.4565816215524304301e-06	2.3862340029062028695e-06	5.2740874299305902769e-06	1.8003052903571004808e-06
6	-5	-3	-1.0045271897025046133e-05	-2.4275498700042875822e-06	-1.5412428618441538231e-05	-3.9187959464683236462e-06	5.5968372366858064798e-06	1.6762268374386309126e-06
6	-5	-2	-1.7455273796359577984e-06	5.3816533131397934893e-06	-8.550916052823876701e-06	3.4637023613236076284e-06	1.6140707993151817934e-05	7.4857040361103599146e-06
6	-5	-1	1.2573436740377767851e-05	-1.0825783892947346405e-05	2.0238753191528445453e-05	-1.2506350121840374454e-05	-2.5753145515375616768e-05	-2.4229527484822002299e-06
6	-5	0	-1.2615858588167278747e-05	1.278795664307993763e-05	-1.5139030305800734496e-05	1.5345547971695925156e-05	3.780032095451417017e-05	1.4869640772929875304e-05
6	-5	1	7.5512859620423911661e-06	-4.2754943002567238799e-06	6.9822201977013891621e-06	-4.9841978764312473308e-06	-1.0396614783747396951e-05	7.3197641938410588404e-07
6	-5	2	-1.4789221820889384775e-08	-1.2861634149014020005e-06	8.0235133897696390146e-07	-1.4672960051668863789e-06	2.0502460129050779096e-06	1.9025023178698989557e-07
6	-5	3	-2.0066716821226543629e-06	-1.7935095732407221045e-05	3.3880096454508431834e-06	-1.950943917666888387e-05	9.6600261066633812628e-06	3.3544595036996322532e-06
6	-5	4	-5.6191992983609869323e-06	2.3169456127225742361e-06	-1.28188419925152466e-06	-2.8830908641229627949e-06	6.8264436984770738323e-06	-7.0792819992375645302e-06
6	-5	5	8.9282475780445657134e-06	-6.6915483510579234634e-06	1.6017724687659413298e-06	4.7193937239005623275e-06	-9.1121246248875379921e-06	1.2749251745170070484e-05
6	-5	6	-8.7373406851016806562e-06	2.0015593858847138624e-05	-4.796091565862427262e-06	-5.2091646698145666869e-06	4.7405977135496579379e-06	-2.4356564417025946173e-05
6	-5	7	2.8005288356072156922e-06	-1.8328561211047653389e-05	5.305346210501990231e-06	1.2535478715366369343e-06	1.3890797198380939784e-06	1.6605586660567016755e-05
6	-5	8	1.7629475497809850204e-06	7.159455741861990791e-06	-2.5856864851391171898e-06	4.6764944106695167372e-07	-2.9382647155476867442e-06	-5.0773109057296482972e-06
6	-4	-8	7.0486267911009602257e-07	1.0712305994133933116e-06	5.7488324905952270267e-07	-1.0324794237361720735e-06	2.4120538480281069206e-07	1.3196626614281311263e-06
6	-4	-7	-1.3605916768956196315e-06	-1.0596967626353211912e-06	-5.0998378680388057624e-07	-1.7638489374750227642e-06	-8.7480213059402798679e-07	9.9602167726880507505e-08
6	-4	-6	1.5408008798177709685e-06	2.025800810297484663e-06	-1.3234475162864323417e-06	4.6164837732041977047e-06	2.4230992240087255806e-06	-1.0518550385053135951e-06
6	-4	-5	-1.6038561504554830472e-06	-1.2095754815415519189e-06	-1.2313813021730478953e-06	-5.4510239150431347532e-06	-9.3952233880814131928e-07	2.9093285541846454152e-06
6	-4	-4	3.3722206420660641262e-06	7.0806496072170012406e-07	4.9553549894732721532e-06	-5.2835982259721959656e-06	1.0297597362582406251e-07	6.3456956670547459928e-06
6	-4	-3	-8.119895737555949292e-06	-6.4384935060728450552e-06	-1.2423929948937337215e-05	-2.8857485187152524374e-05	3.2544845680455086019e-07	2.5599659904057674593e-05
6	-4	-2	2.2338268354807005816e-05	4.5947652812583001823e-05	4.1745092222158723249e-05	6.848000383150584043e-05	-1.6475379379896422274e-05	8.8295077473731793796e-07
6	-4	-1	-2.1953973071652122656e-05	-3.2031140284422843776e-05	-2.5205586208209063473e-05	-5.2732357089724525546e-05	-3.0901493597076475268e-05	1.8742586652361046303e-05
6	-4	0	2.6448748472512163761e-05	2.7179791629459509682e-05	3.9673122708768247336e-05	4.0769687444189262829e-05	7.1809387030306217193e-05	-3.9448873957202660744e-05
6	-4	1	-4.7592959953003124456e-06	-1.210626538618146584e-05	-2.1656911704980527259e-05	-3.1306291920469893144e-06	-5.807187084812023267e-05	6.0115075548900837781e-05
6	-4	2	-2.244947429247032042e-05	2.4969094729836790816e-06	1.8600451901790840729e-05	-4.0484641359500007864e-05	0.00010454932668099264611	-8.8460011137951052125e-05
6	-4	3	-3.1663909968123078053e-06	-4.5288007880914853298e-07	7.8404768169215594697e-06	1.8907481822185891699e-06	1.6786751082853360441e-05	3.4267577339097492218e-06
6	-4	4	1.2767104099459768491e-05	-1.0841162308642359851e-05	1.3132421277972630819e-05	6.4281535759111414534e-07	-6.0182348712170219171e-06	1.690455882055465244e-05
6	-4	5	-5.8082959363187804447e-06	-5.7233369189606990443e-06	2.3425873744937341994e-06	8.5257197060785537026e-07	8.8440250231775238932e-06	7.5500618792391235729e-06
6	-4	6	1.2660684143171255177e-05	1.7650513610574093372e-05	-5.5991724670933801667e-06	3.3985115914553445411e-06	-1.6393465787900173594e-05	-1.5384839216270529216e-05
6	-4	7	-2.8884833574402096718e-05	-1.6193447049303251911e-05	2.8854786800754823917e-06	-6.7593432215628896037e-06	2.6407273738102070662e-05	1.0017615629938277314e-05
6	-4	8	1.6863209618641147739e-05	3.5787527621631765574e-06	-9.5545844013431508611e-07	5.8799019342006195922e-06	-1.3125136434048016335e-05	2.5588639547792716629e-07
6	-3	-8	-6.9093858574417765105e-07	-1.5946329693272792399e-07	-4.4453300000822495551e-07	-7.4213406154447304614e-07	-3.5150406430504887335e-07	1.5870280037963146255e-07
6	-3	-7	-1.117771822812493036e-06	-1.2393039571811379897e-06	-1.3567291023595910805e-06	-1.1925770905640185745e-07	-3.7663480425659779303e-07	-1.0111500879882316947e-06
6	-3	-6	1.8202338803676993124e-07	-1.3793616603038604944e-06	3.1522983930677955355e-06	4.893154787479675187e-07	-1.39412580849712781e-06	-1.6240193996778442538e-06
6	-3	-5	-3.541276977557647214e-06	2.5580507599549617929e-06	3.4867479811855644767e-06	4.9370266584344908953e-06	-6.3415811617805155969e-06	1.0744491688525965662e-07
6	-3	-4	5.8192278029630671078e-06	-1.0068503116318611558e-05	4.2249954261975985602e-05	-2.2166039330750083447e-05	-2.2958623992037385152e-05	1.5217748235846463066e-06
6	-3	-3	1.2594532618649749469e-06	9.4333424529316271915e-06	-2.5650125559424429922e-05	1.6448658195371814247e-05	2.816903208315438151e-05	2.4180267104914371711e-06
6	-3	-2	1.1652667310966271941e-05	-3.1999775764692484569e-05	2.7811499166715552439e-05	-4.4278838134160068848e-05	-6.7592468171745119881e-06	-2.9581070092837353824e-05
6	-3	-1	-2.8281433001194936728e-05	1.813016103888921517e-05	-3.6500411987298151295e-05	2.1190712712821786057e-05	-6.0187362045275166484e-05	4.5208828094869943012e-05
6	-3	0	2.3543486937469239659e-05	1.2364154784163666265e-06	4.7086973874938479318e-05	2.4728309568327332529e-06	6.116511357679068749e-05	-9.9366795153653191246e-05
6	-3	1	-4.7047248674375303465e-06	-2.7328218225556684319e-05	-2.7728532384530187873e-05	-5.0528587244916290668e-06	-5.4957247948965378152e-05	0.00014881073317986521533
6	-3	2	3.2109107881403268865e-06	3.8716919829695735161e-05	-3.7168319629015262169e-06	-8.7951512111159497353e-06	-1.5207980308773269985e-05	-0.00012934348630576112077
6	-3	3	-2.1962312224329450145e-05	-2.6101175300298473918e-05	1.459168635402553448e-05	6.1918903707325204108e-06	5.8516310802684431383e-05	5.8394240971329469095e-05
6	-3	4	3.0034998191962339017e-05	-4.7919525449603014112e-06	-5.1638706756986008488e-06	5.0549179552598617641e-06	-4.8925400294717461068e-05	1.0979117283885348228e-05
6	-3	5	1.8676891103189191881e-05	1.2528336207703752794e-06	-2.1020273150536494102e-06	1.1485183934820944454e-05	-2.3673485712859220327e-05	5.3877100159681159985e-06
6	-3	6	1.079253458733500217e-05	-9.1604208555459325843e-06	-6.5731109081383416357e-07	2.6797042703768445067e-06	-1.1121190132741920099e-05	1.0500272990734355261e-05
6	-3	7	-2.8097360364460520292e-05	2.9710299668704969454e-05	-9.43144647624559091e-06	-3.0418294796093433632e-06	2.0041403251146623225e-05	-2.676961235015112297e-05
6	-3	8	1.3385933675185253199e-05	-2.4853410141449266458e-05	7.6441053585586524926e-06	2.3395688240613277269e-06	-7.1729107469294452147e-06	1.9517395915109947635e-05
6	-2	-8	2.5284195614192740305e-06	1.5376184421254818828e-06	-2.5668519117154193626e-06	-1.8812674230929715865e-06	2.5380276489933100459e-06	1.6235306873673542028e-06
6	-2	-7	-1.9762861643652133215e-06	6.0043038238497593838e-07	3.1013379648232126095e-06	1.7990027819624103543e-06	-2.5800561308339576968e-06	6.5381862643352602367e-10
6	-2	-6	-1.9275978345547091254e-06	-4.7650254861549583548e-06	-5.8401145909351730611e-07	-2.429322451167341518e-06	-1.7329273481902032156e-06	-3.9552513357658442331e-06
6	-2	-5	2.6702327725604763535e-06	7.6923150640327332017e-06	1.5593400564829604818e-06	5.873167451762875704e-06	2.5805433044793876856e-06	6.8815110961341307462e-06
6	-2	-4	-5.4063780967221391872e-07	5.0483267133884741215e-06	5.577320390730359503e-05	-7.9577734684739667758e-05	-2.869755866816011707e-05	4.7361357412452542096e-05
6	-2	-3	2.947491504822860489e-05	-1.8490671867508972319e-06	4.9627431556776518235e-05	6.3958529584182045885e-06	2.5864875725272867677e-05	-7.962036345780596958e-06
6	-2	-2	-3.9255632711978271851e-05	-8.5729335090371136101e-06	-7.4484202318533549586e-05	2.3198788272346120048e-05	-4.3282695817401259191e-05	-4.891758879945746596e-05
6	-2	-1	1.7308600543327666788e-05	1.5317376610187310055e-05	1.9657497280197412594e-05	3.3054987424633319341e-06	6.4536608699571168762e-05	8.5293262176197199849e-05
6	-2	0	2.0430481579397588457e-05	-2.8140568250128648425e-05	6.1291444738192758595e-05	-8.4421704750385948663e-05	-0.00017499269415875061623	-0.00015476091213180505238
6	-2	1	-4.3085371509838414291e-05	1.5343976272281829328e-05	-7.5738745512906154511e-05	0.00010175545685113723327	0.00010703473803321819028	0.0001114470560685834838
6	-2	2	5.5797459904042076432e-05	-6.4834681322703507556e-06	2.4895290546787144872e-05	-8.8032698592901680056e-05	-0.00014249708916533906748	-6.8582294196090626943e-05
6	-2	3	-2.5684044071878193126e-05	1.47666078460483555e-05	5.5720315654928595647e-05	3.5263091563778448231e-05	8.8514965247042112165e-05	-6.024487982911079128e-06
6	-2	4	1.0614185112916864193e-05	-5.5645243587159672765e-05	1.1580302540607601518e-05	9.8098553765721519079e-06	-1.0131126399071495531e-05	8.8372793069025585102e-05
6	-2	5	6.4625895262044009973e-06	1.0162594696750528936e-05	1.0368770430652075008e-05	-5.6584419978191652343e-06	-3.6075992591844511087e-06	-1.4458490435228301495e-05
6	-2	6	-4.6785836612971352426e-06	-1.4846567595100606076e-05	7.3486450870191984335e-07	4.1005037349212365838e-06	4.9235384975311080296e-06	1.6213402173407683526e-05
6	-2	7	2.1871941910191954137e-05	2.9239989707345343407e-05	-7.258111229851192288e-07	8.0722871879988678277e-06	-1.8954753386731708012e-05	-2.2756480552582044946e-05
6	-2	8	-3.4373439294373370288e-05	-2.6890993498051630507e-05	1.2928441730839629597e-06	-9.7846461666783881119e-06	2.6103290514051018191e-05	1.7722083581869125005e-05
6	-1	-8	-7.2497368934942046732e-07	-2.5156035042273462954e-06	-2.9872565772397934395e-06	4.7575505707190505418e-06	-1.7032319485709114408e-07	-2.4813964495103909334e-06
6	-1	-7	1.8256585430186330435e-06	1.6230309710034611592e-06	-6.3577525156298978989e-07	-3.9903812527304322085e-06	1.6556752156678268947e-06	1.9612238683930285125e-06
6	-1	-6	-2.5811786246123174909e-06	3.190313648061024207e-06	1.1822902674502984344e-06	-3.7310165368196786483e-06	-2.7782270025207006339e-06	3.8121497375309704366e-06
6	-1	-5	3.5532575214429113008e-06	-9.5927487162080547718e-06	-4.8828436048587705586e-06	1.1921337379141915146e-06	5.2404777467032478421e-06	-1.1749725207032503182e-05
6	-1	-4	6.4595452042984730448e-06	1.8778857014987316031e-05	9.2694287602273163951e-06	-1.3373985703823739647e-06	7.3719606163908813154e-06	2.8502635165076566743e-05
6	-1	-3	-4.7581114928325554539e-06	-1.5987549716425741798e-05	-2.1767428725571137449e-05	-3.3299842636227098148e-05	-2.2604134104747316171e-06	-2.087515188744245201e-05
6	-1	-2	-1.419085071229228723e-05	1.582412276218429152e-05	4.6912702632675133555e-05	7.3083526594084559e-05	-6.6028903453214433548e-05	1.0930604989510593364e-05
6	-1	-1	6.255726052432633241e-05	1.1443215766285121236e-06	0.00014964735781449297258	6.0727865441697313504e-05	0.00022569620533146504899	-5.3861935981926239915e-05
6	-1	0	-4.909390512452928095e-05	-2.1031312104110451818e-05	-0.0002945634307471756857	-0.00012618787262466270413	-0.00020173783410855396507	0.00012033560287046023781
6	-1	1	4.472576785126983079e-06	2.3105475195506638378e-05	0.00021357146730461334569	0.00011172988552543793017	0.0001867360065938514235	-2.6902965647601903484e-05
6	-1	2	-8.6615947144311036582e-06	-2.5965991315867219458e-05	-0.00017902686545233161583	-8.3070052313355879567e-05	-6.3528648582872500328e-05	3.636294779092372198e-05
6	-1	3	2.0179170026571829579e-05	1.6716859723096238712e-05	0.00013911482204763080919	-4.7902414481716868691e-05	6.013267296066611138e-06	-4.9401190940098100321e-05
6	-1	4	-3.440841214240237297e-05	-1.9081447272351069239e-05	-7.1715633463299082134e-05	6.0460520805891157319e-05	3.3683709847778792309e-05	4.3737301109999393188e-05
6	-1	5	2.286364853830464094e-05	2.4737301444035860027e-06	1.0956184126570832059e-05	-1.6001545482116221017e-05	-2.5245141420651400345e-05	-6.1687852697075468985e-06
6	-1	6	2.9811962705267428527e-06	-6.888549863599932603e-06	7.6955396863549080952e-06	-5.2735159788348480976e-06	-1.6986063228009249074e-06	6.0096305337941244456e-06
6	-1	7	3.2218950572880461979e-05	-1.2993374975513707206e-05	3.8479393915981639659e-06	9.6241372513533067854e-08	-2.7066537720812085634e-05	1.1150927317942253985e-05
6	-1	8	-3.1061732790952239515e-05	2.4688737662628667933e-05	-7.2311499323951302498e-06	-5.6599583623078713177e-08	2.2392405851664790684e-05	-1.8523628194924385244e-05
6	0	-8	-2.9129281329020740732e-06	3.645613043031024136e-06	4.0165347746320929773e-06	1.331503950867957639e-06	-2.1846960996765552372e-06	2.7342097822732682079e-06
6	0	-7	1.4100336844429156494e-07	-2.2422712422482020205e-06	-2.2440588814284856544e-06	3.1591359617989060874e-06	1.2086003009510704432e-07	-1.9219467790698871436e-06
6	0	-6	-8.9779426449330590412e-07	-2.5015964128763743951e-07	1.1266933605566380758e-06	-1.8896936354675187563e-06	-8.9779426449330590412e-07	-2.5015964128763743951e-07
6	0	-5	-4.9324209861506762442e-06	6.8035436639243770612e-06	2.471434689492884947e-05	-1.0326740470685070303e-05	-5.9189051833808108155e-06	8.1642523967092524734e-06
6	0	-4	1.5267439832528519972e-05	9.3185262424955853425e-06	-3.5058091252474152797e-05	-1.1181859459686347452e-05	2.2901159748792783346e-05	1.3977789363743378014e-05
6	0	-3	-1.4149529953742313767e-05	5.2684936700463318036e-07	2.1316169534008134863e-06	3.3548331036794342233e-05	-2.8299059907484627535e-05	1.0536987340092663607e-06
6	0	-2	1.8540984248045179521e-05	1.3748099676011828622e-05	-1.6997525448146663207e-05	5.5952896470419621997e-05	5.5622952744135541951e-05	4.1244299028035480783e-05
6	0	-1	-8.1196230023181518759e-06	-1.2764415344203947636e-05	0.00010990072038444655481	-0.00021243836688784523332	-4.8717738013908911256e-05	-7.6586492065223679042e-05
6	0	0	0	-5.6048735688387923001e-45	-3.0172786589312034796e-05	0.00053871101888949130248	5.8022692488305082628e-05	6.3795590146354657778e-05
6	0	1	3.5829839580892208167e-06	2.2077174118024200223e-05	4.8995785504579757782e-05	-0.00038492457276905682299	-2.1497903748535322359e-05	-0.00013246304470814520811
6	0	2	4.338041938099551883e-07	-1.7768794745841944737e-05	-0.00011023513637795962937	0.00034626164850904084464	-1.3014125814298655649e-06	5.3306384237525837599e-05
6	0	3	8.4283982551288783686e-06	-2.5827223984763396489e-05	2.7120744173589996829e-05	-0.00017492845540815647395	-1.6856796510257756737e-05	5.1654447969526792977e-05
6	0	4	-2.6941920136934315998e-05	3.6733401955840454148e-05	3.7538884551652206294e-05	0.00014158787380704173633	4.0412880205401477385e-05	-5.5100102933760687998e-05
6	0	5	1.8530954315260008292e-05	-3.2920944888793737175e-05	-3.1575027660628130031e-05	-4.1119831410311904595e-05	-2.2237145178312009951e-05	3.9505133866552488676e-05
6	0	6	-1.0047312145270023345e-06	9.7725271154471828153e-06	5.7958160027415348646e-06	-5.9019985340958159087e-06	1.0047312145270023345e-06	-9.7725271154471828153e-06
6	0	7	-3.5887978978148687201e-06	-2.8787080860254287421e-05	-2.033622937675178414e-06	-1.2147652673521887833e-06	3.0761124838413160458e-06	2.4674640737360817305e-05
6	0	8	1.309419623348739644e-05	2.7253372304149838581e-05	4.294185173198113178e-06	2.9350505836078393773e-06	-9.8206471751155481771e-06	-2.0440029228112379782e-05
6	1	-8	5.2317201823652431184e-06	8.8642879915746508077e-07	-1.6571697839288336345e-06	-4.1903745952590260634e-06	3.7166439137828279227e-06	1.4102477496072052619e-07
6	1	-7	-3.9206965362937820849e-06	2.1733003956370770533e-06	5.1268233271209006163e-06	6.2051589723130195319e-08	-2.6281936986631127646e-06	1.8716934233636559961e-06
6	1	-6	3.9229159505186979937e-07	-5.8136143006011563397e-07	-4.9219218581079379713e-06	2.334110304641701492e-06	-4.2802871463278649389e-07	-1.9234304595316540295e-07
6	1	-5	-2.6321820125580371064e-06	2.6992601104121980689e-06	9.8409367205861233882e-06	-1.109096074211403042e-05	-1.1904310709524196383e-06	1.0209199840718318952e-06
6	1	-4	1.6629725537469827989e-05	-1.2577243847352764623e-05	-1.2983817699343609114e-05	1.1621629171542095029e-05	2.1698633881368840128e-05	-1.5960458478143623178e-05
6	1	-3	-6.4583224070931610577e-06	3.3248944588457559376e-05	1.3472389475470901196e-05	3.8924343139640840626e-06	-8.4258483223626889479e-06	6.7795367281569819369e-05
6	1	-2	-7.8518352941120102202e-06	-1.3027369026779410993e-05	-4.0368897956631662606e-05	-4.9734264904068694127e-05	-4.373995486065186027e-05	-6.3949239532372581735e-05
6	1	-1	4.8576590138086757852e-05	-1.9016233518512292274e-05	-0.0001285615908798417098	9.3213200894801326855e-05	0.00016289794994867886442	-2.0884200216272423399e-05
6	1	0	-5.0434506542900410324e-05	8.1729270844614613456e-07	0.00030260703925740243484	-4.9037562506768765956e-06	-0.00014862249110172436506	1.2256536695115083092e-05
6	1	1	4.6752039389797497024e-05	2.0787833130267979997e-05	-0.0004226342851806346064	-0.00014862161289536934285	0.00014212204884184962425	2.389461411376146287e-05
6	1	2	2.4544580669095130787e-05	-1.2091170696296419138e-05	0.00016307664675117587087	9.3967801956500857357e-05	-0.00015517206538287332102	-1.0710388889361172957e-05
6	1	3	-3.6528039407434746688e-05	-6.3903432397794620353e-06	-0.00013856912079954564004	-6.9937778564167798448e-05	0.00011924578574805136887	3.6093279334281523553e-05
6	1	4	2.9884745080233009006e-05	4.1727374976166689655e-05	0.0001152889248164004198	1.3463257063374994312e-05	-7.3649348824449616764e-05	-6.5956876730093787296e-05
6	1	5	-1.9117235667028717383e-06	-1.4598098010182096226e-05	-3.4134581867780339768e-05	1.7394518842975866256e-05	9.1209846535995135313e-06	1.4038813843623342221e-05
6	1	6	4.4984521457458054655e-06	1.2478956157171065891e-06	-3.8007041899084472183e-06	-1.5273232626392062883e-06	-3.8650014474277305762e-06	-9.9334173861057234894e-07
6	1	7	-2.6324637230683920738e-05	-5.7433006663833071956e-06	1.0213983824592170408e-07	7.2331256966956930171e-06	2.2549383363693943118e-05	3.8895254716577358576e-06
6	1	8	2.6356026818240665174e-05	-2.3978579268600107625e-06	-4.9780499837714443311e-07	-1.1308366070658794239e-05	-1.9704794488883356382e-05	3.2119392039773571399e-06
6	2	-8	-1.275789551522878974e-06	-4.235046806093304771e-06	3.6345977676034339488e-07	1.9331502342707351004e-06	-8.6597721945207344794e-07	-2.6929975460022946973e-06
6	2	-7	4.8920212761825597575e-06	3.9984746066539157043e-06	-3.3791912573399110656e-06	-4.8472809520163567264e-06	3.2276778774879338944e-06	2.0423265336986830886e-06
6	2	-6	-1.7421039735012553856e-06	-1.2835961936241037622e-06	4.5203764457992068774e-06	4.6277632216121611597e-06	-2.3531182490151985683e-07	2.5899154691328337927e-07
6	2	-5	5.0608671693254850374e-06	4.3542187217823445133e-07	-4.1154035124666944544e-06	-1.1813877874920787999e-05	4.4268791982039046019e-06	-4.203044903354433498e-06
6	2	-4	-4.2668614607819707867e-05	-5.8390787905523078963e-06	1.0528359469151922246e-05	4.2693932612681667312e-05	-5.8738742177153595596e-05	1.2588348120512372235e-05
6	2	-3	2.3505216832449256039e-05	3.3586429444313632241e-06	1.2357001212629946208e-06	1.9454751882660540225e-05	4.7834233745740505951e-05	1.9687120477303087445e-05
6	2	-2	1.3960636769351176132e-05	2.3957688328096277347e-05	-0.00011639000188391659518	-2.9710994878958480527e-05	-7.4508091575863061697e-05	4.2162070105330354903e-05
6	2	-1	-5.0865523223973853621e-05	-2.8969025257542293779e-05	0.00017520340199552142087	1.7455318131936682277e-05	4.5213664647199740341e-05	-0.00013890351528138039812
6	2	0	1.9653987706974891167e-06	1.2518513038616622778e-05	-5.8961963120924669265e-06	-3.7555539115849871721e-05	1.2267037410004740846e-06	0.00021997762811639607868
6	2	1	1.1324425047405640543e-06	-7.6114316982654449677e-06	-5.1937173954177438882e-05	0.00010698154681206868558	9.7079692879911496403e-05	-0.0001682945034345446878
6	2	2	1.0857863049159403925e-05	-2.907765719540022489e-05	9.800150745959200591e-05	-0.00012775992783729949874	-0.00013057509660707020582	0.00021499289942350017341
6	2	3	-1.4388829643672555435e-05	2.9645647921742311777e-05	-5.5732140981573848623e-05	6.8811071913905320799e-05	6.5932419941727677748e-05	-0.00010516534378608816624
6	2	4	1.5540731419070387452e-05	-3.4946683324971592095e-05	4.3062265896575640351e-05	2.2781135826296906676e-05	-4.4842230076893404742e-05	4.1029457074308933111e-05
6	2	5	-9.4933117763050993236e-06	-1.8588939052163228132e-06	8.3585971031816573096e-06	1.8372990980065520534e-05	8.0485352902934579586e-06	-5.1185237057666208376e-06
6	2	6	9.7760579050735660448e-06	-8.0073129191342584676e-06	-8.4547490325924907687e-06	-2.8001307066387254045e-06	-6.9578082275427363532e-06	8.9406898213471666534e-06
6	2	7	-1.2098279818830573527e-05	1.8555759450815976846e-05	1.609561344320206591e-05	4.7871605178948410909e-07	5.7712074323684726422e-06	-1.6041712686924975795e-05
6	2	8	7.0068531846696305738e-06	-2.0039840335349444565e-05	-2.0398000947006325145e-05	6.5474397068889697826e-07	-1.5563965175064196167e-07	1.4866194258839858782e-05
6	3	-8	-2.1442860719334332004e-06	1.4218889728287778111e-06	-1.2605287280234948578e-06	-3.0837766207430773522e-06	-2.0809128269588853396e-06	-8.9999503157070556081e-08
6	3	-7	9.7858760487798201623e-07	-4.7164840961143362995e-06	2.8488311672559909574e-06	3.9132222210144860641e-06	2.0597170187194092814e-06	-2.3656054162346514326e-06
6	3	-6	3.7333502603721418333e-08	2.2761956266746718299e-06	2.3805119568198038829e-06	-1.1432399195445197715e-06	1.2275894810136234326e-06	1.7045756669024119441e-06
6	3	-5	1.3961313681319062517e-06	8.4541186075196199093e-07	-5.3904524119910536965e-06	-1.6967052560232936185e-06	-1.558913805436344377e-06	-3.5289207116217970984e-09
6	3	-4	-5.3323202071374326797e-06	1.752866067296848397e-05	2.2010339500312043254e-05	-2.4458694632290979673e-05	8.5092743145278825737e-06	7.9489700352344912004e-06
6	3	-3	-9.0857385391738749357e-06	-1.6020670369589408053e-05	2.1444604476053528443e-05	1.2839507770890259237e-05	3.2731273977057781482e-06	-1.920183296828855687e-05
6	3	-2	2.2470868184853774556e-05	-2.5816504359978912909e-05	-3.6811179710308378763e-05	7.2634259125739389449e-05	1.2195834989098752136e-05	3.1501875608672342058e-05
6	3	-1	-5.2652378226512448655e-06	6.3443577101190019168e-05	-1.0139298250289890103e-05	-0.00014432160781468610393	-6.2009321686777146279e-05	-5.2303360836918196767e-05
6	3	0	-2.6758191606954254751e-05	-4.171465004631771191e-05	5.3516383213908509501e-05	8.342930009263542382e-05	0.0001050923819292374253	7.3171530317867156351e-05
6	3	1	2.5802458864291264709e-05	-1.6970279744549793593e-06	-1.3369536239900348928e-05	3.8263813232093498915e-05	-0.00011470614446604654316	-0.00010460927184955062948
6	3	2	-1.4685366292537455269e-05	-1.8359887205015317142e-05	-3.8483612399786118648e-05	-4.3224024215666240667e-05	0.00010178151747729154717	0.00011991569793854531581
6	3	3	3.3224138842828461926e-05	3.0521903767546140328e-05	3.1164493899526022225e-05	1.6487096342485377563e-05	-9.7612771585182939301e-05	-7.7530903877577654832e-05
6	3	4	-1.7227096969857995357e-05	7.324812468230858474e-06	-1.2694029438462846107e-05	-1.6465247570945730818e-05	3.536116753363413058e-05	1.361716975863011038e-06
6	3	5	-2.4386246293477994754e-06	-1.1396439966263029336e-05	-8.1597181445102583147e-06	5.3172215969168874192e-06	7.8221804419235140205e-06	1.0485395001365502751e-05
6	3	6	-5.0693824947114775361e-06	-8.9561277642345866448e-06	-1.0617185646356056218e-06	1.0627895198469914476e-05	5.6002417770292798176e-06	3.6421801649996289831e-06
6	3	7	9.5991219315762798853e-06	1.6608883950947158948e-05	2.0192611672223496844e-06	-2.4216507528395022633e-05	-9.0932164415892480588e-06	-3.857683017213984289e-06
6	3	8	-9.3114896300243263523e-06	-6.8640825712430387874e-06	-6.5616437813527456956e-07	1.7417095134436016984e-05	7.2296788643189722646e-06	-1.3833487469812274903e-06
6	4	-8	1.0212569134045737989e-06	-3.5498620122680865012e-07	-2.9192624556907062551e-06	2.2849139040990202335e-06	-6.9368854279192261956e-07	8.7621730112940370855e-07
6	4	-7	-1.69796854146450165e-06	2.5257328093467038443e-06	2.2018446560750907713e-06	-9.2911462142401067391e-06	-1.9720466064094949583e-07	-3.1443125715543145391e-06
6	4	-6	1.3586540183068640194e-06	-3.1678931761365319766e-06	4.2110563205746230828e-06	4.2512423529594557705e-06	4.166024898689946357e-06	-3.3373160749689490213e-07
6	4	-5	3.7892797166752280729e-07	6.6504879710839773759e-07	-5.0323841111320119361e-07	1.7653284353109576335e-06	5.2122837110466417827e-08	2.2103213047788434342e-06
6	4	-4	-4.301799655856885806e-06	2.290402282505331533e-06	1.0900835316092204286e-06	-2.5202318689464166025e-06	-5.3626159521761087039e-06	9.1537155481158069693e-07
6	4	-3	-1.0207560794650282632e-05	-4.5639956953266167512e-06	1.1943539991914461842e-05	-3.8136596920251063865e-06	-4.4904016000812805491e-06	-1.4212870980020042582e-05
6	4	-2	-6.6991424928678025449e-06	5.0034152920194709783e-06	2.1109110037506403657e-05	-1.2912325818954264222e-05	2.2120792596409401373e-05	-1.0814405761850116357e-05
6	4	-1	2.4846845324109148183e-05	-4.4964473070847105256e-06	-4.3741585614203261963e-05	5.3632243949193601732e-06	-2.5885270512158158756e-05	-5.5257862628308241547e-06
6	4	0	-2.8439950596324715547e-05	1.5124680939279142887e-05	4.2659925894487076708e-05	-2.2687021408918713484e-05	4.5701525239379030328e-05	-3.3103998775493772427e-05
6	4	1	1.0779965904181155046e-05	-1.68714344270521065e-05	-2.8391953230096696626e-06	1.2985312746742118885e-05	-5.3323014133048258405e-05	4.9287355575344156682e-05
6	4	2	4.6795826303815459284e-06	-5.4466397619547240807e-06	1.2337148071041832841e-05	1.579552210454157374e-05	-3.8713044033228303468e-05	-1.5251124923218972696e-05
6	4	3	1.1839432812439753786e-05	-1.6582040036044034468e-05	2.7773895003842490881e-07	8.6702587527511387614e-06	-2.4049184224930740571e-05	2.1603735068419882792e-05
6	4	4	7.2418483863127980783e-06	-7.3231792451621437331e-06	4.7210715590378263267e-07	6.8414337105924723779e-06	-1.1334879735372979485e-05	4.1433351571507423747e-06
6	4	5	8.1549554967505857341e-06	-5.2625270093552583737e-06	-1.0636068190438043645e-05	4.0006491743894337157e-06	-1.2770920437502690238e-06	3.11451307171476333e-06
6	4	6	-1.2012182501065982914e-05	7.8842522201923950114e-06	1.8730321284089480318e-05	-4.194231751669934547e-06	-4.7469835499367107308e-07	-5.0880977190791055957e-06
6	4	7	1.240575155488842925e-05	-3.8459017783765588581e-06	-2.4507863012907865678e-05	-3.7177665481451035159e-06	3.370991817471556224e-06	5.4209252661199669866e-06
6	4	8	-5.5800579662409786894e-06	3.0945485039106578821e-06	1.4091923271802870291e-05	4.107520331671645683e-06	-2.8609181612207013404e-06	-4.3746715437688158296e-06
6	5	-8	-6.702398470365791964e-07	-2.0026172317901003515e-07	9.6018405622440751756e-07	1.0471576966184479456e-06	9.7435149862820327649e-08	5.0427726800227248596e-07
6	5	-7	2.8880817242027459299e-06	-8.8041391511472568356e-07	-7.4989414964845020725e-06	1.193839082042146037e-07	-2.8808881624580045455e-06	-6.6936627852389725217e-07
6	5	-6	-3.6012165825275437053e-06	2.9924057351206497647e-06	7.5287237794963252917e-06	-7.703073512073321333e-06	2.6727199003860607045e-06	-3.426822191607118154e-06
6	5	-5	1.2824903152879521022e-07	-2.1160638164456947436e-06	1.4267876056466997827e-06	6.4957465398348016464e-06	1.5806864434812540667e-06	3.9564699600999681236e-06
6	5	-4	-1.0798568341763447813e-06	3.451065564086553321e-07	-1.4663149311053377577e-06	-5.4463252648812939591e-07	-3.4526789151461892633e-06	-1.6313082349717879967e-07
6	5	-3	-6.7441244097891722006e-07	-1.0667635631158857131e-05	3.3379518967668312595e-06	1.1228474638072546521e-05	4.2144282793202178709e-06	-2.6211468655301361624e-06
6	5	-2	5.8551589154454499776e-06	-1.5965354431616449232e-07	-7.870622820163151949e-06	7.7294599638567985961e-07	-2.1110803040715303632e-06	1.4534043580157061721e-06
6	5	-1	4.9026689836810091064e-07	-8.1393324050667655343e-06	-1.4825682666484338737e-06	9.8986230543743872521e-06	-4.4712399430335639046e-06	6.5712084147134273714e-07
6	5	0	1.1911831955314484708e-05	6.6330768614453715021e-06	-1.4294198346377381988e-05	-7.959692233734444786e-06	1.1500026563311778339e-05	-7.7285082731408044437e-06
6	5	1	-5.6658223044818643856e-07	9.9221544931737841001e-07	1.3913429465534219557e-06	-1.4755541784553555052e-06	-3.5572213500779903e-06	1.4244781963725072777e-06
6	5	2	1.4432180430573184253e-06	6.1907378585415113176e-06	-2.2295930005462064684e-06	-5.2754085710366276028e-06	1.2443283721935613185e-06	-5.3836921480329645224e-06
6	5	3	-2.5667025067003877337e-06	4.1087979948710188837e-06	-4.8317428086504655131e-06	-8.5851296993551800006e-06	1.3186309694484884091e-05	6.0909535091832627983e-06
6	5	4	5.1396787142903668877e-06	8.1355911246512972599e-06	-2.9904242282122872062e-06	-1.1350604844186122365e-05	-3.9714877861701904769e-06	1.9848693682557057955e-06
6	5	5	-8.7114077148546299495e-06	-9.7349031599022636086e-06	5.3398935373504989111e-06	1.7864780219595555606e-05	5.1137957204750565202e-06	-6.1828964277128396141e-06
6	5	6	7.8488083350068588341e-06	7.8996063072756226599e-06	7.3057528202832208793e-07	-2.0570847607354090321e-05	-8.4576210700304606976e-06	9.2427666988527859408e-06
6	5	7	-8.7822008479126432329e-07	-6.4078377944610937826e-06	-7.5945055993658703414e-06	1.7005848398523492937e-05	6.1774069293681344638e-06	-6.6546021751215582741e-06
6	5	8	8.8558000841369115163e-07	1.5757547567451696177e-06	3.4709535895706693744e-06	-5.8921329255924569733e-06	-2.8335309997919368021e-06	2.5007670109364087127e-06
6	6	-8	-1.5714103202832699032e-06	6.6830631053834506607e-07	1.4163985251220800533e-06	2.6617360855437324814e-12	-1.1625884637089250652e-07	5.0123172920582293887e-07
6	6	-7	-4.5976969611903851904e-07	-1.7234658531741667079e-06	-2.0454638007656752943e-07	2.4541656907749686492e-06	-5.6941377959623370289e-07	6.2631414651497295635e-07
6	6	-6	4.9837275105228178316e-06	2.758049178451041643e-06	-5.1818617965589259175e-06	-7.4759519800092131314e-06	-1.9813428603610805941e-07	-4.7179028015581714884e-06
6	6	-5	-7.6521923901570067754e-06	1.1253670856864572969e-06	1.2469665910519145245e-05	1.545394323607410405e-06	5.7809682244345653165e-06	3.2049136911526414964e-06
6	6	-4	2.9461958951126112201e-06	-5.4644283619247334031e-06	-6.7511309576887546771e-06	6.0913683698563263376e-06	-5.7074025938642151856e-06	9.4041001189738961353e-07
6	6	-3	-1.8452556430991874175e-06	-3.0791431468042589542e-07	2.0110172657407215733e-06	-1.2699458059890902614e-06	3.3152324528306847035e-07	-3.1557202413390323137e-06
6	6	-2	1.1778037647423372071e-06	-1.974749291624844446e-06	-3.052605282863959525e-07	3.6936175673388474557e-06	2.6176297093678242933e-06	5.1566048271420098761e-06
6	6	-1	2.4254555369133614186e-07	3.9562627764124933945e-06	-1.6048116264101398156e-06	-3.9585433052268550642e-06	-8.1735964363128221484e-06	-1.3683172886173879244e-08
6	6	0	7.2929215731241219792e-07	-3.7044196854650759295e-06	-7.2929215731241219792e-07	3.7044196854650759295e-06	-1.9148229415083095183e-06	1.0232881181184309841e-06
6	6	1	1.8160556904383482919e-06	-1.8303708488621522772e-06	-1.5953910065883194296e-06	1.4370520153683124488e-06	-1.3239881031001731735e-06	2.3599130009630385467e-06
6	6	2	5.0592270962468031872e-06	4.6860799428298646405e-06	-4.7998331651157717288e-06	-5.0380239824931119264e-06	-7.7818179339309553993e-07	1.0558321189897422813e-06
6	6	3	-9.3231242935827286734e-06	-1.1141675702782997191e-07	9.5804555168633967775e-06	3.7737445755487735761e-06	-5.1466244656133832577e-07	-7.3246556370418877379e-06
6	6	4	1.4755231810317178022e-05	-8.4045556063835967324e-06	-2.0036061213032211096e-05	5.441441992825297843e-07	7.9212441040725479167e-06	1.1790617110651600263e-05
6	6	5	-1.1346846045024389034e-05	1.0878942673121755309e-05	2.0528940815916729793e-05	1.2120805643069459129e-06	-1.1018513725070807894e-05	-1.4509227884914443075e-05
6	6	6	4.9867238499074505908e-06	-6.6421459297447896767e-06	-1.3156781095772118495e-05	-4.900330094082230399e-06	8.1700572458646679046e-06	1.1542476023827020923e-05
6	6	7	-1.0604958001525197813e-06	1.1795257654892166549e-06	5.0360554714540789982e-06	3.7838618424456233593e-06	-3.4076225754013369556e-06	-4.2543322353727201332e-06
6	6	8	2.4411564495160140724e-06	-1.3553275614174105247e-06	-5.2990756796019678759e-06	-3.6701120240076658762e-06	2.143439422564465035e-06	3.7690796890688074065e-06
6	7	-8	-2.2044515114868827951e-06	-4.0090341463169309872e-06	5.3029974029043266639e-06	3.7020808992562354599e-06	2.9867840939261243699e-06	2.3254517711150810463e-07
6	7	-7	-1.0276382644629585743e-06	2.5100371661713273807e-07	6.7284454922872289652e-07	3.1147900351573132638e-07	-2.0798824888238449827e-07	5.2662504633041651532e-07
6	7	-6	1.5591736615712022767e-06	-1.8881691613214788878e-06	-2.5089457684675797936e-06	8.6970416262324405886e-07	-1.3679297349743074119e-06	-8.7351430492769408184e-07
6	7	-5	9.5303872725123283483e-08	6.6571729982356971518e-06	4.1792460722888255195e-06	-6.9740634899867576745e-06	5.9653091484745036463e-06	-1.7750812880986245434e-06
6	7	-4	-3.9109200511187414227e-06	-4.6449080659814190872e-06	2.7278705697501238354e-07	9.720273974366355047e-06	-5.3890027269718402113e-06	1.0043117356168992701e-05
6	7	-3	3.5757594879019590407e-06	-8.4870046639436701845e-07	-4.44262230080831638e-06	-4.8551981397348635883e-06	-3.214599726082154319e-06	-1.3026196592170082763e-05
6	7	-2	1.3019570123226271272e-06	1.0997246345447923529e-06	1.1272214300687655267e-06	1.2494354047452642157e-06	7.8511460422085607252e-06	7.6721978202428021314e-06
6	7	-1	-8.421001705969546599e-07	2.8427190521988964478e-06	-1.8364127377168212127e-07	-2.4797422082971336102e-06	-6.3380899399835030465e-06	-3.0188114488655573751e-07
6	7	0	4.8056606755608469514e-07	-2.1595751754119395313e-06	-4.1191377219092976138e-07	1.8510644360673767108e-06	4.0658799769964890536e-06	-9.4547385408752244488e-07
6	7	1	-3.5601087602131114009e-06	3.8285848463657517365e-06	3.69623228336051562e-06	-3.1995175985646712529e-06	-4.5129734222449434757e-06	-5.7488588824180963659e-07
6	7	2	2.7144862387205970421e-06	-8.4663671453744644664e-06	-5.4885141375531031795e-06	6.3443446556533625329e-06	1.1066340765274068308e-05	3.1938951413366253808e-06
6	7	3	2.5079992602627147071e-06	1.5019026463771313783e-05	6.3123211881619737643e-06	-1.2838953866628610638e-05	-1.9744747959570035429e-05	-8.049390540920143699e-08
6	7	4	-9.3361735401416838547e-06	-1.475443684956540707e-05	-4.3924611947477085167e-06	1.5247042594727090557e-05	2.169106740102101611e-05	-4.5506692664242978704e-06
6	7	5	7.3015429533789868446e-06	7.0973782472781550158e-06	2.8855814250574705661e-06	-9.0722053278581084209e-06	-1.2801665539135241735e-05	4.1842335622675659397e-06
6	7	6	-2.256985809988854883e-06	-1.8867035440580793732e-06	-2.4789562722248987754e-06	3.4896456548204333877e-06	5.1491014609179035249e-06	-2.184549719899093336e-06
6	7	7	4.9071374346349442044e-07	9.7178246418303945417e-07	2.100599309510042356e-06	-1.7377928432387136724e-06	-2.5212110896216086694e-06	9.048364453675369823e-07
6	7	8	5.7425623752457406409e-06	7.3489907321962777696e-07	1.2446129660061486713e-05	-7.1961973561892855677e-06	-1.5197285233988106566e-05	5.7454983817509034302e-06
6	8	-8	-7.1728068642511284116e-07	-3.6119124828749467642e-07	1.1017559330795980461e-07	-6.5268036305343860566e-07	-4.2778492151087478655e-07	-9.2357379926905956003e-07
6	8	-7	-5.1307655952837322077e-06	-7.150144620862757291e-06	-2.7765902556885422121e-06	3.1457667003183686932e-06	-7.5710450881729616843e-06	-2.5335334460899421497e-06
6	8	-6	-7.8034217606979100538e-08	-1.5379610003975755766e-06	-5.277559099907673364e-07	1.5430438378882385333e-06	-7.817087642613355976e-07	5.1943078345340913448e-07
6	8	-5	1.3597920508471528558e-06	4.7458093700701456055e-07	-1.1372650529128990396e-06	-1.7125276786989160451e-06	-1.878736236440552005e-07	-2.1705471615098482841e-06
6	8	-4	-1.7383663298681601649e-06	1.0812684059809069062e-06	3.5893174623907753817e-06	1.1811133080404511191e-06	4.5710854299793104102e-06	3.9841292250522629151e-06
6	8	-3	-3.9018142499828703284e-07	-2.3066328052819463115e-06	-3.5187125746215984707e-06	8.6084762377995337979e-07	-1.0163596382320835948e-05	-2.3176719471506836102e-06
6	8	-2	1.9928778444851187475e-06	-1.3510598630456881717e-06	1.9710799312625431624e-06	-1.1949380524545351967e-06	1.3862953258505528468e-05	-8.8329317989552042433e-06
6	8	-1	8.6874762698391856498e-07	3.7616518570231003658e-06	-1.3283965918359061956e-06	-1.5486843237866321723e-06	-5.4146869727837381746e-06	1.0180436551845544816e-05
6	8	0	-4.7533923710385370882e-06	-3.2721123715020623292e-06	3.5650442782789026044e-06	2.4540842786265467469e-06	3.4927442659891421926e-06	-7.9133600104165249627e-06
6	8	1	7.000593273946672817e-06	2.6048410697061766989e-06	-4.052036628766180062e-06	-2.8832568284708525718e-06	-9.5872666135505997938e-06	7.4370082095297620754e-06
6	8	2	-1.1740585263929735011e-05	-1.8591222904330249307e-06	5.3217366979573164673e-06	5.3390848026721731369e-06	1.3934808999959940858e-05	-1.5778972339389617967e-05
6	8	3	9.3654702352063127395e-06	-1.2959237735345848351e-06	-4.8238710533091327381e-06	-3.8596326240978552164e-06	-5.867284328254937895e-06	1.2884201211330116349e-05
6	8	4	-6.6676860474216119388e-06	3.2172345859099889616e-06	4.1316880193594719169e-06	2.2107552131803050753e-06	1.7381530324134738628e-06	-9.2473623052255933812e-06
6	8	5	2.7129367961951051092e-06	-1.5016980785280252744e-06	-1.9317883046187336434e-06	-1.2171540667760990159e-06	-1.6466286804415206332e-07	3.7494842010753889242e-06
6	8	6	-9.5344471796941867768e-07	1.5878504122702966637e-06	5.4394907099638561976e-07	1.6657157272866786984e-06	2.2817928997423790427e-07	-3.8088047153192019478e-06
6	8	7	2.314950496568878616e-06	6.1173163014897430313e-06	2.9716704425844603525e-06	4.0048202941859316711e-06	-5.3804380742984224368e-06	-9.8203514517751302223e-06
6	8	8	-2.6888792535119787061e-07	-1.9257556259372061347e-07	-9.8353339656303466224e-07	5.1508520590610032541e-07	1.1851993405764330652e-06	-3.7065353396080985869e-07
7	-8	-8	-1.3839707008770748988e-06	-4.9224660826406714555e-06	5.2919588631706583639e-06	-2.7688555626954401233e-06	-6.5029332264380990591e-06	-1.5383022596151470827e-06
7	-8	-7	1.2916741259382335203e-06	1.0439117395252762495e-06	7.559488012282691666e-07	2.3084735670947148467e-07	4.2773263882021145683e-07	7.8008618900016584513e-07
7	-8	-6	-7.5396153654990636926e-06	-1.508244094686905484e-06	-6.6348736302443419519e-06	-4.0778262157485247773e-06	5.0280247243548329852e-08	3.677483510529976709e-06
7	-8	-5	-3.2679701566325477309e-06	-2.7005301549340661436e-06	-4.5982193001911214425e-07	-3.5613928511508831586e-06	-3.8394431312549873078e-06	1.9174863449337202834e-06
7	-8	-4	1.4349840006147577265e-07	6.0647303464544582717e-07	-1.5940807256463262939e-07	9.953028267694795697e-07	5.69938345236847894e-07	-9.2927784290942880949e-07
7	-8	-3	3.5979039811062523808e-07	-9.865345794549009178e-07	6.6668532443475556977e-07	-1.3488445143462245216e-06	-9.3831660290122257762e-07	1.2950046861951631083e-06
7	-8	-2	-1.1438743172339476161e-06	1.5435813447116853545e-06	-1.3604085649557869708e-06	2.1259689487354249943e-06	1.4380741495043312267e-06	-3.1013410884508013426e-06
7	-8	-1	7.4769334766644526995e-07	-3.00311973806979839e-06	7.7210895437198104427e-07	-3.3943499646600523622e-06	-9.4301820131073146449e-07	6.1329615507918318614e-06
7	-8	0	-1.3087507224656116171e-07	3.2064419668813622353e-06	-1.1451568821574102311e-07	2.805636721021191903e-06	-7.5196451861012185109e-07	-7.8298832570794592349e-06
7	-8	1	-9.5578618665970726273e-07	-2.7094972111593233011e-06	-5.1536428485680390198e-07	-1.3848889294104758071e-06	2.5675890277635204703e-06	7.8873690428314579214e-06
7	-8	2	1.4496126198767256801e-06	6.2832259767761778305e-07	5.3044419485950651062e-07	-8.8351440496717540155e-07	-2.9518673901305135201e-06	-5.733186711740363741e-06
7	-8	3	-1.0526053069551423758e-06	1.4942167340365948475e-08	3.6867123753427965586e-07	1.1720371155667343084e-06	3.439202349653411363e-06	3.090567251050437424e-06
7	-8	4	1.1966484619774356158e-06	-1.3549017206574650497e-07	-9.3775178384988474716e-07	-1.1314124823667267741e-06	-3.969638376160281875e-06	-2.0257171636183971976e-06
7	-8	5	-2.9931137441249484454e-06	3.222439956091484582e-06	6.3622235625597604202e-06	2.9825950304205112108e-06	1.4369916941870545512e-05	2.6073611014473968134e-07
7	-8	6	-2.9260017159031810637e-06	1.0400690260950284607e-05	5.483354874362705736e-06	5.5060595693229769221e-06	1.0724808501037318183e-05	-4.7927258786780303255e-06
7	-8	7	-6.8360928371427610823e-07	-7.4043523236851210654e-07	-1.1000214039439753187e-06	-7.3656615419409210296e-07	-5.7355803507883857202e-07	-1.0135465813902179726e-07
7	-8	8	5.2418155533531182201e-06	-3.2553041960508232082e-06	3.5323218972027223678e-07	-2.9935904497698864519e-06	-4.2333564194637068941e-06	-1.4519927822541651537e-07
7	-7	-8	-1.397429122049100308e-06	1.1603186551039639187e-06	-1.4070746670933147624e-07	1.033788190943197544e-06	-1.0996314484222977708e-06	1.1071415614067073671e-07
7	-7	-7	1.8672716412549184603e-05	-1.4203893281938483018e-05	1.3092233937021244812e-05	-7.5145411287641608486e-06	5.5804824755279397913e-06	-6.6893521531743230167e-06
7	-7	-6	4.5197953169811046731e-07	1.466219871351928708e-07	6.736418868603354951e-07	2.0132438581347498783e-07	-2.5860608102259580399e-07	-6.3819465124662474282e-08
7	-7	-5	-6.9064050008517811912e-07	1.2492286268352876332e-07	-8.2920468813218743149e-07	-5.4146691917544591902e-07	1.9398986326581297908e-07	9.3294569460256457115e-07
7	-7	-4	1.0417650305351121259e-06	4.3393038340845732121e-07	1.957013113606207599e-06	2.5790268099360729959e-06	-1.6016841453744167603e-06	-3.7539187464233277881e-06
7	-7	-3	-2.0092367557663697801e-06	-3.3413527133149660123e-06	-3.7282748298555443709e-06	-6.7223079990278664323e-06	4.0110888395414068139e-06	7.8888956666634353014e-06
7	-7	-2	6.0053229675155287164e-06	6.7405828854117485997e-06	8.2222990619871312595e-06	9.8339400793730148871e-06	-7.7594163306506063599e-06	-1.0826750178864436665e-05
7	-7	-1	-7.1006975452961103678e-06	-6.0307466787319650504e-06	-8.2754896750138664933e-06	-7.4513182294620201326e-06	8.2235449080242937255e-06	9.9440008551103872695e-06
7	-7	0	6.834969040376945037e-06	5.8528117905092886096e-06	6.834969040376945037e-06	5.8528117905092886096e-06	-9.1370693534447967415e-06	-7.8237585430323986087e-06
7	-7	1	-4.2247472400820341041e-06	-5.1186124071397759043e-06	-2.3073769471076452304e-06	-4.3621232900868536105e-06	1.3421592050820721693e-05	5.2954238193704611384e-06
7	-7	2	3.6186912084579522286e-06	2.7374388036945311028e-06	-1.0542070714364220041e-06	2.2045686294689297778e-06	-1.6355143979630310132e-05	-1.8650456097896048492e-06
7	-7	3	-1.2382512302678756274e-06	-1.6149129624069313542e-06	4.314860854438402714e-06	-2.1171376376027050979e-06	1.2957261530981316059e-05	-1.1718575754568049783e-06
7	-7	4	1.6568300656535783161e-06	-4.9394548137444739646e-07	-3.9715785600533083985e-06	1.6730532388919567252e-06	-9.8497150949870515389e-06	3.7922477604662072659e-06
7	-7	5	-1.1699713217760065492e-06	1.3053409429665019583e-06	1.2132594020049646727e-06	-1.2837875132423035298e-06	3.3365230132933597954e-06	-3.6247798386923273869e-06
7	-7	6	7.6684928112846477573e-07	-1.4509685962347155472e-06	-1.2772923813702998081e-07	1.1294009689706746172e-06	-1.0436749391430773086e-06	3.0104311594062883134e-06
7	-7	7	-2.1570916120809613192e-05	-2.4930238478106149118e-05	-7.7526000335943491662e-06	4.4872265335657269563e-06	1.381831608721526572e-05	2.9417465011671878615e-05
7	-7	8	2.2784032916905980789e-06	4.046130891913253173e-07	2.5457765283267673394e-06	-8.6197966293982507388e-07	2.3395158205664831466e-07	-1.1082686581147565129e-06
7	-6	-8	2.2815689867013524282e-06	2.6725867711459302422e-06	1.2292499871392629947e-06	2.7876362230802737391e-06	1.0744353730092361816e-06	2.4778625744248365754e-07
7	-6	-7	-5.0201997065301585701e-08	2.5096811915875772692e-07	1.5703631035386560651e-07	3.8416294626467467429e-07	-1.8480454879718640263e-07	-7.8314406210963388435e-08
7	-6	-6	-8.4647803741107789382e-08	-5.6149531519624831325e-07	4.4823337812841973286e-07	-4.8040523396370709452e-07	-5.4698914915971212513e-07	-1.7467263376524920034e-07
7	-6	-5	-5.0703239012569952607e-07	1.1812965706352349744e-06	-4.1128347417067223188e-06	7.5842932043465068613e-07	4.2255563438720877213e-06	7.4370001436774816201e-07
7	-6	-4	3.4806610515412030607e-06	-3.0059571717680795899e-06	1.0314721043460505447e-05	-4.4562513821533316385e-06	-9.3809247249936523908e-06	1.4239520226358581754e-06
7	-6	-3	-7.2364696794204509559e-06	5.2411526254043645199e-06	-1.4602052686578919093e-05	7.3677931776015603881e-06	1.2319009454510122112e-05	-2.506230229259604269e-06
7	-6	-2	8.6714228019165638878e-06	-6.4657244089799936274e-06	1.3897978914250357657e-05	-8.5211655481590658058e-06	-1.134395693604309767e-05	2.9334612130472226862e-06
7	-6	-1	-8.0627038536424348999e-06	6.0675287974621768507e-06	-1.0816388875258620215e-05	7.6614040284996433821e-06	8.4594062760546803791e-06	-3.4957225887626269964e-06
7	-6	0	5.7111826169125688311e-06	-4.5368235420860572509e-06	6.6630463863979969697e-06	-5.2929607991003994202e-06	-6.946930058181431825e-06	4.5102156084949106632e-06
7	-6	1	-4.71936648668519529e-06	2.5899657314593401135e-06	-4.4093025818977772242e-06	1.8128598684130710151e-06	6.5797499154097036848e-06	-7.2526009097369530102e-06
7	-6	2	5.1032445859086604815e-06	-8.8267698001642139156e-07	3.5128216847450103165e-06	2.5289820312101344618e-06	-7.3228909964452807359e-06	1.0676315523687878256e-05
7	-6	3	-5.7668476516451093475e-06	4.4794765080355160574e-07	-3.3224064874053896227e-06	-6.8972011637701230872e-06	6.811164879027808385e-06	-1.4839613512748533254e-05
7	-6	4	2.4021647877417000712e-06	-2.6393623015259481946e-06	1.0725411695253110399e-06	6.9051929804257771231e-06	-2.5949766242600086706e-06	1.4976673498309074178e-05
7	-6	5	-9.4144787874428460301e-07	3.7504303695145103268e-06	-1.711948538809216914e-06	-5.6174049324849071905e-06	-7.3631121632906178901e-07	-1.1991488436302203001e-05
7	-6	6	-1.7032832308187558178e-06	-2.8513860449560034323e-06	8.3902564601654435145e-07	1.1514599278907547915e-06	2.8261894153050927702e-06	4.478076980339425039e-06
7	-6	7	1.7834683902523426073e-06	1.7362466559857262696e-06	-7.4115031409753019603e-07	1.4782225041955100491e-08	-2.4187400880502256325e-06	-1.7235761773783361414e-06
7	-6	8	1.088798593675710134e-05	2.3009934108101625505e-06	-1.5978497804430758676e-06	-5.9252119860811988027e-06	-1.072537502999477052e-05	-6.4572782240197915455e-06
7	-5	-8	-1.9681408497412128062e-06	5.1803248285326702663e-06	2.5625933597392268104e-06	3.2212058616972903841e-06	-3.323744093360577909e-06	2.5195305614052798341e-06
7	-5	-7	3.0616299868326379155e-07	1.0976900813295122877e-07	4.4649255638128344131e-07	3.2901853432931290367e-07	-1.2760255874795818603e-08	-1.2524423067370085663e-07
7	-5	-6	-2.976965259791804297e-07	-2.4979659735598117747e-07	3.323048730270544831e-08	-2.7650320411802976031e-06	-3.7500468639463171155e-07	2.0127640040682699004e-06
7	-5	-5	1.0221546099505328769e-06	5.0024571554380649778e-07	2.8140755218291113331e-06	6.6125905303972230538e-06	-1.3830590678983652632e-06	-5.9122465286358940204e-06
7	-5	-4	-2.3644928765201476557e-06	-4.8650732460744753222e-06	-4.250429536244539671e-06	-1.3188342304278156877e-05	1.1751743863954153441e-06	7.9715496997173638583e-06
7	-5	-3	2.6843848676069121626e-06	4.1908796452585590699e-06	4.6678005564214949439e-06	8.8067777136742204908e-06	-1.5161029029530295076e-06	-4.8992436838537293725e-06
7	-5	-2	-2.3730439568778376064e-06	-3.7060187664774765606e-06	-3.1199452333741806701e-06	-6.9834116759420726087e-06	-5.0579076563698037054e-07	4.4874635071840133477e-06
7	-5	-1	4.5114955314557070212e-06	4.53789041303968863e-06	5.6881025676619531849e-06	6.9207780374499495494e-06	3.1399558818801853414e-06	-2.8386572959719286076e-06
7	-5	0	-3.580275096410869134e-06	-2.3017262504247642132e-06	-5.0123851349752171264e-06	-3.2224167505946698985e-06	-3.7604139315829681562e-06	4.2917463537437014244e-07
7	-5	1	1.6256015123376029047e-06	1.8614456112847394917e-06	2.8865215108112984408e-06	2.1704948764159993289e-06	3.0533969676932706007e-06	-2.1776448969131802207e-06
7	-5	2	-4.6006473943804964338e-07	-2.231872097596440867e-06	-7.3966228234094988573e-07	-8.2924258868659341627e-07	-2.3892911781920088308e-07	5.738445869871059282e-06
7	-5	3	3.7185058812085582557e-07	2.4000926257014473989e-06	-2.3154045056408825227e-06	-2.4187435244673363898e-07	-4.7266588816834677268e-06	-6.0033400473812671919e-06
7	-5	4	-3.8380656031133099209e-07	-5.372661873481159084e-06	8.9520848218128459692e-06	-1.2942230875506345521e-06	1.1861767507810887148e-05	7.784379419153734307e-06
7	-5	5	7.6797272298353607474e-06	4.9679692483962885542e-06	-6.0424556706411434645e-06	2.3524725998200305419e-06	-1.6794073792410650544e-05	-4.6026843479347729257e-06
7	-5	6	-8.890903658873568167e-06	-1.2808035962091309547e-06	4.7808687371706252902e-06	1.5603728656722745975e-07	1.4356778216328016141e-05	1.6243019343833424229e-06
7	-5	7	5.4288209149696552237e-06	-1.0267949194238766226e-06	-5.5771879636927255705e-07	5.6869562609616975736e-07	-5.8271914838048502854e-06	1.4330060809211408257e-06
7	-5	8	-8.5801963143362902902e-06	6.6118098822430544225e-06	-2.121225053520576971e-06	-5.4461385027725418533e-06	6.1819061165938935559e-06	-9.1891702111955118074e-06
7	-4	-8	1.7300022245171564166e-07	-1.2949604845682175526e-07	-4.2861317729445359506e-08	1.3711342377667663453e-07	1.7280585350997388275e-07	-1.8186575428805735312e-07
7	-4	-7	4.3089701453233632656e-07	5.3285476564892288329e-07	1.6257624787813421639e-06	-2.4414247069148817205e-08	-4.9811011619985922591e-07	5.46805763974150828e-07
7	-4	-6	-1.0251870991768393519e-06	1.0972570399999916116e-06	-5.4433500793943769689e-06	1.348937059618040111e-06	2.4328484372232720334e-06	3.8084184025462998076e-07
7	-4	-5	2.9662012731709061923e-06	-3.6055265551865244008e-07	9.7511606288722574054e-06	-2.5743265213188355131e-06	-3.6482467206585364928e-06	1.5546874993289549732e-06
7	-4	-4	-9.9127831969765038533e-07	5.8395406828451537351e-07	-4.6915441847853258278e-06	2.8640183222992721923e-06	2.9568071253144382359e-06	-1.8420987028013703152e-06
7	-4	-3	1.8460721076887963198e-06	-2.2121190137122965328e-07	3.1931140518911144618e-06	-4.9664903923367452449e-07	5.001618208570519684e-08	1.4603761577869690343e-07
7	-4	-2	6.384412452286872569e-07	6.8631971687192867111e-07	-1.7012002958735044455e-06	6.9860202977815563966e-07	5.636944950047414343e-06	1.0049149494954391225e-06
7	-4	-1	3.7835423275974197303e-06	-2.6220561557166222099e-06	8.5392185338489918312e-06	-2.7355820737755177348e-06	-7.6720778422140270954e-06	-7.41206479491428453e-06
7	-4	0	-2.3751151881113339743e-06	5.1948471264386375637e-06	-4.1564515791948350904e-06	9.09098247126761616e-06	-2.7791032589303258892e-06	7.2909056467945824288e-06
7	-4	1	2.8474512808588847727e-06	-3.1094380642308739117e-06	4.9600689512200149859e-06	-6.0552744525529282195e-06	-9.1883161132132459241e-08	-2.4550313605955933786e-06
7	-4	2	3.2279031736731305069e-08	6.8576209174276412696e-06	-4.9226605013301650518e-06	9.6876742229506685881e-06	-9.9582976137388902769e-06	-4.6263247650954064202e-06
7	-4	3	-1.0354189936769619034e-06	-3.3119065422715458633e-06	-3.4302869624745683517e-06	-6.5602170134307036345e-06	-2.1577382980531796043e-06	-1.0191740859406640042e-06
7	-4	4	-2.1654911085286537959e-06	2.339171312855285691e-06	2.1209579375407554574e-06	-1.1697691300315926804e-06	5.910567377465899812e-06	-5.2633189275283425338e-06
7	-4	5	7.9781123201143457562e-06	-6.276029320727821721e-06	-6.4579483002221376876e-07	8.2355774572422881012e-06	-1.1685993112177854057e-05	1.5374903014812779027e-05
7	-4	6	-6.8994832845957831751e-06	1.5662397748990644891e-05	8.180725704207213422e-07	-4.1583223391326516028e-06	8.5947788789755618304e-06	-2.1045012266577520107e-05
7	-4	7	2.6457669430356670572e-06	-1.2538102066188531691e-05	3.7148298084946858932e-07	1.6309386945198269706e-06	-2.4334909539788276515e-06	1.3470067034485575674e-05
7	-4	8	5.2604277432787339928e-07	5.4330475627066032084e-06	-1.2200521933114138704e-06	-2.2732364290491296139e-07	-1.0703135241925963184e-06	-4.8675784388207339704e-06
7	-3	-8	-4.6450338750027117279e-07	-2.6647516438416408545e-07	-5.382651634334812952e-09	2.6439103365673639665e-07	-4.0442196969986172702e-07	-3.3231240645741974337e-07
7	-3	-7	2.1227181844265856135e-06	-5.5454498329980409375e-07	4.4927888285286157084e-07	-2.4068717199787819282e-06	1.9301700917753593394e-06	4.7697146811967389059e-07
7	-3	-6	-2.206755767150131871e-06	2.7441992628847004945e-06	2.2925153597169380468e-07	5.2399451071091459643e-06	-2.6891741629943341954e-06	5.8159325314424447312e-07
7	-3	-5	-2.5302670647536860011e-07	2.4687711417441102981e-07	-2.0023391683148324798e-06	-2.4901524344816334511e-06	8.471661119233835536e-07	1.83971942053315565e-06
7	-3	-4	-1.1057554200310068378e-06	-4.3395850820580353264e-07	-7.1837471491443648772e-07	-2.2637103044197338661e-07	-1.3962909488684345739e-06	-5.8964911652867615539e-07
7	-3	-3	-8.2236817470835048439e-07	-1.9567452241023058916e-06	-3.3798558325774879054e-06	-5.1271548573806352707e-06	1.4609967582580032301e-06	5.614160011419212766e-07
7	-3	-2	5.8713279686559514535e-06	5.19925282816059312e-06	3.4002864431773715883e-06	1.7380223124374624542e-05	1.5449218225529773128e-05	-7.87294978799986301e-06
7	-3	-1	-4.6470973757890529619e-06	-1.2666420709613533094e-05	-1.3032227003957935123e-05	-2.3586625027858449982e-05	6.5669993813504397179e-06	-1.7905069883719378321e-05
7	-3	0	1.730998662574779451e-06	4.5126324013542976928e-06	4.0389968793411518407e-06	1.052947560316002682e-05	1.665169117035760133e-05	3.1198535861330936537e-05
7	-3	1	3.4820696679511932847e-06	-1.7907657136704944892e-05	5.7197421613523864592e-06	-4.9857251047071389971e-05	-7.2152611916011948857e-06	-2.4218153184279555667e-05
7	-3	2	6.1420629353629408481e-06	2.8540042056080273743e-06	1.3255546453364596253e-05	1.1485499855522767965e-05	-1.6139005937234009178e-06	7.2392350636560574072e-06
7	-3	3	-6.9883946678953444312e-06	6.3662544977718413441e-07	-1.0050695441914334004e-05	-5.3890718085192176526e-06	6.2555587831748013083e-06	-6.8745311913326469466e-06
7	-3	4	2.9255308737745488001e-06	-1.5751972623072315462e-07	5.224609215705081231e-06	-2.8840444968279906801e-06	-1.2012221173266494769e-06	-1.8873738517172273042e-06
7	-3	5	-6.7002562817482978641e-06	-6.0311502401548747611e-06	1.2142843309030360943e-06	3.182860043404680636e-06	1.0108929392989438455e-05	1.0353326362259632708e-05
7	-3	6	2.0340863662479889945e-05	1.5602379800224548749e-05	-6.9815072810219064249e-07	2.3679171030830258686e-06	-2.4080082970277634437e-05	-1.7018817882053792386e-05
7	-3	7	-2.1025049254742228316e-05	-1.1235408341895637932e-05	1.1701095656120701343e-06	-2.4364810756925544124e-06	2.1526524782861687429e-05	1.0191202166598829806e-05
7	-3	8	7.8979350306437073772e-06	1.4566406460276088403e-06	-5.2898465971878938187e-07	8.198553644270725845e-07	-7.1090623992077906483e-06	-9.6711480361400554256e-07
7	-2	-8	-2.03699897899455844e-07	6.6480174738064480916e-07	8.0966197352332551136e-07	-4.3317916896778741134e-07	-3.8065290404285527112e-07	6.8999632120001111379e-07
7	-2	-7	-9.7196795982865306892e-07	-2.9455458141668726551e-06	-1.8213943167935061483e-06	2.3052872276052005056e-06	-4.5156958360193711729e-07	-3.6041993077683586953e-06
7	-2	-6	2.942723257727274544e-06	1.6436416210651666088e-06	1.0184144439725188091e-06	-3.3748177391137200406e-06	3.0937056526909809806e-06	3.0425211376139341434e-06
7	-2	-5	1.1684084159125700165e-07	6.5046117785170459585e-07	9.2135722349069944557e-07	1.7305615348807594819e-06	-2.0496571116851995209e-07	2.1842103504008269964e-07
7	-2	-4	1.1301059926868734089e-07	2.2529834451504142559e-06	2.4156802528172296202e-06	-1.0516816833032028237e-06	-1.0100715776884118345e-06	4.4685618706648258302e-06
7	-2	-3	-2.9248117735465045548e-08	6.4734034757409841473e-06	-2.9111690253229354915e-06	7.5786100132014324414e-06	1.872533742165871995e-06	1.0052201434594674716e-05
7	-2	-2	-1.4462030193885996174e-07	1.8309228735264788978e-05	9.4022954718208219625e-05	4.5435411393107074816e-05	-9.4529125774994222529e-05	1.8646889180319693382e-05
7	-2	-1	-6.4347969293543104665e-06	3.2780052478529700918e-07	-2.3312870033875201081e-06	3.3903419103015582908e-06	-4.0381004498705131355e-05	-4.4860801471060377291e-06
7	-2	0	1.0969268532542953985e-05	3.4259547610986933224e-06	3.8392439863900336406e-05	1.1990841663845427475e-05	4.1585989643686162168e-05	-1.0957049910951712957e-05
7	-2	1	-1.2210206654565496347e-05	-2.0719134424055036505e-07	-6.7331357110951185079e-05	2.4436441096846796136e-06	-4.9191267639943888951e-05	6.3376276290532117296e-06
7	-2	2	1.7118050990756763737e-05	1.7325010850594515811e-05	9.8732583574794054973e-05	2.0117496315691883995e-05	3.8819405107145381892e-05	-4.052004166138891626e-05
7	-2	3	-7.7376664196892204337e-06	8.8229745493669642755e-06	-2.288004019937481899e-05	1.5117353444874150268e-05	2.8011948463583022503e-06	-1.0508704985273483696e-05
7	-2	4	-8.4173734446953919134e-06	-5.3015046781955691153e-07	-5.2098547798903843581e-06	3.048525549651544462e-06	1.2125476138271744093e-05	2.4520260935099965086e-06
7	-2	5	-7.1140568613842627432e-06	5.4344001209209183832e-06	2.2026467125563459878e-06	2.3733866099013438861e-06	1.084073829096050488e-05	-6.6588055253287480127e-06
7	-2	6	1.8020766561902052441e-05	-1.7410563321715189774e-05	4.2651778572298922417e-06	-2.5184855710165848745e-06	-1.9602501703142429304e-05	1.9472828684995528421e-05
7	-2	7	-1.894695046904991886e-05	2.5619579158032102856e-05	-2.8041290038633309598e-06	2.4260741912473014608e-06	1.8145770753660395245e-05	-2.4926415103390013941e-05
7	-2	8	3.5176462722953274925e-06	-9.4405816679859950221e-06	7.298677590200446448e-07	9.8820241182857978416e-07	-2.8954735485034003947e-06	8.5075595624448906433e-06
7	-1	-8	8.9072143336101807626e-07	-8.8750575115366964681e-07	-1.2559035655626088436e-06	-1.1396252139341519211e-06	9.3636919988621692218e-07	-6.3411438051769188464e-07
7	-1	-7	-3.9312647195363689804e-07	2.089243308057184698e-06	2.9844557364127899876e-06	-9.9696397033258293717e-07	-8.1947729144117832483e-07	2.2316667323904112251e-06
7	-1	-6	4.9554011368596655052e-07	-2.2318973872937549618e-06	-2.5942682022739693575e-06	4.0126369191467604333e-06	1.0105081663459558685e-06	-3.2726531050338407198e-06
7	-1	-5	1.3303087744057243928e-06	1.6022209911529748961e-06	-1.8851453980437430031e-06	-2.8959238654859611701e-06	2.2394613637767627082e-06	2.8222941607113569615e-06
7	-1	-4	2.3214193342554144842e-07	-1.6600193103314693466e-06	-1.2841131837104609358e-06	3.6173237113815363659e-07	7.272766794223127422e-07	-2.995466885864609726e-06
7	-1	-3	-4.5974737965066780088e-06	8.3200537945930595058e-06	-1.7956258735772057247e-05	2.2665909540498216727e-06	-4.7420192799248962715e-06	1.8657928536033863403e-05
7	-1	-2	-4.9882439835702936651e-06	-8.3225707725566031497e-06	-8.9244481283291762108e-06	-5.370358582011884897e-06	-1.2996629878331440993e-05	-2.6443818412942166881e-05
7	-1	-1	-6.4569946483725456675e-07	6.1848578459987256823e-06	7.4513581346754667362e-06	1.7821662024007961549e-05	-1.1971254388536249974e-05	2.5472342897983119074e-05
7	-1	0	3.9433117724364819407e-06	-6.9166790522243748145e-06	2.7603182407055371891e-05	-4.8416753365570622855e-05	1.7419035023458011145e-05	-1.8457591519856872446e-05
7	-1	1	-1.3344919318844554426e-06	1.3658334354337348717e-05	-3.1135287048108189296e-05	0.00010595916423808628582	-2.1793843524917002469e-05	1.0350823757724846494e-05
7	-1	2	-6.7104700705693560827e-07	-9.0674722935270376416e-06	2.1882908495620443328e-05	-8.7703386056817194327e-05	1.329011877250949534e-05	-1.2115540001063967112e-05
7	-1	3	1.451091444552334867e-05	-1.036062909306306958e-06	-2.0132174748175331173e-05	6.8188125611039370182e-05	-4.0569525288946255593e-05	2.5146855325394504955e-05
7	-1	4	-2.1998665494077171846e-06	-4.9360519637718744157e-06	-7.5319702327731924931e-06	-7.2841000657206996587e-06	1.966773903270206738e-06	6.8170659201706055246e-06
7	-1	5	3.4809600107397276304e-07	7.3614809247183072286e-06	1.5230767961463681154e-06	-1.2465264555774022007e-08	-1.8271904227428827694e-07	-1.030856634751678483e-05
7	-1	6	-1.1975013639320197662e-05	-2.1702677706381427389e-05	-2.9574631004510603271e-06	-1.4832536868336904587e-06	1.3477938729131719916e-05	2.5072581709639384426e-05
7	-1	7	1.8726822992333058834e-05	2.2150118520548969e-05	4.7101248232301904796e-06	9.1056474176260283531e-07	-1.805394801758588937e-05	-2.202003784315430932e-05
7	-1	8	-1.3001577916537419637e-05	-9.8791198133230809973e-06	2.0437825780980480166e-07	-1.0954440451640735937e-06	1.1401927959196467955e-05	8.5072993310121863294e-06
7	0	-8	-1.4369459277030712356e-06	-9.3539870634321398102e-07	-8.7003506188323561642e-07	1.4231510388178880672e-06	-1.2573276867401872253e-06	-8.1847386805031222016e-07
7	0	-7	4.0115949073993820731e-06	3.4419878928856414159e-09	-2.1815929642719741209e-06	-2.1756573123056602348e-06	4.0115949073993820731e-06	3.4419878928856414159e-09
7	0	-6	-2.0766193566778119267e-06	9.2313643624352158373e-07	5.2706624226870619338e-06	-9.8088202013429728684e-07	-2.4227225827907807223e-06	1.0769925089507751634e-06
7	0	-5	8.967157016353231185e-07	1.1626486965777566532e-06	-2.4531171878351639501e-06	3.7875141795810049166e-06	1.2554019822894524082e-06	1.6277081752088594839e-06
7	0	-4	-1.3863857777919156093e-06	-4.3387929796297087669e-06	9.1231011320029665513e-06	-5.9462686622273565253e-06	-2.4261751111358519987e-06	-7.592887714351990342e-06
7	0	-3	-2.4443686723052081165e-07	-7.2640493659246267361e-06	-2.0230046646619619295e-05	1.9256156043039709188e-05	-5.7035269020454859582e-07	-1.6949448520490797694e-05
7	0	-2	-4.3348507478404412822e-06	5.3416808682803819714e-06	1.070115929943223666e-05	1.8474839482744793095e-05	-1.5171977617441544911e-05	1.8695883038981335629e-05
7	0	-1	-1.1222226348682688827e-06	-8.1688161848841771242e-07	3.0567258376997430598e-05	-2.447669109169893747e-05	-7.8555584440778815434e-06	-5.7181713294189240928e-06
7	0	0	-5.6048735688387923001e-45	-2.80243678441939615e-45	-4.9921925173543053433e-05	-2.4790718127785557715e-06	2.6054098872417667143e-05	-8.6602702942155477948e-06
7	0	1	8.8013607718771900962e-06	-1.6442845342726468693e-06	9.772013411854745099e-05	4.3635413999579109978e-05	-6.1609525403140332368e-05	1.1509991739908528085e-05
7	0	2	-1.6194065848803065459e-05	1.3351345023499231821e-05	-9.1569549878282302112e-05	-1.3106915347444491243e-05	5.6679230470810727414e-05	-4.6729707582247310526e-05
7	0	3	1.8973084723746396369e-05	-1.476323365828268991e-05	6.7881100081321196836e-05	1.9662224649341344458e-05	-4.427053102207492599e-05	3.4447545202659606966e-05
7	0	4	-3.3277608516465505235e-06	-4.107761044474443072e-06	-1.563336991719469575e-05	2.4382327571095975251e-06	5.8235814903814629926e-06	7.1885818278302747407e-06
7	0	5	4.7937892698685082921e-06	2.1390454102440377682e-06	1.3418110013915278516e-06	1.7857155342832526128e-06	-6.7113049778159114395e-06	-2.9946635743416525367e-06
7	0	6	-2.1229710160801722413e-05	3.6501928706294547262e-06	-9.7241582587655195697e-07	4.5382853881317976528e-06	2.4767995187602009482e-05	-4.2585583490676971806e-06
7	0	7	2.2536653639302401569e-05	-1.0859813977130908908e-05	-2.1759685658486310914e-06	-6.835884800787503451e-06	-2.2536653639302401569e-05	1.0859813977130908908e-05
7	0	8	-1.112606314882272884e-05	9.8270158865298296155e-06	2.6030540045946913749e-06	1.4902509309740502285e-06	9.7353052552198887941e-06	-8.5986389007136009136e-06
7	1	-8	5.6204352752894583561e-08	1.7190317740218693695e-06	-1.1616681180196964288e-07	-5.6171923185451218832e-07	3.4657957183536556083e-08	1.4339378982873216086e-06
7	1	-7	-3.2114503756690172848e-06	-3.7148013237037817026e-06	1.9366170044257400121e-06	1.9741553123237433823e-06	-2.9347908036081972226e-06	-3.4327791362289611589e-06
7	1	-6	2.7048667883244952999e-06	1.7557443537834826446e-06	-4.3391922251247145478e-06	-4.8737521718657710799e-06	2.4324792155244587586e-06	1.236076384103101274e-06
7	1	-5	-4.8788291050730568057e-07	1.8719984673712174617e-07	4.3948594082713963221e-06	4.591822701829167219e-06	1.9593580694405143868e-07	1.1804443257978039414e-06
7	1	-4	1.3719361234673965985e-07	3.1707712941231158604e-06	-5.8184010962461458821e-06	-7.6252366977150752618e-06	-1.2145114524547421452e-06	3.6425405902866841519e-06
7	1	-3	-1.117515030162294804e-05	-7.4639863246144427504e-06	-2.7700332211162942664e-05	3.2111551834040239709e-05	-3.5308794774174527445e-05	-6.7121174794202867968e-06
7	1	-2	2.135595020564743944e-07	-1.1542741406327801008e-06	2.499060634716218342e-05	9.8858463730297832099e-06	1.3242761430778752488e-05	9.0296369430016135819e-07
7	1	-1	4.5021942865543048058e-06	5.7209735112938324401e-06	-4.6441438201344857324e-05	-2.285768200024020208e-05	-1.4926078195464725378e-05	1.7189132578816622459e-05
7	1	0	-2.8803154680604421246e-06	-6.8336954030686857439e-06	2.016220827642309699e-05	4.783586782148079936e-05	9.1538032127170613882e-06	-4.8769293133962287354e-05
7	1	1	-4.3588378745000760204e-06	-1.3236513337641608208e-06	3.1505006790365454241e-05	-7.6447875704446682289e-05	-9.9314166886492125097e-07	8.5713435040795811211e-05
7	1	2	5.7322483438436182057e-06	1.4643952353741447915e-05	-3.7238385031342839497e-05	9.3727737674276689808e-05	-1.4436766877812429125e-06	-9.811770207523340837e-05
7	1	3	1.3280777053293970038e-05	-2.1753882840252715462e-05	2.3143124324422022421e-05	-7.0583604479859367721e-05	-3.8702854565826607053e-05	7.4286928120542795374e-05
7	1	4	-3.4023110694493652098e-06	1.1589887849318207469e-06	-3.4940080074050929323e-06	1.0055890207728146248e-05	6.8275463733876622444e-06	-4.5422029255627227633e-06
7	1	5	5.0550803305248628066e-06	-6.6535686473543049918e-06	-2.0565507570371643336e-06	-2.792683306182676385e-06	-6.6658023113273750626e-06	9.8735327675325630279e-06
7	1	6	-4.1516422243836026385e-06	2.0432499711217074156e-05	6.9202042308929469301e-06	6.2966098200050303524e-07	3.6902152232987122056e-06	-2.3942859826753337216e-05
7	1	7	-1.5843582382262307954e-06	-2.1714691013283112425e-05	-1.0741221067923894457e-05	4.2584070205194109957e-06	3.1188183907867874186e-06	2.1106347153208914001e-05
7	1	8	5.0731258592636259479e-06	1.0587027798039469896e-05	4.0752738422362802143e-06	-3.916999819546892137e-06	-4.9483943571352073077e-06	-8.7740243458411739004e-06
7	2	-8	8.976891359266182297e-07	-5.772809595991968538e-07	-5.5442071932332001823e-07	1.5931298555370881625e-06	6.4687281410496099937e-07	-1.068383757650252594e-07
7	2	-7	-2.6218167821313995139e-06	4.142324919788305189e-06	4.0578550292366642492e-07	-4.864133962986713656e-06	-2.5058780670103517673e-06	2.7525723589349583696e-06
7	2	-6	8.5388246230440045792e-07	-5.0712552793839661e-06	-7.670387187578675622e-07	6.9651814414431766876e-06	7.4051663310251134684e-07	-3.5947373454669018365e-06
7	2	-5	2.8914948769508304216e-08	1.0799451897002206943e-06	1.9649596625017838322e-06	-4.4568501544433894267e-06	8.2646479327802514422e-07	-2.7081679619704660808e-07
7	2	-4	-3.2524845152121891498e-08	1.695990600692065875e-06	-5.9445404285560094886e-06	2.3351330333760506168e-06	-3.0291886932942178526e-06	4.1355500678991408015e-06
7	2	-3	-3.8662178859400523164e-06	1.8323310564189789341e-07	8.5359593485393368096e-06	2.0000604880053222793e-06	-3.3305355015005630692e-06	1.7609175718346432355e-06
7	2	-2	-2.6830948102278017652e-05	1.6832135436883243146e-06	4.2265856873326555147e-05	3.9868072262997965641e-05	-5.1642461484646508328e-05	4.5759319665907100742e-05
7	2	-1	4.6826614665327302034e-06	-5.469309214300983051e-06	-3.2161220963407068355e-06	3.5326550671481924662e-05	2.6346386073047698599e-05	3.2367936842856970508e-05
7	2	0	-6.8792805004813132669e-06	5.0816022995726117985e-06	2.4077481751684595587e-05	-1.7785608048504142142e-05	-5.0925781214707680985e-05	-1.5532356187029194822e-05
7	2	1	-2.24717077226266843e-06	3.2600926175801389357e-06	-3.1352599684361630989e-05	-2.4568819034319043797e-05	7.8435394774561934634e-05	2.6316989745577115044e-05
7	2	2	2.9487589335194622252e-05	6.9475825675243067832e-06	-2.8380628534046572592e-05	-3.0812323823120691475e-05	-7.4825934139134605292e-05	6.4957848367856156166e-06
7	2	3	-9.7570642133375907286e-06	1.1321878928269441368e-06	-8.5177919984128853465e-06	-2.8287566322018155757e-05	2.844501116339630419e-05	1.6216605798082567872e-05
7	2	4	-6.4597637564927925404e-06	1.1917609576878666714e-06	-6.3275903464916155021e-07	8.0666997740538624192e-07	1.1620966091186967403e-05	-2.488916664656459743e-06
7	2	5	-6.3056031523118519371e-06	-6.5708040258278217486e-06	-1.2992032430996333075e-06	3.539836726740632057e-06	9.347525710476446882e-06	7.7831909454626984723e-06
7	2	6	1.4778170242934868218e-05	8.545320522378233098e-06	-2.1886961402119215866e-06	-1.1554379506329509215e-05	-1.6511633236686704314e-05	-6.1180807739981016446e-06
7	2	7	-1.8369057090415643311e-05	-6.6739460351215813949e-06	5.8073389836393098998e-06	1.5948326379949793633e-05	1.6709817380804410701e-05	2.1172813551359261921e-06
7	2	8	5.573751312210317744e-06	-8.4839495167462214572e-07	-2.8774905525746580787e-06	-5.4026827073403666519e-06	-4.1576597600403634005e-06	2.0930162595503862522e-06
7	3	-8	-5.406387889349461262e-07	-1.1165498346080895942e-07	1.2865478246045631327e-06	-2.1661980316856608483e-07	9.396493908633297792e-09	-1.7893053671642013619e-07
7	3	-7	3.5031192915110020203e-06	-2.8438222425138490338e-07	-3.3529123994311917488e-06	4.3624264168112229852e-06	2.0661568346119200238e-06	1.5852290972391392861e-06
7	3	-6	-3.7270066791582319384e-06	1.246932861180277157e-06	1.936587502141060205e-06	-4.0358424158420741899e-06	-3.3798807079474072295e-06	-5.6316620321071360401e-07
7	3	-5	1.434460440427744071e-06	-3.5604998087011824346e-07	-2.8076115426162949926e-06	-8.8364605078018549712e-07	3.2367769102906454502e-07	-1.0286576036862769344e-06
7	3	-4	-4.062948387597027726e-08	6.0738388613493022216e-07	2.652594519251969795e-06	4.3114231363257236513e-07	1.9183442926560292039e-06	1.3862785359605570965e-06
7	3	-3	-1.4117965194143595724e-06	2.1865240922284522916e-06	-6.5928417447244042022e-07	-9.2311591796441042507e-06	-3.9534760531059466538e-06	-4.1292696311110494684e-06
7	3	-2	4.2893697741830427692e-06	7.2236006270125373741e-07	-3.5992430892590477849e-06	6.6936827697142906363e-06	9.6139295757520761091e-06	1.2568784374025824459e-05
7	3	-1	-2.6034747197683210794e-05	1.1748557548292545068e-05	6.3101083311405969131e-05	-3.4494223251230699348e-05	7.0600195504354038801e-06	-2.1242766915644272402e-05
7	3	0	8.6879300975720552249e-06	-1.074320314264839464e-07	-2.0271836894334797219e-05	2.506747399951291862e-07	-1.0209887047486962194e-05	4.3529303047211656444e-05
7	3	1	-7.0391950794656545868e-06	2.4346227252815716558e-06	7.9242511547831845955e-06	3.3017820311474701552e-06	2.5501612091910026627e-05	-2.6947705170413413327e-05
7	3	2	3.136512582211838773e-06	-9.280236104661389787e-06	3.4999644888578964453e-06	6.1007262072184436307e-06	-1.6227740771028281009e-05	2.3329737055487199655e-05
7	3	3	3.0250623336554176865e-06	7.0356188415534847617e-08	-9.470082007542225417e-06	-1.1278434433719338235e-06	2.4116032290129186112e-06	9.6367900373568574868e-07
7	3	4	5.1545421900803507049e-06	1.3824983996555507345e-07	-2.2307773732395179097e-06	1.4052334145657199519e-06	-7.3473658027109753013e-06	-1.2958622808640114285e-06
7	3	5	-7.7772073754525663326e-06	6.2482403253049896832e-06	6.3455031383072779414e-06	-3.5558092000117646838e-06	7.0807884426492264396e-06	-6.6140509354199262379e-06
7	3	6	1.3353649082875993314e-05	-1.1761084711338903869e-05	-1.6945695757922064802e-05	5.6577191847950058338e-06	-7.1064093843942925674e-06	1.0892405904164550044e-05
7	3	7	-9.3400838422945745427e-06	1.1267529570817178022e-05	1.7757396751538099899e-05	-4.7916202539913424661e-06	1.7297709487782447744e-06	-9.2139780333923173276e-06
7	3	8	1.0541025774603265403e-06	-3.4708001922724567621e-06	-4.9306411977287864127e-06	1.5200741207182064309e-06	9.2665069387050934081e-07	2.46692237296907207e-06
7	4	-8	3.46868703685017556e-07	5.711324315504550912e-07	-7.1333200141190222415e-07	-8.6614868494527558816e-07	-5.3155884981560763806e-08	6.6666535134010397482e-08
7	4	-7	-1.3411782038140225802e-06	-7.095259339494377403e-07	3.6645766226203022758e-06	4.4413980963709355549e-07	7.5286558054043571185e-07	-4.5573175701395570103e-07
7	4	-6	1.7485284743324094221e-06	1.0908117736177790705e-06	-5.0546778051542217515e-06	2.4961888469546225525e-06	-1.3298353167150033321e-06	2.9367396338571573898e-06
7	4	-5	-9.4746894038031580093e-07	-9.351975686267668225e-07	-4.0189725951505371155e-07	-2.0647417160522162221e-06	-1.6479743241444851541e-06	-2.9610699689192465504e-06
7	4	-4	3.5156627447490162245e-07	6.4089055429065195897e-07	9.2955857790329715708e-07	-2.3019127665074280824e-06	1.5447995582343749699e-06	-1.1803542964987871807e-06
7	4	-3	1.4821758777781031273e-06	2.6185599910289012247e-06	-2.936802488654393209e-06	-1.5502410815140448609e-06	-4.5732627005695026194e-07	4.0429852037153768e-06
7	4	-2	-7.9522769414059441099e-06	-1.0488433213272551399e-06	1.6255284808174988518e-05	-7.1074038530053649185e-07	4.6776003214291701109e-06	-5.0924323952464658675e-06
7	4	-1	1.8024341539920788733e-06	-3.8315731139172198581e-06	-3.4681206958368326477e-06	7.0708436175422894024e-06	-1.255443705402777842e-06	1.4623626727486154263e-06
7	4	0	-3.3779232586587617377e-07	5.6171012635208443721e-07	5.9113657026528334381e-07	-9.8299272111614781806e-07	1.8608033922806784051e-06	2.9601701214718896572e-06
7	4	1	3.7939569292085516322e-07	4.4797423199842028975e-07	-1.0077749699561306349e-06	-1.4352678740530321498e-09	1.3753300293785358149e-06	-3.1300785524927296755e-06
7	4	2	-1.0938461496080801065e-06	3.0240855054697854588e-06	6.8368337852622036762e-06	-1.6952515171332183113e-07	-9.8452060468961264501e-06	-1.0245248965717605708e-05
7	4	3	-3.0713635378269993616e-07	5.418084712002314386e-06	-2.3570652662035558368e-06	-4.241982032172398565e-06	3.8594051804310410903e-06	-6.9862216184422032766e-06
7	4	4	-4.182142579232968502e-06	-7.0629990558520724052e-06	5.3722812179662267373e-06	7.2616688564776384578e-06	1.9464682956914675059e-06	5.0985794912634882514e-06
7	4	5	1.0223494003343208417e-05	1.1578114427787540824e-05	-1.2123143570854737872e-05	-1.3428138991439640494e-05	-4.6143767479967026725e-06	-5.4668490057508452662e-06
7	4	6	-8.099476015010603205e-06	-1.0620164402573699459e-05	5.4072725402426035846e-06	1.6981412402015700226e-05	5.8445403240173021965e-06	1.0692502016588486535e-06
7	4	7	4.4847347940312633812e-06	6.7903722207137419918e-06	-8.9797989753068895345e-07	-1.3479356691204277011e-05	-3.9716034240137269574e-06	9.1211731711727292851e-07
7	4	8	-2.2252473881320442295e-06	-1.4548022084189289362e-06	2.9709206122386920053e-07	5.6896118669726675974e-06	1.7985454340036039947e-06	-1.5718540011197707148e-06
7	5	-8	2.7283340615681181141e-06	-3.8814998404188817978e-06	-4.400068140547450591e-06	3.5195033476737354073e-06	-3.6275028397005342835e-07	-1.1966227680704370494e-06
7	5	-7	6.7958002423483875528e-08	1.0751870684322402643e-06	-4.0441842526596338211e-10	-1.800347270077942378e-06	6.7669132119722479988e-08	-2.1077526733771864904e-07
7	5	-6	-1.5860659030972385634e-06	-1.6217102726013826606e-06	3.9438079989682669127e-06	4.1100175336983104827e-06	1.4360964455267776483e-06	1.5330192933803124747e-06
7	5	-5	4.6472275337043951216e-07	-1.078297537200751864e-06	-6.5605697109290680316e-06	5.454044254188782911e-07	-5.9099578562104527145e-06	-9.6421212666217453029e-07
7	5	-4	4.0515617978153905537e-07	1.2396628582936511975e-06	5.7181093911428248056e-07	-3.7570639860576245059e-06	1.4237869885105464079e-06	-2.5269199805581408778e-06
7	5	-3	5.4941972078172696752e-07	-3.7838725500440233193e-07	5.8381118556118256321e-07	1.9167451215434676591e-06	2.2549979910926671256e-06	2.3116716075621743435e-06
7	5	-2	-6.1061094261846461588e-07	2.1052442205121212869e-06	-7.0194991363620063432e-07	-3.0136870322417673591e-06	-3.8920130832551274767e-06	-1.6586280881199362879e-07
7	5	-1	-5.6903998569654808507e-07	-1.8430389924580429803e-06	2.4048060904518168003e-06	1.8855121915314738479e-06	8.0407505523832471941e-06	-3.4737119895489324699e-06
7	5	0	1.8603567669886298422e-06	-3.7449099098524506513e-07	-2.6044994737840817791e-06	5.2428738737934316529e-07	-4.4853866815177791068e-06	5.8357089139997728102e-06
7	5	1	8.3681568390008146465e-07	3.9557909934032970921e-06	-7.3642247660515046785e-07	-4.7384062756281098943e-06	-2.1755974042748175957e-06	-3.9985055756825310205e-06
7	5	2	-5.1799563489284810983e-06	-2.8457054268511818342e-06	5.2081144190239194195e-06	3.2016570142988216944e-06	5.1095611736898869894e-06	1.9558264582320815485e-06
7	5	3	8.5277473310558545824e-06	-9.6897986018871656527e-07	-9.970037687878735127e-06	7.8755740835069965866e-07	-3.2813476259991021473e-06	9.4835732652250602903e-07
7	5	4	-1.3688672038347829329e-05	7.0480719550319445026e-06	1.790979271591509032e-05	-8.5110923028143958683e-06	1.5679351722148358841e-06	-1.6952605427879080442e-06
7	5	5	1.05507770778879688e-05	-1.0426223141012269481e-05	-1.8128134891097776146e-05	9.6861058123947417177e-06	3.357046982054618979e-06	4.9106065850224367417e-06
7	5	6	-6.0910218274913734281e-06	4.9794663213534783315e-06	1.3576459309987737022e-05	-1.8709956942308810733e-06	-4.207523959583178095e-06	-4.2502142963866575826e-06
7	5	7	2.7567496345346506453e-06	-1.7366060570177361034e-06	-5.850985194773051231e-06	-6.0940962132943843379e-07	1.4225255045889571651e-06	2.1718986436816207141e-06
7	5	8	-4.5364847790750577593e-06	8.2909610474705307736e-06	1.9664740706918767336e-05	-3.4823934036146467051e-06	-8.321038760133552987e-06	-5.0780950392775600245e-06
7	6	-8	1.8002130576779018251e-06	2.9693175552708531189e-06	-3.2962947549451658681e-06	-2.1847238968466156668e-06	-8.9703464074071033061e-07	9.596099382270344113e-07
7	6	-7	7.0811251089685235999e-07	-1.2185492448598114714e-07	-7.6298185349198698276e-07	-1.3063258511557556041e-07	5.4128065046577803342e-08	-2.3382571172790305984e-07
7	6	-6	-9.6915064608959563153e-07	1.127014767193279643e-06	1.7717070848477378748e-06	-1.1889622508094774482e-06	6.4103133107654290078e-07	1.2588831091601558338e-07
7	6	-5	-9.1907482042113456229e-07	-3.6483160160235525402e-06	-1.5295602385818314936e-06	6.0048654651211031294e-06	-3.1221770348877860948e-06	2.0981961357123506225e-06
7	6	-4	3.8542954596748729002e-06	1.6172103532754169156e-06	-3.2696340241277441839e-06	-5.1237460385495135702e-06	1.8405660182394102406e-06	-4.855500939592289959e-06
7	6	-3	-2.9784192675378704205e-06	2.1475053807650297955e-06	4.406843975150770865e-06	-4.5841965711262655437e-07	1.8640429927131773449e-06	4.0940065742264835044e-06
7	6	-2	6.110925824130653019e-07	-7.6833282759803457244e-07	-1.596876324318203169e-06	2.2306745666053490848e-07	-2.6518049345088805268e-06	-2.0199625266115162252e-06
7	6	-1	-1.2656511490188595524e-06	-7.9831513094385811104e-07	1.8582882471929489102e-06	6.8848173564434407949e-07	2.2901714400256759591e-06	-1.4573155027409419827e-06
7	6	0	-3.0950040895056267061e-07	-8.508667965829586133e-09	3.6108381044232309806e-07	9.9267792934678499371e-09	-5.3248467430730183461e-07	1.4694479388421065016e-06
7	6	1	3.987195898151316366e-06	-1.7670375891074574204e-06	-4.603180134747257938e-06	2.0931933684754745398e-06	-2.912904785756705338e-07	-1.8989708710064466087e-07
7	6	2	-4.2173213266203058515e-06	6.0671585052752076189e-06	5.9054787383485313922e-06	-6.253296705888786725e-06	-2.9558115718745215789e-06	-2.4751646507968660676e-06
7	6	3	-1.2789694149312375667e-07	-1.2023233013847852598e-05	-3.1903201983305723686e-06	1.4570763819522762102e-05	6.6790665934784334057e-06	-1.0873172734005348078e-06
7	6	4	7.3776616167859722427e-06	1.0356732791358057267e-05	-2.2877614973406257468e-06	-1.5012955453081991265e-05	-9.479265583364513228e-06	4.395150794746387527e-06
7	6	5	-6.3286902968035484152e-06	-6.1546827493939953822e-06	2.301878241134359001e-06	1.1235263321469572261e-05	6.097912526163737827e-06	-4.8657601366118926697e-06
7	6	6	2.3156093245205875646e-06	2.128253593829582083e-06	4.7891940800982079075e-08	-4.4585112097201762805e-06	-2.7494361527416677123e-06	1.9755486835856640622e-06
7	6	7	-7.595789423998008777e-07	-1.7484224933990524938e-06	-1.1813436818091157037e-06	3.1210731767708238723e-06	1.7721592410933286389e-06	-9.2678308669022503547e-07
7	6	8	-2.4682576141687295204e-07	-3.4543502999455633514e-06	-8.576177160659986359e-06	1.8581934720769373233e-05	6.6481054117347529803e-06	-1.0913894528124662363e-05
7	7	-8	-1.4479847835662018328e-06	-4.1295435253223014762e-07	1.3935879301560043401e-06	1.6974464246043274033e-06	-4.7597246733922700282e-08	1.1239305630630852774e-06
7	7	-7	-6.5953768520400060912e-06	7.8848289989348802515e-06	1.1579091744368497804e-05	-1.0240088777507435266e-05	4.9837148923284917127e-06	-2.3552597785725545912e-06
7	7	-6	5.662102364185700609e-07	3.4037358952299712409e-07	-9.2234757928846636995e-10	-7.4875034240955387767e-07	6.5950253697916191827e-07	-4.7643954503431625662e-07
7	7	-5	-1.3163534170687499707e-06	1.4287579455436597331e-07	1.4407194121734076925e-06	1.0636559429132759333e-06	1.7411239314652075232e-07	1.6891444324546985951e-06
7	7	-4	6.8612696261676053692e-07	-2.062317775924198849e-06	-2.8512337464881206607e-06	2.2543678303332869764e-07	-3.7889368717748800048e-06	-3.2145417375590230957e-06
7	7	-3	2.6919142073684389864e-06	2.523461042498092206e-06	8.5769483299408692391e-07	-2.6914495484528627023e-06	8.2824210941792264181e-06	-3.919731805611310875e-07
7	7	-2	-1.6923819208758428086e-06	-1.0544901314212924431e-07	-3.3710769552149196287e-07	2.012018338826904261e-06	-7.1032136573906709854e-06	6.6729926398967126774e-06
7	7	-1	-9.6949574182917654133e-07	-1.5507486177062299179e-06	1.2677084032299705482e-06	3.0128288841281977364e-07	2.0874886298055576248e-06	-8.7462601050538696336e-06
7	7	0	7.4116630497231912428e-07	1.2072610220703309724e-06	-7.4116630497231912428e-07	-1.2072610220703309724e-06	1.8179456141656252967e-06	5.3754580271172606242e-06
7	7	1	-3.2808852275618167208e-06	-2.9371985542326279233e-06	3.177792598499327964e-06	3.8489799113821147612e-06	7.2164840343742172105e-07	-6.3824695000464057477e-06
7	7	2	6.140868613711864602e-06	2.8567486047337094938e-06	-5.5586693522278989027e-06	-6.0392439972346983898e-06	-2.0376974151938803711e-06	1.1138733873753461348e-05
7	7	3	-9.1223095073873538473e-06	1.995633310618608834e-06	8.977736119739534174e-06	3.1058532995992384192e-06	3.3733790451157713768e-07	-1.1903468757174977206e-05
7	7	4	6.287715847275250504e-06	-3.8149975474263053273e-06	-7.0232304431925783901e-06	-6.7415964308025052028e-07	1.28715054285532253e-06	7.8560250833864726273e-06
7	7	5	-2.7969317680964536532e-06	2.2734083464576964852e-06	3.2970631745552235162e-06	-5.1487903681530064379e-08	-7.0018396904227812589e-07	-3.1106886198866330448e-06
7	7	6	1.3084262477351621979e-06	-1.0233316503157811309e-06	-1.6436650369763166906e-06	-6.7652976174312843828e-07	3.9111192078134696113e-07	1.983171647402061217e-06
7	7	7	1.1460613555714803643e-05	-2.7968558616569468711e-05	-2.4526291017056419216e-05	-2.2831061258734983723e-06	1.3065677461341617267e-05	3.0251664742442967507e-05
7	7	8	3.3282337061529688977e-08	6.1034061872920615423e-08	6.6382098626020936944e-07	3.5764043996839186668e-08	-6.0996540790652162318e-07	-8.4698342636039824348e-08
7	8	-8	6.861415966693928107e-06	-8.4229941367793738428e-07	2.3422421370181655326e-06	5.6106785128163960837e-06	8.3459811078753522027e-06	4.8736665258482010445e-06
7	8	-7	-2.4577250376603561715e-07	1.0005813389177477708e-06	-4.1919704348246998199e-07	-6.9558680158047521211e-07	-7.2485483917457276212e-07	2.0562499425434747166e-07
7	8	-6	-4.3749868924883703232e-06	-1.7843520328447869064e-06	4.8164737642105991561e-06	6.2860919698154867188e-06	1.3178136443777000939e-06	6.2997119214350644461e-06
7	8	-5	-6.9146980348384350467e-06	9.4844564582604937768e-07	1.0474675563573940455e-05	4.284363026092980007e-06	7.0789036529444953231e-06	8.1828047459052380717e-06
7	8	-4	-2.6868095137273515754e-07	-7.9223980228220933062e-08	-4.6888584928677760453e-07	7.5961401937742160685e-07	-1.4079633634758418142e-06	1.3805860733554566867e-06
7	8	-3	2.8023931685601989444e-07	-4.1467173564832366389e-07	1.7647115760613956913e-08	-5.2806855716049278167e-07	7.0095071469235031427e-07	-2.3757502022740695472e-06
7	8	-2	1.0648711962462043963e-07	6.4732276883843898847e-07	2.3858172160838692564e-07	1.9694551559594126287e-07	1.3270318051197192413e-06	3.0534117533183014582e-06
7	8	-1	-1.6536160889217338984e-06	-5.7008256480500170679e-07	9.9647013113457603943e-07	1.4169217575406766207e-07	-3.603551573375530032e-06	-2.8570405476024705451e-06
7	8	0	2.4284857344744899035e-06	-1.3770086211154878012e-06	-2.1249250176651785597e-06	1.2048825434760517731e-06	3.5003781851658443279e-06	2.6782485428116317834e-06
7	8	1	-1.2037424741939789413e-06	3.1531884115389549282e-06	1.576287961046184581e-06	-2.2667675334575848923e-06	-4.1841063690116229998e-06	-3.9381786131120074764e-06
7	8	2	2.9937719366516444507e-07	-2.5290011578426077453e-06	-1.3260062396548879326e-06	1.5183445922016782374e-06	4.2562047807914768873e-06	2.7781256836424141586e-06
7	8	3	4.5631796703519720635e-08	2.7102891104044974135e-06	1.032021335753453407e-06	-1.8889687148853872875e-06	-2.8585310876507551244e-06	-1.2867580179161275117e-06
7	8	4	-1.0303063130371858433e-06	-2.5045721646334183863e-06	-3.3825762517192420969e-07	1.7576953415907144877e-06	2.4795512981589238041e-06	8.6761060492705309483e-07
7	8	5	4.4321326956979881882e-06	1.0171051477352528305e-05	6.8284030888826084414e-07	-1.1996881812573093973e-05	-7.2975302681984006447e-06	4.9555388318234110687e-06
7	8	6	9.5568949090050068004e-06	1.1346798077287801519e-05	1.7791324347443394787e-06	-1.476600617154153463e-05	-1.3521887306831626674e-05	6.4500771385529441187e-06
7	8	7	8.5691526551174586302e-07	-9.6602772155236566319e-07	-5.5474361698192092341e-07	1.1313717862634181599e-06	-2.2292256038955048795e-07	-3.2696860560582670109e-07
7	8	8	1.0362978027891355375e-05	4.0035749299528071283e-06	-5.1506733272118598765e-06	-4.4764435227976290545e-06	-3.916932447193075441e-06	9.7331545908892292311e-07
8	-8	-8	-1.3514422610095682756e-05	9.8410089462919827813e-06	-2.9297985486697401803e-05	-5.3502395499781887922e-05	1.5783562876601720741e-05	6.3343404446073874091e-05
8	-8	-7	-4.9952164273676269377e-07	3.9931845063254237723e-06	2.6186425225304667627e-06	-1.654920815227296676e-06	-3.563616188876833604e-06	6.4549775103459663476e-06
8	-8	-6	-8.7598681571235405835e-07	-4.3309322512665129908e-07	1.3601416268298759483e-07	-4.6341391447509109424e-07	-1.3493346378604555729e-06	4.0427585797919700403e-08
8	-8	-5	-8.6353227458545143268e-07	-3.6056195469631639272e-06	-1.7935236584916032222e-06	-6.7332942899067978029e-07	1.4879862142498429055e-06	-4.6916641887559748045e-06
8	-8	-4	-1.4826108482116449115e-06	-1.794341940596116174e-06	-1.6825828492683145549e-06	-1.2540089339261340566e-06	3.9994400211333912793e-07	-1.0806660133399642349e-06
8	-8	-3	5.503185086986707405e-07	7.570909908493365093e-07	3.4938331823878005823e-07	4.292617657181194202e-07	5.3582717455970848606e-07	8.7421126701657901016e-07
8	-8	-2	-4.6281314947253701089e-07	1.1067095472359948533e-07	-6.39357368560768644e-07	1.8154827212819117013e-07	7.0617687635292653245e-07	-2.8350926961836679211e-07
8	-8	-1	2.1182037758247596178e-07	-4.1656001360953445119e-07	3.1363134190208006068e-07	-4.9667148606023976929e-07	-8.1448771455683289712e-07	6.4089177960564243886e-07
8	-8	0	9.4030163432200253349e-08	2.499290721895662753e-07	9.4030163432200253349e-08	2.499290721895662753e-07	1.09486895550134295e-06	-9.1209182036016380356e-07
8	-8	1	-3.6115581252864299113e-07	-4.3828688673636456806e-07	-5.3802217976520190084e-07	-2.7587928200029201013e-07	-1.4149309378924714895e-06	1.2992608378885806752e-06
8	-8	2	6.6315161928758918129e-07	3.1529127373168534887e-07	9.9481808435578448493e-07	-9.3189938615941821437e-08	1.326665860272780791e-06	-1.6339248493905086283e-06
8	-8	3	-1.6138159841417592997e-07	-8.4399251525152584477e-07	-1.719496200210034728e-06	5.082629238359256339e-07	-4.154972271455623179e-06	3.606014504233203802e-06
8	-8	4	-7.338112847428531127e-07	-4.2000672873467217673e-07	-8.5842078501642706115e-07	-3.0691550648062809514e-07	-2.492190005471478969e-07	2.2618244450808811024e-07
8	-8	5	1.2061350656528230062e-05	1.3392928394416546667e-05	5.9583006518736900429e-06	4.1286735849147649397e-06	-9.7648800074472650467e-06	-1.4822807695202851102e-05
8	-8	6	1.2460645361613469838e-06	1.0660388069980669077e-07	7.971952579586323092e-07	-3.302810123891579405e-07	-5.9849237093695282885e-07	-5.8251319078528617503e-07
8	-8	7	-4.5707130280830762071e-07	-2.6160732522146519033e-06	1.0853094189228337951e-06	3.7167422380967744007e-06	1.7627208248355901895e-06	7.2375034174987734029e-06
8	-8	8	4.9950398406620073733e-05	9.8238304625441628861e-05	2.6777188060671301912e-05	5.8441190681283857681e-05	-2.3173210345948768433e-05	-3.9797113944157764404e-05
8	-7	-8	1.8616222711460339817e-07	-1.2473838956503155118e-06	-5.0499971548016637276e-06	-2.4579329334664455186e-06	4.6049097375660592128e-06	9.033074211328244229e-07
8	-7	-7	1.1059450057427407048e-06	2.7523478124902423442e-07	2.4512254650461573403e-07	-1.1485058665706602756e-06	1.0188146029156592589e-06	1.4630599022838308293e-06
8	-7	-6	-5.0525391059899835088e-06	1.7612722065108578025e-06	-7.8742414241751048482e-06	4.0839414346780932193e-06	2.4498961868843095662e-06	-2.4162353984432982113e-06
8	-7	-5	-2.6601942764281357145e-06	-9.3318559691819543373e-07	-1.0406426300507073008e-06	-4.7325534190795603463e-07	-2.799411160214026668e-06	-8.3053947639797417137e-07
8	-7	-4	-1.4686886736280108289e-07	3.8347383556136380021e-07	-5.0750361293556894513e-07	6.6875463624067047396e-07	5.9439358791164346173e-07	-4.0337294229844578195e-07
8	-7	-3	4.3797252041941845501e-07	-6.9485502434565711748e-07	8.2455500433883356261e-07	-1.0823751499757160591e-06	-7.5603495567216246802e-07	6.7259528502158501675e-07
8	-7	-2	-1.0061880983758452689e-06	1.0629341208802973266e-06	-1.3942066279242843989e-06	1.56511773320607815e-06	8.5497080423161432058e-07	-1.2261755827000839011e-06
8	-7	-1	4.581401855688924548e-07	-1.6997163141552993605e-06	6.3786088390764381495e-07	-2.311091918596844296e-06	-7.9990470280236727798e-07	2.5799129169355156117e-06
8	-7	0	-1.812196375398853118e-07	1.5774991849446635947e-06	-2.0710815718844036391e-07	1.802856211365329762e-06	-5.7227254435405621721e-07	-3.6622843253780171069e-06
8	-7	1	-4.09572597763899924e-07	-5.1753531036749847371e-07	-4.1949832731591844453e-07	-9.2433488883688272864e-09	3.4009249089977038616e-07	4.0755790407214058729e-06
8	-7	2	2.0953390128729781325e-07	-3.723700251736320959e-07	-7.2581463907888934531e-08	-1.2066312356727029051e-06	-1.0921707288268024246e-06	-2.7337292241599315723e-06
8	-7	3	-2.7712553092089022845e-07	5.2279891915445708566e-07	3.1478698537493812511e-07	1.4340777510383862977e-06	1.4735043816638962345e-06	1.9520509680110160114e-06
8	-7	4	5.2376323508043626875e-07	-4.9911137553630556646e-07	-4.3032377393886246875e-07	-1.7411546690662038236e-06	-1.8005930745538816593e-06	-2.0487979197932454526e-06
8	-7	5	2.5054561521380038563e-07	6.7342094153299318233e-07	6.8395298427432739025e-06	4.0894069639979743544e-06	9.174468795498503016e-06	4.6476962431443746655e-06
8	-7	6	-2.4753181924764515516e-06	6.0593303791247678811e-06	6.0159823034630743392e-07	6.2903795391493348189e-06	4.0022888587059602652e-06	-7.4033104315880013307e-07
8	-7	7	1.7857873993525895277e-07	-1.9724888727897782188e-06	-1.290764032394705879e-06	2.1874716199678332749e-06	-1.4948540208921448032e-06	4.4417446174418654645e-06
8	-7	8	-2.5599458897821923236e-06	-2.1374460849762537008e-06	-2.5829669661648727458e-06	-3.9960459639361640196e-06	2.9984979438792861809e-07	-1.3590941334678893928e-06
8	-6	-8	7.3526487050429887084e-07	9.9356985331250583626e-08	-3.5003732197266556161e-07	-4.7920357328352442048e-07	9.9779286198379810822e-07	4.5875966529389387252e-07
8	-6	-7	4.3583237528372925491e-08	-6.2850026718535771422e-06	-1.2941457893562355901e-06	-4.1765192327425879014e-06	1.1590772337663424131e-06	-3.6029865683390131211e-06
8	-6	-6	1.7962423681057932602e-07	-1.2296019011194219174e-07	5.5498028051437591822e-07	-4.6792269521215566e-08	-3.1548129810027013255e-07	-1.1715465062804068524e-07
8	-6	-5	-1.0093044765712862176e-07	-1.3052089328948983186e-07	-2.281485312554491555e-07	-6.7604270379098411075e-07	1.1228952125513319707e-07	6.0241781528599726545e-07
8	-6	-4	6.0103779755429141556e-07	8.1638750940733278098e-07	1.4836400612413267001e-06	2.3029391129678109601e-06	-1.0233844967534073249e-06	-1.8216336506370508782e-06
8	-6	-3	-1.799453413318085835e-06	-2.3833791291052789045e-06	-3.5182820321760594925e-06	-4.3185583038539791247e-06	2.2380216288372231426e-06	2.2814389300938820178e-06
8	-6	-2	3.8242855177084276967e-06	3.625470871780676553e-06	5.9398205762571028399e-06	6.0239815466606382881e-06	-2.5223196579375951919e-06	-3.570061152859208229e-06
8	-6	-1	-3.8913081961551840551e-06	-3.1100275020840098933e-06	-5.504436713255257464e-06	-4.6059991716249596374e-06	1.8961547102900742492e-06	2.7557750130776807953e-06
8	-6	0	2.0704004803504587749e-06	2.0944939508889804458e-06	2.7605339738006116998e-06	2.7926586011853071199e-06	-2.3132466427119791947e-06	-3.8092358207877739e-06
8	-6	1	-1.3833049007429275613e-07	-1.348815012891841773e-06	7.076550410638708198e-07	-1.5695360720144075568e-06	5.3525741669775673913e-06	1.373303671048288843e-06
8	-6	2	-2.4136400994789581094e-06	7.4960920525163774075e-07	-5.2216499038066400442e-06	5.4524508817479050089e-07	-6.010389313504087695e-06	-1.3627015564821796721e-06
8	-6	3	2.1197118956267669646e-06	3.078149624303901476e-07	5.6947633689203599368e-06	7.9273836164454334234e-07	5.7369616828360079681e-06	7.6463682347471306363e-07
8	-6	4	-9.0588007808742293329e-07	-5.4319185389436052332e-07	-4.7924163345283124667e-06	-5.0948743781309817205e-07	-5.3768643456176224099e-06	3.2215255106907378856e-07
8	-6	5	-5.3308150870153425705e-07	7.3820473274097763839e-07	1.5794429264828406892e-06	2.9830629362889662044e-08	2.7482619257018636383e-06	-1.1453308171500965132e-06
8	-6	6	8.4023232551091022667e-07	-8.0167418945695146457e-07	-1.5698884948159542236e-06	1.2550228332565611751e-06	-2.6901982621638347376e-06	2.3239217525324966024e-06
8	-6	7	1.4337967941107670857e-06	-5.5494069400592185585e-06	1.7688778783720981059e-07	-6.9277423278193547544e-07	-1.4870068036946969527e-06	5.7483728748260201299e-06
8	-6	8	2.0196908574671787328e-07	-1.102622575255769731e-06	-1.6516646903380092129e-07	-3.6528581607122813905e-07	-3.2584393752206854439e-07	8.2865821320234869292e-07
8	-5	-8	2.7748761894943989659e-06	1.7150905913660028972e-06	9.2192897268696921128e-06	1.0840903474028307357e-05	-2.9871798897991588164e-06	-5.0604740799016892009e-06
8	-5	-7	4.5425733156563007213e-07	-2.7801405617705292842e-06	4.8915068159930931235e-07	-4.1194710240954208392e-06	1.697578920754991526e-07	-2.3482419624101870726e-07
8	-5	-6	6.3593667707121332066e-08	1.3814040793938562336e-07	4.3083304454617328129e-07	1.0625683873063159296e-07	-2.7423598017898258969e-07	9.5639844976987843629e-08
8	-5	-5	-9.0639540120056010037e-07	-1.5224757509733818876e-07	-2.5479187155336549088e-06	8.2227543855796865715e-07	1.0976860736127587482e-06	-1.065871558713709738e-06
8	-5	-4	1.9983351565501424368e-06	-1.3335450664733521026e-06	5.3615470256505349072e-06	-4.2193958159035117902e-06	-2.7052634689628839722e-06	2.6071546369326853207e-06
8	-5	-3	-3.2487731339919903306e-06	2.0108735007141712736e-06	-5.3040288895813776155e-06	4.5993632979201925739e-06	1.7665312532365540898e-07	-2.3032761612958646505e-06
8	-5	-2	5.2611380750601660853e-06	-3.0610696050680760082e-06	9.0530236469036469237e-06	-6.0533791295174002578e-06	-1.5880068170184542387e-06	2.8891694035211966119e-06
8	-5	-1	-4.2227361273993105006e-06	2.878063691180083572e-06	-7.07015203203559332e-06	4.6716504124376371471e-06	1.568871140983480689e-06	-3.3374253274751890673e-07
8	-5	0	3.1520117394924882235e-06	-2.6609961863946741021e-06	5.0432187831879806493e-06	-4.2575938982314782245e-06	-1.8218780740391671815e-06	-6.5823923146848586282e-08
8	-5	1	-1.9717079375161196202e-06	1.3023218481666753957e-06	-2.4453382177542029494e-06	2.0594625136012343657e-06	3.5469724113579413677e-06	-1.2126221732722982852e-07
8	-5	2	7.4340402728545121116e-07	1.5441260617938212278e-06	-3.9459587116578759194e-07	4.2714115570064346784e-06	-3.9601057870562738245e-06	4.5020246453408017847e-06
8	-5	3	-1.8828194017701303681e-07	-1.867102088575377451e-06	1.4981998996541581052e-06	-8.0102074543661208009e-06	2.9990850065622979912e-06	-8.3714068544091953635e-06
8	-5	4	-1.468325347872087893e-06	-6.5758739113690536581e-07	-5.2005408638844592174e-06	6.668077988386693342e-06	-3.5640253841113986594e-06	9.6502722677571771973e-06
8	-5	5	3.4532294843711052977e-07	1.8173924814618922511e-06	2.0844424750167055286e-06	-3.9923275778199129253e-06	1.5319257575173285963e-06	-6.9001555481589412047e-06
8	-5	6	-6.8520220059867934787e-07	-2.4127871836005969632e-06	-6.1152721145271064702e-07	7.9347844850119952319e-07	4.0399692458764692464e-07	3.87828161855179603e-06
8	-5	7	8.6675317005828254017e-06	3.2202157701261377385e-07	-3.755240522137800762e-08	-9.7514187815007186327e-07	-9.9325736615384999795e-06	-1.0645545724073240641e-06
8	-5	8	-4.5092305900723461047e-06	2.1675827840842434657e-05	3.9746552772233097647e-06	6.9102703369509813652e-06	6.993390138336915237e-06	-1.7356908880248072044e-05
8	-4	-8	-1.2999510706020445563e-06	1.4074260056679266238e-07	-2.4718540572015630256e-06	1.465562420896928104e-06	-6.4024042001263162619e-08	-5.9203860988167138964e-07
8	-4	-7	-4.151400244247632314e-07	-5.12116932101698597e-10	-1.1912838065662008143e-07	2.6735210028340670524e-07	-4.0637238182451797759e-07	-1.5335790522720575072e-07
8	-4	-6	6.9153360813084997828e-07	-5.8639509072096362046e-07	1.2167154645633587698e-07	-1.3133162595362819621e-06	8.4093044653690949226e-07	9.3684052062903125405e-08
8	-4	-5	-5.2930041595096715043e-07	1.5678714616870925622e-06	2.0879580138669608885e-06	3.8394396424520645011e-06	-2.5172470766151160667e-06	-5.6295737526230324728e-07
8	-4	-4	-4.9558290638365383381e-07	-2.2067695873720182377e-06	-3.8522919079883094894e-06	-5.3843512294822417648e-06	2.8611260952210018218e-06	9.7081205473820550109e-07
8	-4	-3	6.1529807144869352331e-07	2.8906111202369913557e-06	4.648711782814769277e-06	5.0269245374342920674e-06	-4.5574875198898429738e-06	1.0057302707195884429e-06
8	-4	-2	-1.4146828723867839385e-06	-2.8976054347200690856e-06	-3.814018784757604253e-06	-5.2312296193019443424e-06	1.9693060799680727518e-06	-1.1279625002763865988e-06
8	-4	-1	1.8210492407292734643e-06	2.2608684753723860925e-06	3.6614374566287031428e-06	4.1021196473747873943e-06	-7.7355900680626206897e-08	1.6784692134799391629e-06
8	-4	0	-2.1699068170953753018e-06	-2.2220828246892542439e-06	-4.3398136341907506036e-06	-4.4441656493785084878e-06	-1.8539769371188523166e-06	-4.533585089235953739e-07
8	-4	1	1.8270352391555881683e-06	7.9881090776618444528e-07	4.0544447456407021679e-06	1.4348834118888847197e-06	1.601497069318103537e-06	-6.5095361457393615406e-07
8	-4	2	-1.1992970108002100831e-06	5.2880578367903625491e-09	-2.0312083694563935293e-06	1.817780561586955596e-06	7.3477130428805316768e-07	3.6144088918267497154e-06
8	-4	3	-6.0332466912390548964e-07	4.4469282245648470308e-07	-5.2451526418967163315e-06	-2.8192539828784930097e-06	-5.3846710715318740854e-06	-4.94485283705528308e-06
8	-4	4	-2.6784805558765771802e-06	-1.6692266975152285506e-06	4.5914935369934742015e-06	2.7991567355969046416e-06	9.9484546487466294089e-06	6.1376101306273621663e-06
8	-4	5	5.0042668824097001241e-06	1.0629022588415261283e-06	-6.0886130242277386267e-06	-4.9023964177034853052e-06	-1.28777174312377111e-05	-5.6225607483092302188e-06
8	-4	6	-5.9138370131268308343e-06	-3.2183056908343096189e-07	1.5813164749771554677e-06	2.1720393663108665866e-06	8.939327000820544334e-06	1.8771336696518190069e-06
8	-4	7	3.434942524651392076e-06	-4.0130553783459558694e-07	-3.5532206630403449397e-07	-4.834197740327277097e-07	-4.1286897803467529977e-06	1.823950295065505434e-07
8	-4	8	-3.2035816387703152771e-06	5.3005753207920532675e-07	-9.6084278159049678641e-07	-3.8706089714532353472e-07	2.7231602479750665663e-06	-7.2358798065186709411e-07
8	-3	-8	2.7999845609207510524e-07	1.2982639164874438474e-06	-8.9045728648405026156e-08	-9.6217025276865461305e-07	3.1339060433522699667e-07	1.659077761275689142e-06
8	-3	-7	1.4242353445545902148e-07	7.81894013895209608e-07	3.7846297153957887977e-07	4.211725022575795054e-08	5.7133728927652161296e-10	8.7554290864062894221e-07
8	-3	-6	-4.7796906747713454743e-07	-1.6684721428365671656e-06	-6.0535486296774817758e-07	6.5204001344809784781e-07	-3.3461465848563862346e-07	-2.5506495305061386898e-06
8	-3	-5	2.2851098615717900452e-06	2.4460911194120309627e-06	2.3591817594503456148e-06	-4.3711979994539252876e-07	2.2406667228446567881e-06	4.1760176710264847717e-06
8	-3	-4	-1.2440728445568299723e-06	4.3051678434059279542e-07	4.8319608584998302905e-07	4.6739897523617802061e-06	-2.8505427535011475075e-06	-2.6444587455901494578e-06
8	-3	-3	6.321359842199832823e-07	4.0437307264351722815e-07	1.4206439032599826989e-06	-1.8354566699095006604e-06	2.6505205465997259704e-07	2.9137848636255467433e-06
8	-3	-2	-1.747943008764214274e-06	8.38050272927098476e-09	-3.8502117137205078552e-06	1.9891559742888582589e-06	-1.2164544644760951014e-06	-2.9502119505162031382e-06
8	-3	-1	2.7335360874632794806e-06	-1.8108965547134692878e-06	6.960276592691496402e-06	-5.6985409613387534475e-06	9.8745892163174727426e-07	2.6084504463085060399e-06
8	-3	0	-1.9310476519071205902e-06	2.7251198991756397366e-06	-5.1494604050856543424e-06	7.2669863978017053995e-06	-1.4953239862716659974e-06	-2.2090816566743586146e-07
8	-3	1	1.2258994946418723061e-06	-3.2045503313633086519e-06	3.4104972799551141156e-06	-8.7787552362523899361e-06	4.2429588273036458639e-07	-6.9986305785069932264e-07
8	-3	2	-7.5211868456639576959e-07	2.2175913882845990993e-06	-9.1583055278573852609e-07	5.9528387155276048953e-06	1.6347289090869753951e-06	5.8892520153011336208e-08
8	-3	3	8.4418441595518677984e-07	-2.2561128814429180999e-06	-1.5609419211276951735e-06	-2.9174602270919901632e-06	-3.8121003636748599904e-06	3.0988407900891242051e-06
8	-3	4	-3.0506352867033655234e-06	3.7423335059651521511e-06	1.1641848452353557132e-06	-3.9180522602686168661e-06	6.9744092073332478846e-06	-1.042320620713176674e-05
8	-3	5	7.141515066226326736e-06	-9.853626904277659263e-06	-7.5477681182308278508e-07	8.1229389883135842543e-07	-1.1879290193055972173e-05	1.6253179386143070702e-05
8	-3	6	-3.2763751868971820304e-06	1.087864027097138679e-05	2.4412057154181099691e-06	1.3098595010773561251e-07	5.5891031069052974094e-06	-1.443936071957464801e-05
8	-3	7	6.5908607078315876737e-07	-5.3532309633736664987e-06	-6.1336414939886479425e-08	-8.9812189937871362329e-08	-7.7952825872641855263e-07	6.0794873053108170361e-06
8	-3	8	1.2008885111420357261e-06	3.9119001602123692926e-06	-9.8716211394476736261e-07	-1.3155206854227411341e-07	-1.5710743038713234606e-06	-3.9612321859157227072e-06
8	-2	-8	-4.185747048534536548e-07	-1.7780702634844133653e-07	2.9941328280888812839e-08	2.7557216627195665086e-07	-4.2606003692367589275e-07	-2.4670006791643049925e-07
8	-2	-7	1.1117576166509550687e-06	-3.4610953751457191485e-07	-3.488429827912292089e-07	-5.3345708977696646346e-08	1.3702495569700143046e-06	-3.8031212602302598672e-07
8	-2	-6	-1.767180608113714975e-06	1.5588947829651012277e-06	2.0972872209832363041e-06	-2.1054058727754606869e-06	-3.0553365511460322092e-06	2.7803283348786217247e-06
8	-2	-5	4.7535543752798783077e-07	-2.0349468706210925952e-06	-2.3604352169406463298e-06	5.0281791784725834508e-06	1.7047427868210389341e-06	-5.2671866643827818715e-06
8	-2	-4	-2.8070937117009371678e-07	-8.8488481737622511228e-09	2.710447179544376705e-06	-3.9523857764490881008e-06	-1.9166423321123756802e-06	1.9584951918770196011e-06
8	-2	-3	3.3030569334051422414e-07	1.0514779900989967944e-07	-3.2277796699581480849e-06	1.1017277500989476859e-06	3.0326682955468034622e-06	-4.5409103603956597876e-07
8	-2	-2	6.1041385308627715995e-07	-3.7792946105928627144e-07	7.5774023729909059384e-06	-1.0063592122121892377e-06	-5.1357469606457964515e-06	-5.0535863202495574219e-07
8	-2	-1	-1.9700079005679170112e-06	-6.741787501416598922e-08	-9.0387434888231268763e-06	-2.5937214448769453975e-07	2.317423773102919357e-06	-2.0598711137938870651e-08
8	-2	0	2.0634702309570617078e-06	1.7007009145220812597e-06	8.2538809238282468311e-06	6.8028036580883250389e-06	-2.1889776015589571318e-06	-6.9233993673249423757e-07
8	-2	1	-3.4336178988122321313e-06	-5.880755904775344112e-07	-1.1655455342552448908e-05	-2.8360895454455483536e-07	4.1580325053929609297e-06	4.1373868147311658306e-06
8	-2	2	2.7061875187044665664e-06	-4.0027586422222937727e-07	5.1351406420091056201e-06	-7.839413252227613068e-07	-5.6896094328087606456e-06	8.1716213166615630815e-07
8	-2	3	-2.2445142175171746769e-06	-1.9323991813056351227e-06	-4.7200909231026876326e-06	-3.0266243581491875016e-06	2.8386439646440072422e-06	3.135314911382235326e-06
8	-2	4	4.9945897273949546361e-06	5.3866595897491272406e-06	2.3827376493843748249e-06	-5.70050637996973906e-07	-8.7978106300977227067e-06	-1.1058344498496742387e-05
8	-2	5	-1.3725587126763875089e-05	-1.0283982157327741286e-05	-4.0557215980262959024e-06	-1.5201580372614869069e-06	2.0338650763611683137e-05	1.5846308236819789855e-05
8	-2	6	1.8795007984102642389e-05	9.6963658794247646074e-06	3.8208935155930539323e-06	-1.2911255152046657431e-06	-2.3786379473605837129e-05	-1.335886301096790834e-05
8	-2	7	-7.1500170910703609087e-06	-2.2833871323085587895e-06	-3.2946154097536411783e-07	2.490155556115398e-07	8.0773162352303093863e-06	2.6807325956702213712e-06
8	-2	8	4.0687755550266284507e-06	2.4283985349421838534e-07	-3.2768430217598980388e-07	-7.9879750493049227265e-08	-4.1506966305706263781e-06	-2.628097911174807087e-07
8	-1	-8	5.8428474400758132042e-08	1.981314944436281405e-07	1.6928018714103178756e-07	-3.0246753267337846311e-07	3.7268451008129161905e-08	2.3593993602780042854e-07
8	-1	-7	-6.8052109192567238147e-07	-4.3661404241361454077e-07	5.7683463220964815051e-07	1.1039404922156612145e-06	-8.6014333823071823226e-07	-6.5669326164636820496e-07
8	-1	-6	2.0523789319924002639e-06	-9.5684992505859177141e-08	-4.5445183517401480165e-06	-2.6794121772501628611e-06	3.4939249679465582135e-06	3.1898870620054822302e-07
8	-1	-5	-1.6082551336263178696e-06	-3.2041185663891002148e-08	1.0005140246402854609e-05	-2.0661810854766188302e-07	-4.5742362630826798519e-06	-9.9422753526932288186e-09
8	-1	-4	4.1739152621715556785e-07	5.8378032427277988103e-07	-3.3850864106640899636e-06	-2.0545951611131575773e-06	1.6810546551003336266e-06	1.6812094388238490505e-06
8	-1	-3	-1.5892833203825372055e-07	-9.2968397330298438332e-07	-5.7397934837668134773e-07	3.9339195499749139741e-06	-2.3248243597644948986e-07	-3.7904637787995962057e-06
8	-1	-2	-6.0504422770766548552e-07	-1.0254584247947306473e-07	8.9815909670229830342e-07	-5.7586768164229059657e-06	-2.869256459181810882e-06	2.469155038293560618e-06
8	-1	-1	-1.143910062790342558e-06	3.3974841048310175834e-07	-4.4319467441828659681e-06	5.8012883679701954435e-06	-4.7193337581398736485e-06	-3.0833010841053813768e-06
8	-1	0	1.2925076185475318508e-06	-1.511474640319036142e-07	1.0340060948380254806e-05	-1.2091797122552289136e-06	-7.3588331615842690039e-06	1.0247614078598587145e-06
8	-1	1	-1.8499106595029095942e-06	1.3312808764493771785e-06	-1.1222037438943841981e-05	3.951261309306337846e-06	3.5772478370794347723e-06	-6.6989857022886804293e-06
8	-1	2	-1.2873356530130942749e-06	6.2428049032571133254e-07	-5.9997046134741885539e-06	-1.2991454507466441858e-07	2.1494903053152823991e-06	-2.5620792338401774336e-06
8	-1	3	-8.8094439693068709649e-07	3.937822978136038298e-07	-3.4923950416860047008e-06	8.1093082541222120762e-08	1.1850533779198308315e-06	-1.0230550999892028348e-06
8	-1	4	5.4858349124521907288e-06	-2.4580836544010790129e-06	3.8673194668984049713e-06	-3.7674008859757940852e-06	-1.0004839958179780003e-05	3.974317087308209928e-06
8	-1	5	-1.3801496291460519224e-05	1.1154765737116112152e-05	-3.4397836916903995119e-06	6.9461453420950496128e-06	2.1394437327998751025e-05	-1.6458396110966771553e-05
8	-1	6	1.4390070105648887334e-05	-1.4981608602108860171e-05	-7.69097700865192903e-07	-5.1381644528933135597e-06	-1.9314943091009381806e-05	1.9119117393996261866e-05
8	-1	7	-6.5519822451117092272e-06	9.35727828475174573e-06	1.3577149679902638011e-06	6.7197521827996162448e-07	7.6819389898405632732e-06	-1.0598035865676286332e-05
8	-1	8	1.0430181263198198514e-06	-4.1699666384872686108e-06	-6.248168967855536241e-07	7.1369226294338615448e-07	-1.121120238418014028e-06	4.259178171355191761e-06
8	0	-8	1.5209077094190588627e-08	-4.1914073574917909459e-07	-2.169447249973431188e-07	5.4954088233125243645e-08	1.5209077094190588627e-08	-4.1914073574917909459e-07
8	0	-7	3.9564020944820163907e-07	1.2073754554297310282e-06	6.2818167203542115544e-09	-1.1010914445429890071e-06	4.5216023936937329423e-07	1.3798576633482639113e-06
8	0	-6	-1.2093034881069969465e-06	-1.7052932225986398806e-06	1.3332448560398955483e-06	4.5118168586132600083e-06	-1.6124046508093293325e-06	-2.2737242967981866487e-06
8	0	-5	7.9452566907055267693e-07	1.2552296769842293488e-06	-3.4775213756155734506e-06	-7.5476913155693210286e-06	1.2712410705128842831e-06	2.0083674831747670428e-06
8	0	-4	1.0759655583163906808e-06	-7.6567844907615979931e-07	-6.9073238767001742943e-07	3.3829969580907513496e-06	2.1519311166327813615e-06	-1.5313568981523195986e-06
8	0	-3	-1.1845924545792765183e-06	5.3274360567963445349e-07	1.8977684836081368158e-06	-7.5077223657515247413e-07	-3.1589132122114041899e-06	1.420649615145691876e-06
8	0	-2	3.110234352468044449e-07	-4.9047808942476260298e-07	-5.550374226531883897e-06	-3.236968328840859748e-06	1.2440937409872177796e-06	-1.9619123576990504119e-06
8	0	-1	-2.1354568122951562687e-07	3.988511372180287124e-07	1.3464947164113039956e-06	8.7368161058627934948e-07	-1.7083654498361250149e-06	3.1908090977442296992e-06
8	0	0	0	0	-2.8042898687343014091e-06	-9.3054511556710881596e-06	3.044616126187852728e-06	7.675910714363299385e-06
8	0	1	6.2983213116872332182e-07	1.5373636555233796137e-06	-6.9706083466905436194e-07	1.1216458493348585595e-05	-5.0386570493497865746e-06	-1.229890924418703691e-05
8	0	2	3.2777581100139806659e-07	7.484215341898848883e-08	8.5478159962236342019e-06	2.9275073321068653266e-06	-1.3111032440055922664e-06	-2.9936861367595395532e-07
8	0	3	-8.6991332623175264175e-07	-3.4671427483173479596e-07	-5.4288520180291489767e-06	8.5372116314346819825e-07	2.3197688699513402368e-06	9.2457139955129278924e-07
8	0	4	6.7550506709629906093e-07	-5.1197442190116973951e-06	-3.4805333011981146095e-06	-7.6791416195798467564e-06	-1.3510101341925981219e-06	1.023948843802339479e-05
8	0	5	4.0248087209050422783e-06	1.3486003305656913599e-05	7.9152219679071161721e-06	5.1378306940441684526e-06	-6.4396939534480667982e-06	-2.1577605289051062437e-05
8	0	6	-8.279907325294300237e-06	-1.5058127941520686727e-05	-7.3692346484621369459e-06	1.8023307773500219981e-06	1.1039876433725733085e-05	2.0077503922027581173e-05
8	0	7	7.6604756664416677524e-06	8.7045753029503693124e-06	1.7399066637800910721e-06	-2.3432653349416083114e-06	-8.754829333076191475e-06	-9.9480860605147075436e-06
8	0	8	-3.5501071535794422289e-06	-2.0957860726504317233e-06	5.0037198622068303023e-07	1.3849972620605157345e-06	3.5501071535794422289e-06	2.0957860726504317233e-06
8	1	-8	-4.1281364274897599772e-07	3.0329409872806023544e-07	1.4976285906896844721e-07	-3.7140462400461087221e-07	-3.9409328536535491204e-07	2.568685207274839095e-07
8	1	-7	1.0724581651046128804e-06	-1.3051733116548772498e-06	-7.1093683529668847585e-07	1.6293781263507739997e-06	1.124104069362887765e-06	-1.2588583381268918789e-06
8	1	-6	-1.8235379019480285947e-07	2.3227053355449837411e-06	2.2686318840668539923e-06	-4.9349556207162448399e-06	1.3496692708473854589e-07	2.2744478439406044638e-06
8	1	-5	2.8809883932787169975e-07	-1.4164229279318198371e-06	-2.46050076181206626e-06	5.1791367599675108201e-06	-3.1142009437818520477e-08	-1.2304493326974095754e-06
8	1	-4	-4.7596836502235758489e-07	-7.6167283561718915828e-07	1.5906454532473927962e-06	-5.9110124804510493108e-09	-5.5427536673286702365e-07	-1.5248234243544909625e-06
8	1	-3	1.127300106386080109e-06	1.7984221275710815967e-06	-1.3331969541692974963e-06	-1.6816246165968846975e-06	2.561734632306447439e-06	4.2352508013239228331e-06
8	1	-2	4.8807681863774879951e-07	-7.4459171647186035309e-08	-2.3195049222633766877e-06	-1.5232010084060956906e-06	7.9255481341930706595e-07	-1.0594371907917919865e-06
8	1	-1	3.4685928037126010522e-07	9.6044855882406767172e-07	-6.1715364899047934227e-07	-8.0473094662458634314e-06	2.1577205939796013936e-06	-3.6372099565332269293e-07
8	1	0	-2.5400167600313850151e-09	-2.8493105815140335164e-07	2.0320134080251080121e-08	2.2794484652112268131e-06	6.7005632749059646614e-06	-2.493672298092611763e-07
8	1	1	5.7034684392431004406e-07	-6.5915608708510873337e-07	7.4110634358975067904e-08	6.5377568618728052027e-06	-4.6368853857534555527e-06	-1.2645081651919349123e-06
8	1	2	1.6811109691045608883e-06	1.6007099577123071103e-07	6.0559905608503276673e-06	-6.3099173284298917732e-06	-9.7524391568434069631e-06	2.5146746811300231483e-06
8	1	3	9.7419915983504491138e-09	1.1599755176946073884e-06	3.6574895989061989273e-06	3.9278918583130998187e-06	-1.2451418438976675244e-06	-4.4025653332899863086e-06
8	1	4	-4.4215256498379706612e-06	-2.6544545892838365846e-06	-5.1550474588501235367e-06	-1.7918820757411089742e-07	1.0131813164388472207e-05	5.3537062304612009994e-06
8	1	5	1.167182659374750235e-05	2.5610605710908236817e-06	3.0377369757270470519e-06	-5.9431926794854730489e-06	-1.9282469945141411476e-05	-2.9090583778482233657e-06
8	1	6	-1.530867367299901084e-05	1.2754529845147976418e-06	3.715764541823181429e-06	7.6255403591186079668e-06	1.9792270807028151871e-05	-2.9715273725394981836e-06
8	1	7	8.5088478408278286609e-06	-3.2320835348536301981e-06	-4.3248254895115444818e-06	-3.2887338955727952138e-06	-9.1065653195872973453e-06	4.163628882057404894e-06
8	1	8	-2.3917619083566529736e-06	2.5233577535931350461e-06	1.8571535821175552034e-06	5.9578786453002747601e-07	2.1596177105919584143e-06	-2.5978312366593886262e-06
8	2	-8	3.5091113737645908714e-07	1.3220510672940487208e-07	-9.2754787692560514162e-07	-8.8700368479379002927e-08	1.1902416814505781497e-07	1.1003001460956012465e-07
8	2	-7	-1.0733470255044629331e-06	-1.3654643209958260899e-07	1.9254455571299401508e-06	-6.2943554808085855974e-07	-6.7655501282511753422e-07	-3.3589179327976827692e-07
8	2	-6	3.0930635209511323381e-06	-2.4040588152835507225e-07	-4.8043728548318974245e-06	1.4693669286697298482e-06	2.5226270763242105014e-06	1.6924780085210317759e-07
8	2	-5	-2.4000733034133189791e-06	1.232528031351548945e-06	4.0414979714417621163e-06	-1.4656296250725434934e-06	-2.2235180968846060282e-06	1.3857930001334607877e-06
8	2	-4	-1.5283347966581844715e-07	-5.8212269737608555694e-07	-1.6679681007577913189e-06	9.3004562997212893342e-07	-1.1396510097105326596e-06	-6.9922257976610664716e-07
8	2	-3	9.1003973694716876878e-07	1.9681307557386345621e-07	7.4217155753196709591e-07	-2.7130502530944317618e-07	2.9215536702137614474e-06	3.4396485132400713439e-07
8	2	-2	-4.3256107825314886873e-07	6.5019279394205473881e-07	-1.3756822119095733809e-06	1.4343407547270922879e-07	-3.1059265249221688558e-06	2.7442052512409279458e-06
8	2	-1	-1.1350816528887748178e-06	-1.2518465435127219432e-06	5.7937498501195039554e-06	2.5056585752964998308e-06	2.5068464771288106393e-06	-5.003455197508775037e-06
8	2	0	9.3202306643744048606e-08	4.6728762110033184351e-07	-3.7280922657497619442e-07	-1.8691504844013273741e-06	6.8218526394550785107e-07	1.5494971210513579206e-06
8	2	1	-8.4446931050346905414e-07	-1.4928055731534988009e-06	4.0268879803772222653e-06	7.0581102998816643219e-06	-1.2980214767266925209e-06	-2.1737760145353386602e-06
8	2	2	-1.8378318937057541757e-06	-1.5475214603836467703e-06	2.9387246234038504674e-06	2.1559563945727854758e-06	4.4126029514191662356e-06	4.0341294469618011817e-06
8	2	3	2.6591578292791080591e-06	-1.4748611276026927127e-06	1.9808086037459109e-06	-5.0961604815163683497e-07	-8.4116266139082284753e-06	4.2727070390416049827e-06
8	2	4	-4.3347018956249298662e-06	4.2909446716544623535e-06	-2.3325722790665595216e-07	8.7175204068147786551e-07	8.786032405203188754e-06	-9.0177653636496633751e-06
8	2	5	6.0167289348964569581e-06	-9.9202444222252403577e-06	-5.4286333230287210508e-06	3.2414953294871668754e-06	-7.4553129666228430515e-06	1.4575792943765517653e-05
8	2	6	-5.5000675931173688486e-06	1.2769018857017929314e-05	9.8972627692351753406e-06	-8.0454704735543917726e-06	4.0343358677447675316e-06	-1.434353498483910793e-05
8	2	7	1.2670673454473163859e-07	-5.0029714828430568629e-06	-3.8099734704606932298e-06	4.3633766338408367508e-06	9.4375615208050470392e-07	4.4710026564375403212e-06
8	2	8	9.4112130808565502158e-07	2.5135704511750342988e-06	1.6472070111127271691e-06	-2.6296990307412835022e-06	-1.3529230608638368138e-06	-1.8561456934897135291e-06
8	3	-8	-3.1396255482228819041e-07	-9.2392919121470651271e-07	9.9775353663788570241e-07	2.9239042740314220794e-06	6.0195021416918961233e-08	1.7253491154707671415e-07
8	3	-7	4.178868713799257464e-07	5.1494438679975909136e-07	-8.8761232636246648016e-07	-9.1102131306972146503e-07	9.7179713136000912159e-08	1.9807016502698690889e-07
8	3	-6	-1.04110217068066965e-06	-1.1227633623175485718e-06	2.7963848191866260426e-06	6.8971288019854819368e-07	1.0056182019086875954e-08	-1.1521613763241241753e-06
8	3	-5	1.4925085749674451169e-06	2.6978361527109597384e-06	-1.126723342317550025e-06	-3.5761436654178200179e-06	1.7119797145573821721e-06	2.1708516450868434012e-06
8	3	-4	-1.9356562414730686745e-06	-1.8174470659242022076e-06	2.7127022485142836641e-06	3.7008279771576412487e-06	-1.836785796560424601e-06	-8.5927314898017347878e-07
8	3	-3	7.2183914495185965589e-07	-4.6072394567508115856e-07	-6.9987867635262723325e-07	-1.0078422289759388542e-06	1.2250257101856653942e-06	-2.2364394174428220848e-06
8	3	-2	2.2956012295075328777e-07	3.6748095178663273622e-07	5.921703499472420636e-07	9.4393995215168703601e-07	1.8064960167238761935e-06	2.8858337353740612342e-06
8	3	-1	-3.0964370569988263003e-07	-2.7008546225261196712e-07	-6.5444438305225843221e-07	-1.8331491615279638955e-07	-4.4404827947558364427e-06	-2.7106284464792851173e-06
8	3	0	4.9886609997493328471e-07	-4.4600560444247823896e-09	-1.3303095999331554259e-06	1.1893482785132751385e-08	4.5040385117876661369e-06	-5.6888617399930553752e-07
8	3	1	1.5250362105425937077e-07	-1.3221204878517902046e-06	5.2186382997547703204e-07	2.2468305832753042434e-06	-2.7856204583605060623e-06	3.8364721529884080595e-06
8	3	2	-3.5790282885273865069e-07	3.1114775781637284661e-06	9.7880236648697846802e-07	-2.7507212687190816832e-06	-3.6592234319513072803e-08	-8.3198284095762928221e-06
8	3	3	-1.6881246434458054168e-06	-3.914379646915647085e-06	1.7333359750197000203e-06	1.8247135976973443954e-06	2.7683297408357810911e-06	8.6136321274110474783e-06
8	3	4	5.5302363616704275129e-06	5.501422644221354214e-06	-6.3957080121241719289e-06	-4.7973818734394584871e-07	-6.2636917142477258673e-06	-1.0643041647934749544e-05
8	3	5	-8.2241696147803486502e-06	-7.4047999024278097539e-06	7.5947879944639368571e-06	4.8585652244877042152e-06	8.6017985869701975895e-06	8.9325407091918730771e-06
8	3	6	6.5399913165932037576e-06	5.0332582534874748949e-06	-6.8980841193038160654e-06	-7.5687176183246103578e-06	-5.2709463624723632206e-06	-2.92665219548766163e-06
8	3	7	-3.4916543751993883233e-06	-1.7777091396183092245e-06	2.8074761834419757714e-06	3.4526160534723893067e-06	2.7872580644670259128e-06	5.5197499378990077894e-07
8	3	8	3.0298312953400450879e-06	-1.7555598342680157945e-06	-5.9672608775851903776e-06	-5.0533552378868832155e-06	-7.9210846624559848458e-07	3.6505680484755971062e-06
8	4	-8	-8.7926074490241143076e-07	9.5675523626333251365e-08	-1.0611088738697452805e-06	2.3112989744372901699e-06	-1.4098151818372839651e-06	1.2513250108449783363e-06
8	4	-7	1.6565966322273023595e-07	-6.0588935003405454179e-07	-1.005719113584918225e-07	1.0173736396439389864e-06	1.3185566576398209671e-07	-1.1108860595666864966e-07
8	4	-6	-2.0293408154051029077e-07	5.1862744069906974842e-07	-8.7308262032788815607e-07	-1.2558655376913899471e-06	-8.5263385560593908782e-07	-1.4574043752883358938e-07
8	4	-5	1.1256179236444884966e-06	7.7723680344399631434e-08	1.1860496252255729991e-07	-8.5735294964320223864e-07	1.8958726478492273074e-06	-5.6152447116352233826e-07
8	4	-4	-1.0986380383541568361e-06	4.7681082112782892473e-07	1.3352345769847444129e-06	1.0579334693479389349e-06	-8.6204149972356936523e-07	2.0115551116035967844e-06
8	4	-3	8.5955864307141515074e-07	-1.4775876846720664875e-06	-2.6949672264209100937e-06	1.3964362747906656173e-06	-1.3011332537041062485e-06	-2.0783187927379567593e-06
8	4	-2	6.8023491902130621392e-08	-6.2507280645257699541e-07	8.9700558483419127116e-07	6.2441266190797112667e-07	2.0661051372769051338e-06	-1.2514659019943657283e-06
8	4	-1	1.3501238494450799819e-07	-2.2909163590104632954e-07	-5.2524303988293287322e-07	1.2228869392273984098e-06	-1.0208730799756675073e-06	3.0588146697012230028e-06
8	4	0	2.0460648695213527223e-07	1.4204938194505113271e-06	-4.0921297390427054447e-07	-2.8409876389010226542e-06	-1.5333483411330677309e-06	-3.8404130731759981927e-06
8	4	1	-2.2233679141050189961e-06	-2.309960359423036416e-06	3.1881750351174724521e-06	3.8562361717107305757e-06	5.0342431723702613135e-06	3.0547381885413690253e-06
8	4	2	5.3831142910676860132e-06	9.5436089034658865334e-07	-6.4755352361193990399e-06	-1.1926367301553052519e-06	-8.5813866920319476671e-06	-1.4321701010757445331e-06
8	4	3	-7.3417028905025781565e-06	2.5089975622224785812e-06	6.192297576400741117e-06	-4.0206393221469104645e-06	1.1321477606139218567e-05	-1.3298077363973959501e-06
8	4	4	7.0304838165560648664e-06	-5.5865220488844431534e-06	-5.3983037065117427325e-06	8.456461578552201545e-06	-8.6626639266003861533e-06	2.7165825192166856089e-06
8	4	5	-5.5046340298717886256e-06	5.1469173775152108022e-06	5.5206475320076827738e-06	-8.7589841797484296415e-06	4.3908964221887160901e-06	-1.2278804602255928079e-06
8	4	6	3.9396431081071924793e-06	-3.8014059124085599807e-06	-7.0455050481532962602e-06	4.3753311392085097e-06	-5.5585411204072643423e-07	2.1516537904057401743e-06
8	4	7	-1.6105775669616564349e-06	2.239009150183055278e-06	3.9932776064593644222e-06	-1.8447025814823931383e-06	-4.4121284144917225512e-07	-1.5047518393621244504e-06
8	4	8	2.8972929068761989174e-06	2.557211703824370419e-07	2.4759160782305547105e-07	3.1300751320480732531e-07	-3.0210887107877267588e-06	-4.1222492698484070455e-07
8	5	-8	3.7147683914517211857e-06	-5.0268858686614387935e-06	-3.1670826089284833628e-06	-1.005334744491912657e-06	1.7353417608714190309e-06	-5.6552200839688843365e-06
8	5	-7	-4.260454816738926672e-06	-5.9854401124501873538e-07	7.0804363905118654834e-06	3.0747003727529424594e-06	1.8836334552113089116e-07	1.5121642534006518037e-06
8	5	-6	4.1652224647297194287e-07	-4.3576999910348512549e-07	-7.7820032645576146769e-07	6.2582422352764307533e-07	-9.3137276749171965908e-08	-5.9506479198277562637e-08
8	5	-5	3.392176820040862971e-07	7.5590797331566075371e-07	-2.2568599423313587086e-07	-1.7382825605973748505e-06	3.1706229697340218861e-07	-5.2882980329231766572e-07
8	5	-4	-9.115289641854734389e-07	4.7679235343778017309e-07	1.8126157121899315187e-06	-6.0126902584496813933e-07	4.4271171186646767936e-07	2.0199842456935017203e-07
8	5	-3	8.5725905064806420285e-07	-1.3898089986958259663e-06	-1.6071273301231008546e-06	2.4078679059272759764e-06	-3.9252141514366332063e-07	3.0695584668992380357e-07
8	5	-2	-7.9152535642488679731e-07	2.0228907583056419665e-06	8.1253623476222715416e-07	-2.9916114502444965941e-06	-1.1347608387939789862e-06	6.1253440761132627491e-07
8	5	-1	-3.1097068715410855428e-08	-1.3733800000253810577e-06	6.3772352145201016864e-07	2.074603943630019736e-06	2.9398410575367638939e-06	-6.1402028205294904103e-07
8	5	0	2.0771664503207877331e-06	6.643819908478833053e-07	-3.3234663205132602882e-06	-1.0630111853566134155e-06	-3.685495128865919475e-06	3.0212881131250539935e-06
8	5	1	-4.0775840773230256304e-06	2.7035685730386815266e-06	6.1318877432623038792e-06	-3.0968858392875053556e-06	1.9612339022726843765e-06	-6.1441193878719258583e-06
8	5	2	2.8703351646338783163e-06	-6.7571211373494993277e-06	-4.6949798749149670979e-06	8.0393111267913839045e-06	2.5610902875190432096e-07	6.9302067324195375494e-06
8	5	3	1.7401937821570068493e-06	7.9408540359215065035e-06	-2.1025024626018275209e-06	-9.542714906008132144e-06	-1.1363459814156391338e-06	-5.2710859191104612282e-06
8	5	4	-2.9785148240544793955e-06	-5.7742366271666110717e-06	5.3453007016720793397e-06	7.620858897081546865e-06	-7.2459622898114059535e-07	2.0223996329812891974e-06
8	5	5	3.9737245812396949495e-06	3.7086851868863365523e-06	-4.5278869155856948622e-06	-6.1121205397272095129e-06	-1.8300724143978170147e-06	1.7822424070907096577e-07
8	5	6	-1.9706744751527203422e-06	-2.1983798375498942262e-06	1.5453236823544695098e-06	3.4523231385092652592e-06	1.3397962315749027078e-06	5.4237167975471002997e-08
8	5	7	4.188025060468936314e-06	3.2802535023283424283e-06	-5.4036186233812831233e-06	-1.0281319208477422011e-05	-9.265867666921530876e-07	3.5949382891086243152e-06
8	5	8	1.147897886559893997e-05	-3.4374041945563419097e-06	-8.9852994959769802338e-06	-1.6164322491809081562e-05	-5.8631666806133266891e-06	1.3540105751937018733e-05
8	6	-8	4.7893444701351313938e-07	-4.478811772840599028e-07	-3.9713097855971625865e-07	8.4687681103392721283e-07	1.8108621309372590569e-07	1.8727643099138553329e-07
8	6	-7	3.4112065081968499765e-06	-1.3378006630486240302e-06	-2.9437065974404130643e-06	3.4253695713914042953e-06	1.3753446401331886542e-06	1.4071160177084905648e-06
8	6	-6	4.379021598180424972e-08	-4.0296033004072130327e-07	-3.3578861586860213476e-07	7.0973985697388365684e-07	-2.7740166122619646847e-07	1.7245941691958859463e-07
8	6	-5	6.1784349917069118697e-07	-2.9014031027791192252e-07	-8.3959695358346566121e-07	-1.3323486696233467711e-07	-1.8966745627052867822e-08	-6.2410633679946070974e-07
8	6	-4	1.0749077310061924556e-07	1.4521368019755833471e-06	7.0043357997665942049e-07	-1.2263830952286463842e-06	1.2656319161662276218e-06	1.0646989611081971178e-06
8	6	-3	-1.8841083973723016422e-06	-1.7271076360871667966e-06	1.1074393988542398831e-06	2.2940062155921355014e-06	-2.8094102619509918443e-06	-1.7607931714840554218e-08
8	6	-2	2.5499400496140423946e-06	3.327259966341117571e-07	-2.5440749763707943778e-06	-1.537781434974558744e-06	2.5675352693437864448e-06	-3.2824403183872296271e-06
8	6	-1	-1.0483078616001711418e-06	1.2476302315214492581e-08	1.4405653451074420959e-06	5.2732391299113351682e-07	2.5692917784328423501e-07	3.2637538964685172533e-06
8	6	0	-9.9371375780075330921e-08	-1.779759767401895268e-06	1.3249516770676711672e-07	2.3730130232025271651e-06	-1.2349629420542641799e-06	-1.3451362642042152895e-06
8	6	1	2.0236560436392541733e-06	4.5757000179836954001e-06	-2.4822850429146127193e-06	-6.3636633682469234945e-06	-1.2955380916263574944e-06	1.5763800656119752251e-06
8	6	2	-5.3973747216074550537e-06	-4.2557710689672274062e-06	6.6317689852428301738e-06	6.9154526316789400163e-06	1.6941919307013307521e-06	-3.7232736191679095773e-06
8	6	3	4.8352249831240441487e-06	-6.2095537484086313027e-07	-6.5763449840312721966e-06	-9.7138071785645212617e-07	2.5875667973176022597e-07	3.5986424352885396899e-06
8	6	4	-3.6499696916444824384e-06	2.7132596646375626887e-06	5.4269248683663236205e-06	-1.5761441459631075679e-06	-8.4044791926052118918e-07	-3.0623031103304639196e-06
8	6	5	1.9489653662471729354e-06	-1.9485303689664985833e-06	-2.7720403920256573473e-06	1.234399213941096796e-06	2.0810388443531201417e-07	1.636369533617081324e-06
8	6	6	-2.3458039633986811807e-06	1.3914958781288648554e-06	4.017812921780816634e-06	-1.751897707015921312e-07	-8.9007430391590860478e-07	-1.6801380668035609211e-06
8	6	7	-1.5334986502632845086e-06	3.5200595529717557948e-06	1.1436101398291698521e-05	-3.8781722196589972517e-06	-8.0498027410919878655e-06	-6.9877758654572341521e-07
8	6	8	-4.4176830946324059652e-07	1.7464626503613344754e-06	7.7876666092467615493e-07	-3.277643546276711435e-07	-1.4230668623026651968e-07	-1.5006393843905810913e-06
8	7	-8	3.437291286045252361e-06	-1.9928665258212043959e-06	-2.6172821176699375729e-06	-5.9240280864196897645e-07	1.1471694330840569847e-06	-2.5112189833829272106e-06
8	7	-7	-8.4210054219184990269e-07	-4.9603286259815019058e-07	1.2775706037002769069e-06	7.638343875269513826e-07	3.1516998405244852233e-07	1.9693968741477969084e-07
8	7	-6	-1.5760335974842170086e-06	-8.6237352711965239841e-07	-3.0226453653049346129e-06	-1.6229137595718408321e-06	-5.6277977228347134128e-06	-3.0432307556600176079e-06
8	7	-5	1.9194942895580523431e-06	7.5136192248072958865e-07	-4.930188151277125186e-06	-1.5373416574111854764e-06	-3.8310725484950911726e-06	-9.5009924440649219811e-07
8	7	-4	5.5055026601897340763e-07	-2.5596817277467464959e-07	-1.7495379558469158727e-07	-1.7715820056961124874e-07	7.9493138976473643828e-07	-8.2196319654616899771e-07
8	7	-3	-4.3001638388413991584e-07	7.4937646201106863746e-07	4.289671575229080801e-07	-2.2143132423024081673e-07	-1.4578698947092095729e-07	1.481664142158954505e-06
8	7	-2	-2.3156543642491824961e-07	-1.1210989317145802747e-06	-1.6588735353930163419e-07	7.4444879079698915927e-07	-1.5068674830872287446e-06	-1.8788249590688590414e-06
8	7	-1	1.2678807269506070059e-06	6.068574845331220088e-07	-9.7262912752736536439e-07	-6.1445457391166480856e-07	3.334641922913297226e-06	5.5367785888332230461e-07
8	7	0	-1.8134651854516626398e-06	-6.9036510640661582595e-08	2.072531640516185753e-06	7.8898869303613241033e-08	-3.2749513576384862683e-06	-1.5240243939531897321e-08
8	7	1	2.1141849490672200604e-06	-1.3082477905256940138e-06	-2.9087632905606570682e-06	1.3891567157048398073e-06	3.4478634413868402644e-06	7.4188531427167293013e-07
8	7	2	-7.0963292150341692315e-07	1.7028387814965451053e-06	1.7810020511436238613e-06	-1.6738428438846300414e-06	-3.3949754929890161396e-06	-9.5290517238997495869e-07
8	7	3	-5.3681345553062238706e-08	-2.1628118418494507334e-06	-1.0317650063518690502e-06	2.2583443116633851457e-06	2.5506019362958605791e-06	4.9802818438396987868e-07
8	7	4	1.2639276924113936932e-06	1.8201540169513249503e-06	-2.5959335988994672588e-07	-1.9942420333802748181e-06	-2.0735670050153804177e-06	-1.5038447548716931319e-07
8	7	5	-8.3560638153089087374e-06	-6.0675786973348230763e-06	2.248592168915695896e-06	8.0657461781982973259e-06	1.0221673068012278624e-05	-1.58391873374189908e-06
8	7	6	-4.235558452559397711e-06	-3.3413547836014614516e-06	-5.271372332412045161e-06	7.5606105588781534162e-06	1.1797345657893249212e-05	-4.3655726072225642815e-06
8	7	7	1.4702145096826398719e-06	2.173527256915363155e-07	-5.0770696230735668055e-07	-2.1886673846005338229e-06	-1.1725381916156603311e-06	1.9402642695244922892e-06
8	7	8	-1.0265480377257476927e-06	1.6975843524110306213e-06	6.2164070397017857649e-07	-3.4499679108243225751e-06	4.8261242175184137209e-07	1.3211375695602516848e-06
8	8	-8	-7.777540041772724815e-06	1.7834373175936453872e-05	6.1906932462645346315e-05	-1.7016727264434371907e-05	5.4129392420872614723e-05	8.1764591150208143599e-07
8	8	-7	-4.9690662978644797347e-06	-8.3839514047609879654e-06	-1.4131061106118756402e-06	-5.5740101205595141647e-06	-7.2939113239729768453e-06	-1.5951956028937717204e-05
8	8	-6	1.6701429613017874557e-06	1.0979216527005124313e-06	2.513044796579896215e-07	-1.1406384194508183149e-06	2.5619299212797025579e-06	-5.6955689000407668417e-08
8	8	-5	1.7104782990419011563e-06	3.679296537958693604e-06	-3.012700230562961137e-06	-1.8501600647519355646e-06	-2.083555090433696308e-06	2.9266183571308124394e-06
8	8	-4	6.0509691150528284371e-07	2.2658822618155231702e-07	-4.977909272021812988e-07	1.0519110721469578588e-06	2.1461196860620314277e-07	2.5569985966570199812e-06
8	8	-3	7.0680642220091701429e-07	9.3213026935512273795e-07	9.8507922891097200606e-07	6.0039053342037659462e-07	4.5116950696317037719e-06	4.0867221407346651692e-06
8	8	-2	-5.065612407447988789e-07	9.9374701800028880884e-08	2.0017195705346281734e-07	5.2160399504774365895e-08	-1.2255571347653443521e-06	6.0614040521921301359e-07
8	8	-1	1.968193237741933986e-07	-6.0051157566759406422e-07	-1.1618360065192680397e-07	4.8351247648187519239e-07	6.4508578497813275701e-07	-9.3599279348575129225e-07
8	8	0	2.2073049477797581736e-07	8.8598380105506324996e-07	-2.2073049477797581736e-07	-8.8598380105506324996e-07	-8.7879895660558999656e-07	9.3532491507916510414e-07
8	8	1	-8.0603253411153142786e-07	-6.1019248943700564791e-07	6.3691592986235330265e-07	7.8946367093138371915e-07	1.3529328339934250017e-06	-1.4341694519550247817e-06
8	8	2	1.1088615869964847909e-06	3.9421456970350293459e-07	-8.2266257894753855864e-07	-8.5361689235680759163e-07	-1.1447960321957845054e-06	1.8376092906132184164e-06
8	8	3	-1.2548190407600317258e-06	3.6706779618291438821e-06	1.2222553183474093429e-06	-1.1086087240768785656e-06	8.68365931003262926e-08	-6.8321846340060414087e-06
8	8	4	9.58671559585847676e-07	1.3431209796151000567e-07	3.316153321252607759e-07	1.4136489008024119293e-06	-2.5805737834222169038e-06	-3.0959219975278441875e-06
8	8	5	6.0232043592068399654e-06	-1.2333142076484070307e-05	-5.9985907800041001221e-06	8.9105536089679377202e-06	-3.9381726724383602403e-08	5.476141548025812816e-06
8	8	6	4.5520858033840977463e-07	-7.2447647018455608403e-07	-5.1668059783147939747e-07	1.3224560661382956198e-07	8.19626899907595633e-08	7.8964115142763539802e-07
8	8	7	6.9833758015068701436e-06	-2.3561697732183086916e-06	9.8441249965770961979e-07	2.171238581298631782e-06	-9.1060437727595197296e-06	2.1134993362248789288e-07
8	8	8	-7.1310504378677944627e-06	-1.7691745315285722538e-05	-3.2671663226687883402e-05	5.9559280706201754844e-07	3.9802713664555677017e-05	1.7096152508223704777e-05
