# exact-gradient local quartic closure adversary; cutoff=6; objective=projective-palinstrophy-normalization-ratio; selection=double-triple-remainder-without-123; backend=direct; objective_value=1.64459e-07; constant_ratio=0; candidate_lemma_proved=false
kx	ky	kz	ux_re	ux_im	uy_re	uy_im	uz_re	uz_im
-6	-6	-6	-8.9719964877886231357e-07	-2.1788895644754425625e-07	-7.7927651308622152597e-07	4.4745067231402672074e-07	1.6764761618650838395e-06	-2.2956171586648246449e-07
-6	-6	-5	3.8922228054003443112e-07	2.8720363345413049516e-07	2.8319164779660925683e-08	1.1942815848005324264e-07	-5.0104973438363439508e-07	-4.8795815032102045359e-07
-6	-6	-4	-1.6165084225191340068e-07	5.9896695465585696039e-07	1.857573390335721236e-07	-1.0808019114465128759e-07	-3.6159745172488077754e-08	-7.3633014526680852244e-07
-6	-6	-3	-2.7476793901495496839e-08	-1.855552188955963037e-07	4.3636421307493013006e-07	1.9724500754741207806e-07	-8.1777483834686933261e-07	-2.3379577303631515621e-08
-6	-6	-2	-2.3024217630882562629e-07	9.3631768243083686807e-07	1.5021202026515653228e-07	-6.2266521766119520618e-07	2.4009046813100722909e-07	-9.4095739430892519742e-07
-6	-6	-1	-2.9408679094252792891e-07	-9.7347551952921104817e-07	3.8338038831603997063e-07	1.0380400515025304293e-06	-5.3576158424107214443e-07	-3.8738719183991644568e-07
-6	-6	0	6.8682049340039220303e-07	5.5226941010528649835e-07	-6.8682049340039220303e-07	-5.5226941010528649835e-07	1.5165380848618470084e-06	-6.1971651560225684076e-08
-6	-6	1	-1.2991170696630063682e-07	1.062460640833646033e-07	1.5859862924596593416e-07	1.4184832326091600012e-07	1.7212153367799167817e-07	1.488566324065683647e-06
-6	-6	2	5.5215142805410769332e-07	-3.2779402681079030526e-07	-4.884833526435194384e-07	4.2366415488575013893e-07	1.9100422623176455301e-07	2.8761038422487950099e-07
-6	-6	3	3.891342993288001592e-07	3.766175552392614148e-07	-2.916729663542277257e-07	8.8181487948527777152e-08	1.9492266594914486701e-07	9.2959808637557833097e-07
-6	-6	4	-6.1683542230032953367e-07	1.9363404679816780853e-07	-3.0039558318834199257e-07	-8.2282924584790089565e-08	-1.3758465082330072894e-06	1.6702668332006658506e-07
-6	-6	5	5.9111741572001984898e-08	-3.3367582684942725168e-07	4.4311549549874467583e-07	2.0064540903806435938e-08	6.0267268448489595317e-07	-3.763335431347450186e-07
-6	-6	6	1.2332337507882299448e-06	1.3755938233618711585e-07	-1.9707224715262174426e-06	1.1284785084685142965e-06	-7.3748872073798739194e-07	1.2660378908047014653e-06
-6	-5	-6	-4.9252732065898564731e-07	9.0483974980196429351e-08	4.195730342222907593e-07	-1.4410502243852558582e-07	1.4288312547374330377e-07	2.9603543718574883341e-08
-6	-5	-5	6.5791666167036947137e-07	1.1130472513130669356e-06	9.314524521892158778e-08	-4.299694782144887969e-07	-8.8264523922336493755e-07	-9.0568722336119146229e-07
-6	-5	-4	1.8615988562037841888e-07	8.920352700689877963e-08	-1.1703440829838205831e-07	-1.5201931063167288064e-07	-1.329468180575900422e-07	5.6218847779242937971e-08
-6	-5	-3	-1.191957072289945698e-08	5.6768111771599926688e-08	-2.8619809861461709657e-08	1.5072839389242043449e-07	7.153882454823510003e-08	-3.6475021336390055988e-07
-6	-5	-2	-2.8415727114657002371e-07	4.4143246168339512516e-08	4.3017086962557255254e-07	9.1278681992374669449e-08	-2.2295536062422131023e-07	-3.6062644348595522441e-07
-6	-5	-1	-4.9692921916422116231e-08	-2.2809434536044058859e-07	7.6313076685124889915e-08	-5.3701762358474239949e-08	-8.3407851927091791896e-08	1.6370748839550148371e-06
-6	-5	0	1.2528754092034151231e-06	-4.7525975141956440854e-07	-1.50345049104409819e-06	5.703117017034773326e-07	1.0601664835193325201e-06	-6.0095478147660386317e-07
-6	-5	1	-1.4966440420472512943e-07	5.3686014187938361011e-07	2.0129975672407859515e-07	-6.6670807621465241727e-07	1.0851235839204215947e-07	-1.1237952979696039923e-07
-6	-5	2	-1.0104222530126889486e-08	-1.7115918408580669741e-07	2.1016580199137394928e-07	3.3400770496332574725e-07	4.9510183738805419482e-07	3.2154171015089427588e-07
-6	-5	3	1.4802485902758375538e-07	-2.1890331315159352163e-07	-4.5181463115900156826e-07	2.7363720335454244735e-07	-4.5697466720983513831e-07	1.825537928771701359e-08
-6	-5	4	1.3245277463532651414e-07	-5.2150100800154261396e-07	-3.5464583012382896764e-08	3.7602436483464011697e-07	1.5434843318751116018e-07	-3.122210559590137615e-07
-6	-5	5	1.7550702422223684723e-07	1.9259660751671345657e-06	-4.9059293264452727078e-07	-1.0345252348278138319e-06	-2.7998450357784299058e-07	1.2766340553727473928e-06
-6	-5	6	-7.3666303770190691336e-07	-1.153813550026685237e-06	7.1378846023628567715e-07	8.0075237567533508704e-07	-1.4183932083833550691e-07	-4.8651990363057273505e-07
-6	-4	-6	7.6736249859554975787e-08	-3.2959865974450939556e-07	3.2302656933925384406e-07	1.1294065101041109825e-06	-2.920872960857241831e-07	-4.2333901365823131238e-07
-6	-4	-5	2.4510839632464571315e-07	1.8347044819534323954e-07	-3.4097343212749886419e-07	-1.2983790647119413594e-07	-2.1351329887575771704e-08	-1.1629421265745655487e-07
-6	-4	-4	2.233115409119974167e-07	-2.386185394379725693e-07	7.3100738447834554402e-08	3.5598289603922536656e-07	-4.0806804981583067945e-07	1.9449131177334919303e-09
-6	-4	-3	3.6739412848395608798e-07	8.505779580954513898e-08	2.301163356119056719e-07	-3.35308424013556501e-07	-1.0416100377837864757e-06	2.7696230706565174102e-07
-6	-4	-2	-7.7654501468029209698e-07	8.0339269001004757098e-07	-4.2775635769183653352e-07	-2.5345534253858143797e-07	3.185147759424549358e-06	-1.9032673849529799429e-06
-6	-4	-1	4.3589649110991444498e-08	2.5577631117002785707e-06	1.1631894984674380509e-06	-3.9835350401496022262e-06	-4.9142958885357009236e-06	5.8756149039673928088e-07
-6	-4	0	9.5982863057775650743e-07	-1.3651028850721757282e-06	-1.4397429458666347611e-06	2.0476543276082635923e-06	2.4773783639924480269e-07	8.8943611013381482067e-07
-6	-4	1	-2.062480856488038955e-06	-1.935022617833523502e-06	3.1293358670865803509e-06	3.3151281350169236367e-06	1.4245832941808738271e-07	1.6503768330665524757e-06
-6	-4	2	1.0917435070533387204e-07	8.8608047904468047964e-08	-8.724781489806811342e-07	-1.6130833052307027247e-06	-1.4174332458453606655e-06	-2.9603424667480016099e-06
-6	-4	3	-1.613507863572746504e-07	5.5898439426825053447e-09	-5.0416445430596459908e-07	5.1356604027145319535e-07	-9.9492084512250204664e-07	6.9593440824730255927e-07
-6	-4	4	-4.709329506540461679e-08	-2.2561849411674438824e-08	-8.2636778916756607358e-07	-1.4441350025708516489e-07	-8.9700773176567303516e-07	-1.7825627437459681982e-07
-6	-4	5	-5.1976827615702965923e-08	-7.3575207082353683433e-08	-1.7204956964723656961e-07	-8.5762413473219413958e-08	-2.000118488566328042e-07	-1.5690017927739995129e-07
-6	-4	6	6.5192591654250503847e-08	-6.1656635234450796332e-07	1.6072070517942264778e-06	-3.3653724131246216118e-08	1.136663959517068169e-06	-6.3900216843200540544e-07
-6	-3	-6	4.5471510632438745977e-08	-2.1171787076490701025e-07	1.512690859329346018e-07	4.4035854619340406541e-07	-1.2110605359890606011e-07	-8.4614023317950241147e-09
-6	-3	-5	1.669935013458017924e-07	6.6369241893503481895e-09	-3.0759766051074398948e-07	-1.4210158083905500462e-07	-1.5833605308515751235e-08	7.7296639476212598179e-08
-6	-3	-4	-2.2808366297334844038e-07	2.9852184310580210872e-07	1.8939427125977849478e-06	5.494435990123595418e-07	-1.0783315399883159973e-06	-8.5986546391797289884e-07
-6	-3	-3	2.978790188077759174e-08	1.1138555402141251816e-06	1.0479867181774845925e-07	-4.7565158533275365464e-06	-1.6437447557930363611e-07	2.5288047728992861831e-06
-6	-3	-2	9.9715477687566342103e-08	2.5313398617544058507e-07	-5.0379404245519298142e-06	-2.8814470830848569687e-08	7.2577642037651952185e-06	-7.1618025228004895692e-07
-6	-3	-1	1.9455679848097015084e-08	1.3028365533753067213e-06	1.8411372045338559648e-06	-5.1344876019690259677e-06	-5.6401456926901503223e-06	7.5864434856552367283e-06
-6	-3	0	2.4599476834670677453e-06	-6.6394554730297463869e-07	-4.9198953669341354906e-06	1.3278910946059492774e-06	-1.7656634362103913569e-06	-2.4603696181500496551e-06
-6	-3	1	-3.551495035310992058e-06	-2.3979092287110032297e-06	9.654717571684075212e-06	3.8689455097753139726e-06	7.6551825031862766758e-06	-2.7806188429400783071e-06
-6	-3	2	1.4061646829586519613e-06	-5.0362768218538202743e-07	-8.5661567728075897272e-06	1.3985734122628704796e-06	-8.6307411103354289187e-06	5.8697707183815953125e-07
-6	-3	3	-8.2178535319849140436e-07	-7.0940151135819955429e-07	5.4880347438943153274e-06	1.9759092189908504448e-06	3.8444640374973329422e-06	5.571061962744512303e-07
-6	-3	4	2.231349620614088435e-07	-5.5297005750553716474e-07	-4.876976306972974127e-07	-9.3115149859351673164e-07	-3.107077993085976781e-08	-1.5278187102034432429e-06
-6	-3	5	-8.2642108406218844363e-08	2.2196115599329566298e-08	-5.9425525968736319641e-07	-3.5825069215215850125e-07	-4.5572368589988053108e-07	-1.8831507657209961855e-07
-6	-3	6	7.3552929436064243809e-07	4.7906887867241421409e-07	-1.6309696343479114724e-06	-1.9147401442227306996e-06	-7.9955522813313324562e-08	-4.7830119343895113569e-07
-6	-2	-6	-8.6415343325917141364e-07	-7.1160719902247449192e-07	1.379763413140690539e-06	-5.9480504509649239448e-07	4.0423229554560788299e-07	9.0987554738797188616e-07
-6	-2	-5	-2.2892855929075646e-07	3.2108361295513175565e-07	-2.8176061975743917404e-07	2.4582288615633861846e-07	3.8741851905188345338e-07	-4.8362949000869346946e-07
-6	-2	-4	-3.0199879207165167151e-07	-6.3138980820866612599e-07	-5.9172106495559965056e-07	5.4068897421139472281e-06	7.4885872058527733255e-07	-1.7563601587439743721e-06
-6	-2	-3	1.5934376882528427071e-06	4.6732949932369472499e-07	-9.3039495016960597781e-07	-6.9115052357750362654e-06	-2.5666120763926149034e-06	3.6730111585359679897e-06
-6	-2	-2	1.324781857762379781e-06	-1.8087247520365403052e-06	4.4503948072629724922e-06	-3.9132658645736227024e-06	-8.4247403805501126821e-06	9.3394401206832436179e-06
-6	-2	-1	-6.1381557075833334843e-07	3.5868523026851186817e-06	3.970718566053235765e-06	-1.5822419703416488978e-06	-4.2585437075564712276e-06	-1.8356629875427415142e-05
-6	-2	0	-7.2697654360623452527e-07	-7.4493549876658488637e-06	2.1809296308187037876e-06	2.2348064962997546591e-05	3.9128880386374555937e-05	1.8720666917172139462e-05
-6	-2	1	-1.0851555606578290254e-06	1.8118647741335104774e-06	7.9207755047053511366e-06	-2.6909835834896345951e-06	9.3306176454637306618e-06	5.489221477821794521e-06
-6	-2	2	-2.3025149775492467e-07	3.7888580810361735293e-06	5.5463995158857525128e-06	-1.6661044680571248862e-06	4.8556450226209782646e-06	9.7004697750513944313e-06
-6	-2	3	4.4043689814894742419e-07	-3.2807941048373024408e-06	-1.2546991121635707312e-06	1.012342349615236601e-05	4.4407721522181091552e-08	1.8736078776030572116e-07
-6	-2	4	-3.4180290539194703256e-07	-7.3863675644588231263e-07	2.8727389776845672389e-07	-4.4899297616268888506e-08	-3.690674092036921869e-07	-1.1304047834769577908e-06
-6	-2	5	3.3017791474437357248e-07	-9.4655715527584141773e-08	-8.6622103613550730812e-07	1.9662568197057377212e-07	4.9725083239045357114e-08	-3.4936585844871465248e-08
-6	-2	6	7.1669468676292964189e-08	6.7687645000487461849e-07	1.6451053258101365368e-07	-5.6376621304467511066e-07	1.2650631286996419532e-07	4.8895437898998298553e-07
-6	-1	-6	-4.1217704226208553883e-07	-7.6109414611890738442e-07	3.1630652555941282386e-08	1.3141397627707532601e-06	4.0690526683609527878e-07	5.4207085232378184108e-07
-6	-1	-5	2.9028198543860009566e-07	3.4462089387695495021e-07	-5.8276734227230612681e-07	6.7829618704514036221e-07	-2.3178491407185890002e-07	-5.4920431006137403387e-07
-6	-1	-4	5.5343085964783916612e-07	1.3426053959760204489e-06	-2.343156716189145499e-07	-8.3985651346862564464e-07	-7.7156737156703017787e-07	-1.8039439655968741827e-06
-6	-1	-3	1.1748780336171310606e-06	-2.0686924868163291102e-06	9.2947657630586247757e-06	9.0034182070067133026e-07	-5.4480113215871370463e-06	3.8372710333991006868e-06
-6	-1	-2	1.5019876474821910341e-06	2.0311560938881267506e-06	-2.3706307024359492217e-06	8.030663900698643739e-06	-3.3206475912285984915e-06	-1.0108800232013702121e-05
-6	-1	-1	-2.6135523191104295863e-06	-1.9824646018219572709e-06	-4.8607624545591599844e-06	6.0000944676513783888e-06	2.0542076369221738349e-05	5.8946931432803652365e-06
-6	-1	0	-1.7454741923203133397e-05	-1.8461339254398802223e-06	0.00010472845153921880716	1.107680355263928091e-05	-5.0242263294309251833e-05	6.5249996539126016695e-07
-6	-1	1	1.134784317816979002e-05	5.4699488078470884759e-06	-2.4779946969651641222e-05	-1.6723144887880568582e-05	4.3307112099367092121e-05	1.6096547959201962274e-05
-6	-1	2	-3.465089227723745253e-06	-3.8059530503088766092e-07	5.6610860123484646665e-06	2.8166645251867517336e-06	-7.5647246769970034256e-06	2.6654634750071283109e-07
-6	-1	3	-2.8908860800178847189e-06	2.7414042457887681617e-07	-2.5638067849170473806e-07	1.0914237454886500619e-05	-5.8672323861996709466e-06	4.1863600007865869955e-06
-6	-1	4	-1.548404631940528906e-06	-8.4397267403403597246e-07	-4.191999258660974019e-06	-5.8949723074229946112e-06	-3.3706067625760371814e-06	-2.7397020879068028233e-06
-6	-1	5	-5.8758182701162354991e-07	2.9992619270907633722e-07	-6.4539370261360953298e-07	3.3733858056387974507e-07	-8.3417693293667016648e-07	4.2737914736366754309e-07
-6	-1	6	1.8128900395368830576e-07	-1.325960793249822694e-06	1.1487530477816550813e-06	-1.6238705284667268582e-06	3.7274784525063081931e-07	-1.5966058813276104684e-06
-6	0	-6	2.6432666460997585517e-07	-2.4217459697623305316e-07	-2.3912210122298068007e-08	1.672271135867645831e-07	-2.6432666460997585517e-07	2.4217459697623305316e-07
-6	0	-5	7.2409950542978524191e-07	-4.520238650889934487e-07	-2.6563945184356620887e-07	5.8822651776533724014e-07	-8.6891940651574231147e-07	5.4242863810679211726e-07
-6	0	-4	1.0810326430441387196e-06	-9.1684180888494528519e-08	-2.1765478867398829611e-06	3.0654190063026758187e-07	-1.6215489645662080794e-06	1.3752627133274179278e-07
-6	0	-3	3.0347190035069711779e-06	1.2438720988256975315e-06	8.0882350493795684835e-06	-1.3526389774243074063e-06	-6.0694380070139423557e-06	-2.4877441976513950629e-06
-6	0	-2	4.0413610980153246108e-06	1.1786057679896751256e-05	-9.3014904304740360824e-06	-5.3232526893934596534e-06	-1.2124083294045972985e-05	-3.5358173039690252073e-05
-6	0	-1	5.154534141375347212e-07	3.7941454531223334154e-07	6.3861670663160547938e-06	3.5330031817577485281e-05	-3.0927204848252081154e-06	-2.2764872718734000493e-06
-6	0	0	0	-0	7.3754351109125347542e-05	-0.00010437614323534097848	2.5361004058348129747e-05	7.2452231664043846123e-06
-6	0	1	1.2080322652642860941e-06	9.1911597401239762407e-06	4.1622373159412009904e-05	2.6593795690617290144e-06	7.2481935915857161412e-06	5.5146958440743860832e-05
-6	0	2	6.7087152437043859863e-06	5.7539122043292636159e-06	7.0970549399688620228e-06	-8.2989537350268188283e-06	2.0126145731113157959e-05	1.7261736612987792542e-05
-6	0	3	-4.6776716867062663533e-06	2.7090556692751248237e-06	1.8724198259502501399e-06	-6.1417527863160498533e-06	-9.3553433734125327067e-06	5.4181113385502496473e-06
-6	0	4	1.3011584316825336551e-06	-4.0042178984032139906e-06	-2.2839748479621328562e-06	-4.8348747485318070484e-07	1.9517376475238002709e-06	-6.0063268476048205623e-06
-6	0	5	6.7788014644026960023e-07	-5.2213608050141347155e-08	-1.6789056181438056833e-07	5.7822680265732676646e-08	8.1345617572832358381e-07	-6.2656329660169621881e-08
-6	0	6	6.9848071977061739936e-08	8.0961133208188052697e-07	-3.2520818191807641056e-07	1.1675916595618845708e-06	6.9848071977061739936e-08	8.0961133208188052697e-07
-6	1	-6	1.3781263571791864712e-07	-2.7979206453011902651e-08	2.308934000648786442e-07	-2.0197521604495468721e-06	-9.9330402373772219655e-08	-3.0864615362191257603e-07
-6	1	-5	5.8332972176207047699e-07	1.1269726192954682367e-06	-4.9607865244493264252e-08	-3.5539541468121084903e-07	-7.0991723916338316304e-07	-1.4234462260908040221e-06
-6	1	-4	-1.5712930553705576456e-06	-2.0124615678292205086e-06	3.5792070601952543909e-06	1.7876408315412818287e-06	3.2517413481046498543e-06	3.4656025596291510612e-06
-6	1	-3	1.4963937946981140924e-06	5.6898921950249435313e-06	-1.6079537780891277072e-05	1.5744401263398162667e-06	-8.3526335163599876323e-06	-1.0854971014603282629e-05
-6	1	-2	2.7981507733622287667e-06	-8.8341002514423324672e-06	6.3137806077354821684e-06	3.0280141490827005214e-06	-5.2375620162189452159e-06	2.8016307828868346604e-05
-6	1	-1	6.430799422579926329e-06	7.297912734884001559e-06	1.6922963081045399084e-05	3.0104152442639388511e-05	-2.1661833454434155502e-05	-1.3683323966664619149e-05
-6	1	0	1.7089201889057712775e-05	8.5088565387190772537e-06	0.00010253521133434626987	5.1053139232314460134e-05	-9.0811232115491735917e-06	4.9210461173663577171e-07
-6	1	1	8.0457449819862211164e-06	-4.1739135451262996795e-06	2.0197155802910791566e-05	-9.3959177090348908537e-06	2.8077314089006535133e-05	-1.5647563561722907223e-05
-6	1	2	-5.6363427246197601499e-07	5.9622323765531734838e-06	-8.1831958645328827073e-08	1.9855236502781168225e-06	-1.649986838063263605e-06	1.6893935304520460558e-05
-6	1	3	-5.743592848639979181e-07	-4.9228059136102771448e-07	-4.8989374972268377313e-06	5.3853923742943700018e-06	4.8426059601428337228e-07	-2.7796919741535121668e-06
-6	1	4	8.5333230717953629237e-07	-1.7073999004066824454e-07	2.2258695442944966262e-06	-1.46765767728184327e-06	7.2353107469568033494e-07	1.1080443425945845071e-07
-6	1	5	8.8434332933545479463e-07	-6.3366026699167582346e-07	-1.7834817683564788458e-08	4.1349196075151451904e-07	1.064778958739258872e-06	-8.4309071254031395548e-07
-6	1	6	-2.8062853242863894589e-08	2.821946252031265571e-07	1.2554254145297106353e-06	9.7003211611288520345e-07	-2.3730042233114899605e-07	1.2052260585097900555e-07
-6	2	-6	5.7971348812041986278e-07	-1.3652276389503069741e-06	1.9624049328273467834e-06	-3.2692405922734381644e-06	7.4421489488695687568e-08	2.7548077485916095461e-07
-6	2	-5	2.3681276455717351667e-07	4.9996388645265668206e-10	1.922682054645789243e-07	3.385341479928391967e-07	-2.0726803528277667675e-07	1.3481370253339248541e-07
-6	2	-4	-6.1900028395705690717e-07	-5.1687772684417555096e-07	1.5080408507367860596e-06	3.9675487246957737791e-07	1.6825208513039784435e-06	9.7369402650105198893e-07
-6	2	-3	7.1105680298179669204e-07	-1.028461777899757704e-06	-5.9295032881870441511e-06	-8.1837134149444170137e-06	-5.3751157980882899789e-06	-3.3988853874967626011e-06
-6	2	-2	-3.8305983210833763716e-06	6.2566043864429672914e-07	-1.3757169646793778481e-07	2.5288361822545295878e-06	1.1354223266782190006e-05	6.5185486632163950622e-07
-6	2	-1	-3.1112116009731905687e-06	-1.8869978511623497819e-06	-1.0163245814930230127e-05	-7.3750749935761316314e-06	-1.6592220240213189596e-06	-3.4281628801781641477e-06
-6	2	0	-1.3326501669325627661e-05	2.9141528338187127036e-06	-3.9979505007976881288e-05	8.7424585014561372639e-06	-8.6187189162355138761e-06	5.5625668891027463313e-06
-6	2	1	6.8903736115259314531e-06	2.136311009990491745e-06	1.5459502341338091384e-05	3.1955497506203459569e-07	1.042323698647940595e-05	1.2178756109818882761e-05
-6	2	2	2.7194854925812082404e-07	4.7974309228888892406e-06	7.3104179607137534334e-06	1.0648053656041253239e-05	-6.4945723129393908554e-06	3.7442391126254149067e-06
-6	2	3	1.5315602511321288762e-06	1.776746240416220652e-06	-1.3798867963668858372e-06	2.0073169773523977842e-06	3.9830450331755154006e-06	2.215281162597509589e-06
-6	2	4	-4.6960738048294300123e-08	4.2698889254039441221e-07	-3.3174336312008672098e-07	-3.3909920066662363355e-07	9.5430574487601906996e-08	8.1003293914390340863e-07
-6	2	5	1.1855225591681160115e-07	4.7765725924826785832e-07	-5.1916852004148416735e-07	4.5361507039615391294e-08	3.4993011511676757244e-07	5.5504410828207531053e-07
-6	2	6	3.0605981547863988849e-07	1.1416256572140088642e-07	5.8152440109735531861e-08	1.4345946361813108094e-06	2.8667566877539469135e-07	-3.6403564633903600592e-07
-6	3	-6	2.3296365294451935454e-08	-1.3371024776998631573e-06	3.2968528363839917477e-07	-3.5160019516119701553e-06	1.41546276524747642e-07	-4.2089849810612202623e-07
-6	3	-5	3.6647212838026899828e-07	1.9573198363346194067e-07	8.8977404998459748007e-07	6.1649585140469776305e-07	9.409787593443571923e-08	1.3501913048266432902e-07
-6	3	-4	1.0780483918077719595e-08	1.3764189285986696673e-07	1.0727530701690586044e-06	3.0981621199111163438e-07	7.8839407674967746492e-07	2.5899319703533275688e-08
-6	3	-3	2.4977136800269137954e-08	5.0829213727825670597e-07	-6.6750992353748323295e-07	-3.5521449077381191235e-06	-7.1746419713802152871e-07	-4.568729182294632959e-06
-6	3	-2	-5.7069607388912735191e-07	-3.4960985842119848153e-08	2.6750295862732428491e-06	3.1133501412883024844e-06	5.7246326010772462234e-06	4.7749081694588132909e-06
-6	3	-1	-1.1224193296316468312e-06	-1.5189402112983100674e-07	-2.8574949462772214376e-06	-3.5592663890682406848e-07	-1.8379688610417841724e-06	-1.5641578994148619148e-07
-6	3	0	1.8070599494566307071e-06	1.7465077238621369067e-06	3.6141198989132614143e-06	3.4930154477242738135e-06	6.1470832686035015055e-06	6.0942897092496189972e-06
-6	3	1	-4.6567614370140359862e-06	5.654204388168108554e-07	-7.4936383233197607849e-06	-2.9064150566841881242e-07	-5.4596536521249327157e-06	4.2644471499061219931e-06
-6	3	2	4.0474682765412340536e-06	1.1857917162852853125e-06	1.3084476849350316758e-05	-1.0520617797607387195e-06	-7.4843104444017738232e-06	5.1354678184969636991e-06
-6	3	3	-2.5818704429031610421e-08	-1.4543399572662328195e-06	-2.3091680411371764148e-06	-2.5024161014485042914e-07	2.2575306322791131675e-06	-2.6584383043876148392e-06
-6	3	4	-5.241376842263342278e-08	-3.0727937950075074422e-07	1.3486423713139213783e-06	-8.9914803796039155277e-07	-1.0901024311193911778e-06	2.1344195921916752177e-07
-6	3	5	-1.439904639442134803e-07	-4.7074965276870223699e-08	3.0381231075322758921e-08	-3.704739488066384581e-07	-1.9101729537824982245e-07	1.6579441095173880642e-07
-6	3	6	5.3769750591128396249e-08	1.33649404932663787e-07	-1.1293554808723120214e-06	1.1125583490350131104e-06	6.1844749102728440031e-07	-4.2262976958484276818e-07
-6	4	-6	1.6094116853182796521e-07	6.2665496655959070643e-07	1.7532947594543244419e-07	1.1808399357050995607e-06	-4.4054851234873006831e-08	1.6057165724380902715e-07
-6	4	-5	-2.6607668515819341153e-07	1.7943048504529312651e-07	-3.5702309613153856306e-07	7.9949973268298777158e-07	3.3673545284601242065e-08	4.242832040920385078e-07
-6	4	-4	1.8743421391008307665e-07	2.852919774446808695e-07	-2.1612829153613663581e-07	-3.6506057897969661745e-07	-4.9727961240126125078e-07	-7.9299854514671794817e-07
-6	4	-3	-3.7342349560640384758e-07	1.7419332402545298358e-07	-4.6782903034293230293e-07	3.5912272380865746457e-07	1.2307495075556467753e-07	1.3044365036063732777e-07
-6	4	-2	5.7966990857902487935e-07	-1.9023349487921625408e-07	-2.9478063138879067303e-07	8.293188331300698691e-08	-2.3285709885146561959e-06	7.3656425126366270959e-07
-6	4	-1	-1.2801970624150480221e-06	-8.3724600310981434344e-07	-2.824648887851726374e-06	-9.4833754379620039707e-07	-3.6174131769166186337e-06	1.2301258434740844724e-06
-6	4	0	-3.5023937560632863084e-07	-1.4813560242235132025e-06	-5.2535906340949291979e-07	-2.2220340363352699096e-06	-2.6361671088893820188e-06	2.6298328785968620265e-06
-6	4	1	1.1598831744610919735e-06	4.3746283524445160569e-06	1.7790557306916057556e-06	6.9637310364867570722e-06	-1.5692387599987128706e-07	-1.6071540312799344888e-06
-6	4	2	-5.1460961907358034392e-07	-4.2518669302718560746e-07	-2.7882846842124388028e-06	1.3201790403961340873e-06	4.0327405112041362563e-06	-3.915918159873824997e-06
-6	4	3	-6.8249788643583687025e-07	4.8316423648272907313e-08	-1.3535179199773256012e-06	-8.901080699645575024e-07	4.3969478709809376309e-07	1.2834436072492891732e-06
-6	4	4	2.2080491697375610117e-07	2.0567952747154959867e-07	-2.2569958167909325823e-08	4.0414431432416702288e-07	3.5377733362854349412e-07	-9.5625023116842638101e-08
-6	4	5	-1.6819173099434489552e-07	-1.4746071395652766936e-07	-3.6261145051769172235e-07	-5.6623361624495213114e-07	8.8259083220939497959e-08	2.7603403624812844874e-07
-6	4	6	2.0634729181723073972e-07	-1.1378886093352477429e-07	6.3641616398808154362e-07	-1.1724789434051332695e-06	-2.1793015084149026289e-07	6.6786376800323075196e-07
-6	5	-6	-5.1311520089446423474e-07	-4.0332544223648258132e-07	-9.1610049764165605201e-07	9.1680824885562833251e-07	-2.5030188047358252821e-07	1.1673323162828394898e-06
-6	5	-5	-9.4728204314676677081e-07	-2.3358653189482758055e-07	2.3922660993463758107e-07	2.8897132762029765483e-07	1.3759650617107576637e-06	5.6927516589409071973e-07
-6	5	-4	1.8641124355524216264e-07	-4.884709258123459418e-07	-2.2455222589381333969e-07	-4.9690951157452820105e-07	-5.6030714770012995167e-07	1.1156949925035866138e-07
-6	5	-3	-8.6702530843162954255e-08	-2.3002422354676380133e-07	-5.5662030798355757797e-07	-1.5601094729913937277e-07	-7.5429545161960337046e-07	2.000302015949619902e-07
-6	5	-2	9.4751522783518588868e-09	-5.3702949110774072986e-07	6.1545042606260675169e-08	-6.4795856680125878331e-07	1.2543714968059613277e-07	-8.8079436799248745676e-09
-6	5	-1	3.4326031535562370818e-07	1.350276214394843266e-07	2.997827221712958195e-07	1.1265102584227991987e-07	-5.606482812772632045e-07	-2.4691059942550645289e-07
-6	5	0	-2.5311311588450059439e-07	-1.6598417439123714164e-07	-3.0373573906140067091e-07	-1.9918100926948458585e-07	1.1661976911202676825e-07	3.9381846962780607056e-07
-6	5	1	-1.8286056868547960392e-07	2.0892621643650799058e-07	-1.837174411391762895e-07	2.6163274004848631735e-07	-1.7857620641699614956e-07	-5.4606401623383451319e-08
-6	5	2	-1.2526865189040646329e-08	2.6276172050562466859e-07	-1.5565551581887652841e-07	4.0617381583777203023e-07	3.5155819398006938701e-07	-2.2714937807755617569e-07
-6	5	3	-4.3458472159890649438e-07	8.56621713612353996e-08	-7.9764011112265324924e-07	1.8647310329050258329e-08	4.6023074200660905801e-07	1.4024549217405371081e-07
-6	5	4	8.1865718877047367924e-07	-9.5286130640440184828e-07	7.6562758134258789583e-07	-7.9074200023415897695e-07	2.7095130647747559614e-07	-4.4086445931390407769e-07
-6	5	5	6.232853604640432626e-07	5.3986084660986559126e-07	-9.7072472299351414269e-07	2.4470227726867960728e-07	1.7186671555503659308e-06	4.031307386631590493e-07
-6	5	6	-2.0778444677659959098e-06	2.7709132171466835519e-07	-2.4589837609474521384e-06	2.8275804647660249471e-07	-2.8691333643119220437e-08	4.1459616317499598575e-08
-6	6	-6	-5.2314396048617769236e-06	2.3225993665994316994e-06	-1.4649743295734477657e-06	2.1113761694427954437e-06	3.7664652752883289461e-06	-2.1122319715663633506e-07
-6	6	-5	-1.3312118780349233835e-07	-1.7362283769001725536e-08	3.7469228626038587842e-07	-1.107188103521726454e-06	6.0937616887665389189e-07	-1.3077909837032696503e-06
-6	6	-4	9.3498761090397261534e-07	8.2677093528693091662e-07	1.1968176736528929646e-06	8.0771264512884518312e-07	3.9274509412338068274e-07	-2.8587435237128610183e-08
-6	6	-3	-2.5296643561164683873e-07	7.2488763900750911887e-08	-2.037997082338366979e-08	-7.7840400537761825119e-08	4.6517292957652626509e-07	-3.0065832887702544754e-07
-6	6	-2	1.7081655357251733131e-07	-3.7174571949772271281e-07	-1.4081666386767268315e-07	6.7564572285800343798e-08	-9.348996523205700434e-07	1.3179308753505691434e-06
-6	6	-1	-4.689120067868688908e-07	1.939880201891802786e-07	-4.8618711326737955277e-07	1.3265783861685594303e-07	-1.0365063888306398506e-07	-3.679810894339459605e-07
-6	6	0	3.4620534116870647866e-07	8.3949980763205101675e-08	3.4620534116870647866e-07	8.3949980763205101675e-08	-9.5591612008284898747e-07	1.6048582987883693568e-06
-6	6	1	-4.7844016335167584774e-07	9.0514121672264997839e-08	-3.2715600636344737527e-07	3.1788613350615221174e-07	-9.077049419293705172e-07	-1.3642320710033233099e-06
-6	6	2	4.4458007317125473729e-07	-6.862095696376801516e-07	2.6453868615506416085e-07	-4.9709748698152013728e-07	5.4012416104857162345e-07	-5.6733624796848025473e-07
-6	6	3	-3.7919128938249334449e-08	-5.3689134339612336189e-08	-5.6996280385820182425e-07	5.9477791125956840473e-07	1.0640873498399048076e-06	-1.2969340911983614818e-06
-6	6	4	1.4512884556648390469e-06	1.5701753208210951696e-06	1.7759602051926951035e-06	2.1166772995219702048e-07	-4.8700762429178429666e-07	2.0377613863033471708e-06
-6	6	5	-9.895814031923467877e-07	-1.8196652055531298902e-06	3.1406687231300280259e-07	-1.8454382793866694722e-06	-1.564377930606419466e-06	3.0927688600247612281e-08
-6	6	6	-2.0243841420830841015e-06	-2.7074738884789688145e-07	-8.5828453243440879656e-07	5.3361694764690602332e-06	-1.1660996096486753049e-06	-5.6069168653169573264e-06
-5	-6	-6	7.6058923573320451828e-07	4.0177362079372692017e-07	1.7925574765441078214e-07	-9.258654374200123873e-07	-8.1308011076541449443e-07	5.9105408675857331363e-07
-5	-6	-5	-2.9909944190388744842e-07	-1.0864596404443831502e-06	6.3033133541396287403e-08	-1.9911509524320419642e-07	2.2345968165421193001e-07	1.3253977547362280695e-06
-5	-6	-4	-9.8242110651657878612e-08	-3.3764215864074008886e-08	-5.7234288721019849737e-08	-1.2025659079933933882e-07	2.0865407139610212287e-07	2.2259015602910153092e-07
-5	-6	-3	2.4071908812668555764e-07	-1.1475059227712704693e-07	3.5487195625397616097e-08	2.0588242986670646336e-07	-4.7217287146193779297e-07	-2.2051387260486781321e-07
-5	-6	-2	-4.7372638681870256742e-07	6.9662679690725001113e-08	8.5310740971351839151e-08	8.13095378261467223e-08	9.2838374413270092756e-07	-4.1808531270525270277e-07
-5	-6	-1	9.3219749158923397026e-07	-4.8052888218155446784e-07	-8.3531136136069531603e-07	3.3788463671324826308e-07	3.5088071021800209783e-07	3.7533659062828276072e-07
-5	-6	0	-1.2017081347674365592e-06	-3.7972012906732885523e-07	1.0014234456395302896e-06	3.1643344088944073034e-07	-5.4639263442009460304e-07	1.0152613589157218693e-06
-5	-6	1	1.4546045563411302625e-06	-1.5057271747263460416e-07	-1.4202516456174027525e-06	7.2729149603692625579e-09	-1.2484870919987652022e-06	-7.0922609760095741735e-07
-5	-6	2	-4.5293481128506629301e-08	4.1532300494365487634e-07	-1.9038167783757792543e-07	-2.5676626231819812602e-07	-6.8437873633400034953e-07	2.6800872540454278633e-07
-5	-6	3	3.3038361129666084305e-07	1.6904783435592372693e-08	-4.2619826817932355382e-07	3.2028940950091792569e-08	-3.0175718419754579079e-07	9.2232520959504214015e-08
-5	-6	4	2.2364759546727173917e-07	2.9566612099322258256e-07	-7.4444342038148178132e-08	-4.2600857121013314338e-07	1.6789298127686740015e-07	-2.6943020557367148688e-07
-5	-6	5	9.8291912473389842422e-07	-1.9485464974669193548e-06	1.0262958472556562963e-07	5.2002909229653307303e-07	1.1060746264045771904e-06	-1.3245115867110795824e-06
-5	-6	6	1.2446111797287787976e-06	2.9590788996487712022e-07	9.7300343080108267283e-07	-6.0730282221021278361e-07	2.0101794139083983728e-06	-3.6071291390614852558e-07
-5	-5	-6	3.7539376126606312006e-07	-2.0406293405396345436e-07	-8.7953528488018009129e-07	-2.7683094424700386782e-07	4.2011793634509743191e-07	4.0074489858413944397e-07
-5	-5	-5	-6.1721226810169116926e-05	-7.942803720481623976e-05	-1.3151513371182964733e-05	7.9065525492506377693e-05	7.4872740181352079964e-05	3.6251171230985799092e-07
-5	-5	-4	4.2415793688949882741e-05	2.7768641199896940589e-06	-2.0352498230986365731e-05	1.272843587524729358e-05	-2.7579119322454397957e-05	-1.9381624994046235184e-05
-5	-5	-3	9.901194539737597934e-06	-3.738872669736999306e-06	-4.840172806536700064e-06	6.7742571265333438206e-06	-8.4350362220014958852e-06	-5.058974094660574332e-06
-5	-5	-2	-7.6841959250863857018e-07	-4.4288189615907041727e-06	1.0827795726438577427e-06	3.9183903507956853625e-06	-7.8589995033804777241e-07	1.2760715269875472372e-06
-5	-5	-1	1.9646134929560024942e-06	-6.4593162566808482895e-06	-2.2628809547997182334e-06	8.1919553055650731001e-06	1.4913373092185791198e-06	-8.6631952444211181237e-06
-5	-5	0	-1.4743204196281063439e-06	9.1117393148691172496e-06	1.4743204196281063439e-06	-9.1117393148691172496e-06	-1.7363864553395411021e-06	-1.6092547668596925472e-08
-5	-5	1	-4.1906108892273446595e-06	-3.7195126740192184868e-06	4.8473173198070402732e-06	4.5345658993985931966e-06	3.2835321528984776449e-06	4.0752661268968739725e-06
-5	-5	2	1.3954285925234883546e-06	-1.07040389241902115e-06	-1.2010822262777191613e-06	1.1683070064314933031e-06	4.8586591561442351267e-07	2.4475778503118032967e-07
-5	-5	3	8.1374061619246398165e-07	3.518290799200407599e-06	-1.2136411124057793034e-07	-6.4907409921508650423e-06	1.1539608415864767434e-06	-4.9540836549174280839e-06
-5	-5	4	-8.3076959054581033296e-05	-1.0116577215023494029e-05	3.0876206137575461284e-05	2.1621905270032464535e-05	-6.5250941146256956544e-05	1.4381660068761213556e-05
-5	-5	5	0.00010611401420886790875	-0.00029534021179166770107	0.00021206458491712881862	0.00027909299194516580837	0.00031817859912599671382	-1.6247219846501892698e-05
-5	-5	6	1.3781610963932728504e-06	4.8664752805312099589e-07	6.5363182391220387982e-07	1.0762775812926298321e-06	1.6931607669212306261e-06	1.3024375911214589175e-06
-5	-4	-6	4.0862432764124146375e-07	6.2341886729891692064e-08	-3.1816591420905709909e-07	-3.6714782495627102439e-07	-1.2840966356166317138e-07	1.9281364436260429714e-07
-5	-4	-5	-1.7516700845365526832e-05	-3.7786142875446012389e-05	-3.0384902409122937497e-05	2.3610146167641493393e-05	4.1824622772663880895e-05	1.8898025941332819707e-05
-5	-4	-4	1.7218150055117481713e-06	-5.8077064651059902365e-07	1.7147170597919124008e-07	-1.6919604766379253387e-06	-2.3237404628688765601e-06	2.4179237847761740389e-06
-5	-4	-3	-2.7301665617416712211e-06	8.7564312887996875378e-07	6.1186094956824091184e-06	-1.6213697251376547397e-06	-3.6078683913404267894e-06	7.0242108538359176527e-07
-5	-4	-2	3.6776937157380512813e-06	-4.7818764434029396108e-06	-5.513691057558311071e-06	6.8515603887584397143e-06	1.8331478257714933035e-06	-1.7484296690095312486e-06
-5	-4	-1	-1.0174313790808042735e-05	2.3283167578515187495e-06	1.6583698886752564757e-05	-2.187102200150113432e-06	-1.5463226592970048741e-05	-2.8931749886571391726e-06
-5	-4	0	6.0257863245235103217e-06	1.099669363819992868e-06	-7.5322329056543879021e-06	-1.3745867047749910849e-06	1.8958742313963339809e-05	-8.8456416907497095948e-06
-5	-4	1	4.5977274493138053596e-07	9.4775829339707365313e-06	-2.0783157213314226383e-06	-9.6348562858666430257e-06	-6.0143991606687882969e-06	8.8484895263871054714e-06
-5	-4	2	-8.9738353365359810825e-07	1.3594793717270009565e-07	3.7374341943361286633e-06	-1.7100635088501778957e-06	5.2314095545382616325e-06	-3.0802571747686055788e-06
-5	-4	3	1.9832904489370096613e-06	-2.1589283906199239914e-06	-3.8962286405760457054e-06	4.2153373711739206841e-06	-1.8894874392063778188e-06	2.0222358438653542598e-06
-5	-4	4	-3.2554512688017840682e-07	3.2049655365694767061e-07	-5.6661727402904432178e-07	-1.6253055493367098247e-07	-9.7354868262926719796e-07	2.3809013713751357932e-07
-5	-4	5	1.7507661493131507869e-05	-3.9835020669774486371e-06	2.7299428536000725968e-05	7.8565120909079630944e-06	3.9347204321932089321e-05	2.3017076057489218384e-06
-5	-4	6	3.5193644348318499614e-08	2.2952919279584579181e-07	-1.9069200379492830658e-07	-1.2252300478465620287e-07	-9.7799965573020112555e-08	1.0959232414010069567e-07
-5	-3	-6	-3.006951993821642598e-07	1.6735338070055278531e-08	3.3078395574984735293e-07	-5.7934661906349435792e-07	8.5187354943546548852e-08	2.7572719447336778405e-07
-5	-3	-5	2.959856792266617165e-07	-1.9281591347679105514e-06	-3.8926755647269337295e-06	2.1853219785020931378e-06	2.0396196596094984153e-06	6.169659476666548593e-07
-5	-3	-4	-5.4985304713445775074e-07	-3.5774430258533043254e-07	-2.2107094850584976428e-06	-4.4196703299775829112e-07	2.3453484227119454999e-06	7.7865565297998177226e-07
-5	-3	-3	-6.0511249920367951047e-07	-4.5919413603116574413e-06	1.4411258422384443413e-05	4.3450117522798649506e-06	-1.3402737590378310966e-05	3.3082238482395638358e-06
-5	-3	-2	-8.1001954792944068189e-06	-1.0945969912585108353e-05	9.2812069308914818071e-08	-2.6968842414846365428e-06	2.0111270594272643702e-05	3.1410251143689726331e-05
-5	-3	-1	5.8907580262817710041e-06	4.1872855982649483876e-07	-7.0181597021239824661e-06	-1.2440003702037878881e-05	-8.3993110250369076224e-06	3.5226368306981163561e-05
-5	-3	0	-4.6454667643607055533e-06	5.2112838490908109794e-06	7.7424446072678431536e-06	-8.6854730818180188637e-06	-2.0752693660438371561e-05	-7.2196547945960372339e-05
-5	-3	1	3.2020057993125521643e-05	-9.4346526066606635545e-06	-5.0953726545613099155e-05	2.6040863147707504841e-05	7.2391103287883073602e-06	3.0949326409819195058e-05
-5	-3	2	-6.6988870490485564438e-06	8.8023876656774131528e-06	3.1617637568622583837e-05	-3.976184705007126129e-06	3.0679238730312484646e-05	1.6041692106682844959e-05
-5	-3	3	-7.1537121774006248007e-06	-3.2443483625384981239e-06	-1.3445511195077454716e-06	1.1184148800074731372e-05	-1.3267404748508787371e-05	5.7769015291772336519e-06
-5	-3	4	2.1477932999928601976e-06	4.6583051526766320378e-07	9.2490138460828545618e-07	-1.8486674363754448256e-06	3.3784176634472896568e-06	-8.0421243319700468065e-07
-5	-3	5	1.1228215832535979753e-05	4.6507120840799306893e-06	1.9297768737802812438e-06	4.6892492534863930814e-07	1.2386081956804149431e-05	4.9320670392891136706e-06
-5	-3	6	1.9251199809127623363e-07	1.9784038709405581333e-07	3.2519175000679877371e-07	1.1725878270237186419e-07	3.2302254007946290605e-07	2.2349638059623242776e-07
-5	-2	-6	3.5194241715010137822e-07	3.6006744922275349704e-07	-1.8783213298349724725e-07	-9.8482352379809336369e-08	-2.3067463663058539944e-07	-2.6722875689235813541e-07
-5	-2	-5	-5.3957021705082457073e-07	-7.8173468662249108166e-07	-6.8817657149597353898e-07	1.4848804732769416187e-06	8.1484084564921396515e-07	1.877824973117145136e-07
-5	-2	-4	4.9581295569608420666e-06	4.8326728831588012186e-06	-4.5106747360059487237e-07	-4.4759702554330864596e-06	-5.9721282094007551206e-06	-3.8028559762319578699e-06
-5	-2	-3	1.499885653318462127e-06	-9.0647861695923929553e-06	-1.5613514804295636109e-05	-1.9137941697247229573e-05	7.9092004473329873357e-06	2.7866604747485474076e-05
-5	-2	-2	-1.976830168497226367e-07	1.2384117862714776734e-05	2.6717276357998892067e-05	-1.7111650150489583148e-05	-2.6223068815874584999e-05	-1.3848644506297361228e-05
-5	-2	-1	6.8215412038957840761e-05	-1.2043809210959499387e-05	-4.0000242629132845952e-05	9.3731871375910406669e-06	-0.00026107657493652352545	4.1472671779615413908e-05
-5	-2	0	5.4313593365297675237e-06	1.4727326043794598362e-05	-1.3578398341324419656e-05	-3.6818315109486496751e-05	-7.0738377981015396374e-05	-2.154996153380679257e-05
-5	-2	1	-4.2091487832904037427e-05	-0.00010328311999594679341	2.6438399453313596608e-05	0.00013786739018594674415	-0.0001575806402578930007	-0.00024068081960784045163
-5	-2	2	-1.1498552204464096029e-07	-1.7251038680438753118e-05	-1.3979484219001280058e-05	-2.8214454749531496118e-05	-1.426694802411288183e-05	-7.1342051450628380608e-05
-5	-2	3	6.0068891257193387861e-06	-6.5000748653314063152e-06	-1.1964151669727932133e-05	9.2468160931156987326e-06	2.0353807630469432214e-06	-4.6689140468085444212e-06
-5	-2	4	2.4353282443298127849e-06	3.9158500988124961251e-06	-1.1199632286589025766e-06	1.8463720038260737478e-06	2.4841786910828145869e-06	5.8179986254286567127e-06
-5	-2	5	-1.9530087349886254129e-06	1.5950352686534511984e-06	-1.5811192935674436659e-06	1.1820266645724905365e-07	-2.5854564524156027099e-06	1.6423163352363507775e-06
-5	-2	6	-2.8475765866080660427e-07	-9.3429275778565276332e-08	9.3899541006900502475e-08	-5.2136759779978532467e-07	-2.0599820188170534489e-07	-2.5164692908206614757e-07
-5	-1	-6	1.4780184832264920561e-06	-1.6023829836323002489e-06	-1.9552001388048933318e-07	-8.2055350118833927788e-07	-1.199095400375328478e-06	1.4720780698916400517e-06
-5	-1	-5	-9.5672228593853890631e-07	4.1180426511253307296e-07	2.926448881761096181e-06	-7.67655954794516766e-07	3.7143250958631973363e-07	-2.5827307415362973035e-07
-5	-1	-4	6.134572535470461472e-07	-6.6604778140270375035e-06	1.5201554442261354535e-05	-1.2881051626028770189e-05	-4.5672101774991463971e-06	1.1545860174040989215e-05
-5	-1	-3	6.3287377425931746043e-06	2.688170801957000492e-06	-5.1801225784373057884e-05	-7.5894376028841968886e-06	6.719179023802395801e-06	-1.9504721356336018571e-06
-5	-1	-2	-2.4168133729245989125e-05	1.4572696872768338422e-05	6.6123170700388439079e-05	-9.3729442460207303958e-05	2.735874897292076005e-05	1.0432979048182805924e-05
-5	-1	-1	7.1764230930716580195e-08	0.00011104857762125852052	1.1907080534884457196e-05	-0.00024646594341207417539	-1.2265901689538039819e-05	-0.00030877694469421844078
-5	-1	0	3.805288596285525005e-06	1.1807111795947171416e-05	-1.9026442981427625872e-05	-5.9035558979735857082e-05	-8.1963604266887803108e-05	-0.00021864308583447304734
-5	-1	1	6.5539178199463916864e-05	-2.1214841614415244473e-05	-0.00021131382634567171365	-0.00018721466718287928352	0.00011638206465164788422	-0.00029328887525495548217
-5	-1	2	-6.3771811778629744458e-06	-1.8492724585462284029e-05	8.7528365925945651651e-05	7.0657426271013358304e-05	2.7821230018315389287e-05	-1.0903098328149032616e-05
-5	-1	3	2.1303384035385688653e-05	9.1979651716256446216e-06	-2.9090709221897353786e-05	4.6888764764854575331e-05	2.580873698501036316e-05	3.0959530207660937895e-05
-5	-1	4	-6.3332956936094066816e-06	-6.9823754306813934028e-06	-1.5030310031518466724e-05	-8.7169385392773512662e-06	-1.1674197124891375245e-05	-1.0907203923171079782e-05
-5	-1	5	2.207752433775016503e-06	3.6953937899468977465e-06	-2.2492548731143493376e-07	1.2773266701044304877e-06	2.162767336312729601e-06	3.9508591239677840558e-06
-5	-1	6	-1.0368658974800707844e-06	1.1963472403917670675e-06	7.7144079112374303854e-09	1.0269574002515235723e-07	-8.6276917991485268046e-07	1.0140719903306647151e-06
-5	0	-6	2.6214740462025264186e-07	-2.9392747895912415862e-06	-9.0256286963724017901e-07	-9.9361256350719300016e-08	-2.1845617051687720155e-07	2.449395657992701463e-06
-5	0	-5	-2.3534387131216790615e-07	7.4864869291630906241e-07	4.0022659280202405502e-06	8.0269488991667636331e-06	2.3534387131216790615e-07	-7.4864869291630906241e-07
-5	0	-4	9.7029041303937841782e-06	1.6926813744654453408e-06	-4.4669290414031641306e-06	-1.8223046142099931825e-05	-1.2128630162992230646e-05	-2.1158517180818067818e-06
-5	0	-3	1.5171835572091461793e-05	-1.5288037677139226995e-05	-5.2222991758687507752e-08	1.6364446152614301426e-05	-2.5286392620152435193e-05	2.548006279523204725e-05
-5	0	-2	9.85014304383989617e-06	2.7740285328426940507e-05	9.1602338411696311213e-05	-6.3982594733595215012e-05	-2.4625357609599741272e-05	-6.9350713321067352962e-05
-5	0	-1	1.8606556946556740534e-06	-1.5463713196978200946e-05	-0.00058385729540786723921	-6.1243314618149142744e-05	-9.3032784732783711139e-06	7.7318565984891001342e-05
-5	0	0	4.4841394983569018519e-44	-0	9.6795270122712203476e-06	-6.7263589660724690277e-05	-4.614627145548192799e-05	-0.00010217376028079869774
-5	0	1	-1.3984349115294958534e-05	-1.3688113230058085493e-06	-0.0002578244251339682617	0.00012613818965377321325	-6.9921745576474796059e-05	-6.84405661502904317e-06
-5	0	2	-9.4324284571238776082e-06	-6.1323267105771280179e-05	1.7208459213907126366e-05	9.4697810425659552277e-06	-2.3581071142809694867e-05	-0.00015330816776442822078
-5	0	3	2.4218644132391103154e-05	-1.5976004039356174761e-05	-6.4123280995543222136e-05	3.7205207182340416597e-05	4.0364406887318504127e-05	-2.6626673398926957936e-05
-5	0	4	-9.4782052305341591629e-06	8.9710082937849459298e-06	4.6639157035369420597e-06	-1.1151120366436123105e-05	-1.1847756538167698954e-05	1.1213760367231183259e-05
-5	0	5	-2.3350626731750794945e-06	4.8672627576990997792e-06	-6.5987666212490795397e-06	3.732521852561918602e-07	-2.3350626731750794945e-06	4.8672627576990997792e-06
-5	0	6	-3.0741433763780017289e-07	-1.1706246341903571399e-07	-3.6407418422422760798e-07	1.0965110476979814091e-07	-2.5617861469816681074e-07	-9.7552052849196430527e-08
-5	1	-6	2.3144337729218123285e-06	-8.6859233856573953426e-07	-1.4905116364351635317e-09	2.0476449204749729747e-07	-1.928943229374249517e-06	7.5795436414603243303e-07
-5	1	-5	-2.3521470469572108442e-06	5.0652514479330425508e-07	1.9719613637955511896e-06	6.8243190467078775959e-07	2.7465393197163212515e-06	-3.7003876385914674551e-07
-5	1	-4	9.7467676201761086001e-06	9.8007223509354682729e-06	2.7136522302592964716e-07	-3.4736954020879909802e-06	-1.2115618219463653775e-05	-1.3119326789191333298e-05
-5	1	-3	-2.9420031847225316241e-05	-2.3694931187210314548e-05	-1.6341590707154142015e-05	1.5468136206959388923e-05	4.3586189509657477471e-05	4.4647597381003653887e-05
-5	1	-2	3.128187187375674539e-05	-5.0884146816936738809e-06	2.1251594374217223378e-05	-8.0861093843141032349e-05	-6.7578882497283239927e-05	-2.7709510217336328508e-05
-5	1	-1	5.3550531159442859371e-05	-9.2572271868940412924e-05	7.1804531841580145402e-06	-0.00015577466876192836592	-0.00026057220261305625436	0.0003070866905827736716
-5	1	0	-1.3630101905682334782e-05	6.6741312492693661516e-06	-6.8150509528411667135e-05	3.3370656246346829064e-05	0.00013088472111874721051	-0.00015591838002880210835
-5	1	1	5.1631247075963855933e-05	-8.4024531038249961209e-05	0.00021800868537528574433	-0.00032159004537848717101	4.0147550004533542108e-05	-9.8532609812762621477e-05
-5	1	2	3.3925768217909578592e-05	-2.9989455417140790564e-05	8.0826287395013984437e-05	6.6898937969694309463e-06	4.4401276847266950873e-05	-7.8318585441336689766e-05
-5	1	3	-1.7330894766693403851e-06	-2.0734329423130709417e-05	6.6092701521157343853e-05	-1.4431839288705016698e-05	-2.4919382968168014766e-05	-2.9746602608982844593e-05
-5	1	4	8.2143867156428944663e-06	1.171958022501611368e-06	1.1430011595811854893e-06	1.3743009042094502983e-06	9.98223310465832134e-06	1.1213723020746514236e-06
-5	1	5	4.9157934693732657528e-06	6.189631460496079437e-06	-5.3152930008469666422e-06	1.8081264791241726126e-06	5.978852069542658573e-06	5.8280061646712446604e-06
-5	1	6	-1.7246277990118482061e-06	1.7767059592119081465e-06	-8.0683210890916985765e-07	1.6493203770387615965e-07	-1.3027178143583451954e-06	1.4530996263926108107e-06
-5	2	-6	-5.107009380372355038e-08	-1.9403821374829782242e-07	-1.2003808923567906715e-07	-1.1065201361356137617e-07	2.5457150912099319921e-09	1.2481450691906105996e-07
-5	2	-5	-1.0699888549437919955e-06	7.9066054524457211349e-07	-1.8155585102550699773e-08	2.1061078932529746325e-06	1.0627266209027715356e-06	5.1782612056617809639e-08
-5	2	-4	1.5335055900467299233e-06	-4.0008701438887212627e-06	-6.626907307081690569e-07	-6.2038916484391063238e-06	-2.2482273529124971973e-06	1.8991418556413482047e-06
-5	2	-3	-1.3121187130779622202e-05	-9.9236798133272959623e-06	1.3294543716494115098e-05	-3.4925429433876745752e-05	3.0731674362295444245e-05	-6.7441532670390022032e-06
-5	2	-2	4.1131761495219176106e-06	-1.8329084852960209344e-05	-2.8003921259348256553e-05	-3.2089641404670306345e-05	-3.8286861633153049733e-05	1.3733070727730213627e-05
-5	2	-1	-6.6728971341128152082e-05	-0.00010749173782669739453	-1.9267125874799099551e-05	-6.5596223691568984423e-05	0.00029511060495604252065	0.0004062662417503489767
-5	2	0	5.0446501654867431208e-05	2.4348811748365389233e-05	0.00012611625413716859496	6.0872029370913466307e-05	-8.4735242246281920427e-05	0.00021241182200583633307
-5	2	1	-2.1410184484338416397e-05	0.0001303855655223857624	-4.0227644904307717207e-05	0.00015485810240678407569	-2.6595632613076637408e-05	0.00034221162279836071481
-5	2	2	-1.8189523810631213878e-05	-1.0078283113235082742e-05	2.9367123159803187402e-06	-3.9960907883691570663e-06	-4.8410521842558354281e-05	-2.1199616994718548942e-05
-5	2	3	8.8810232882799238038e-07	2.1182430014261553266e-06	1.9720901555752074803e-06	5.5012926862699943977e-06	1.6544377766318224317e-07	-1.3712345513640360421e-07
-5	2	4	8.006998552618432089e-07	-6.1229682235935948672e-06	3.3554970570509936219e-06	-2.9060384277161688508e-06	-6.768737094481927204e-07	-6.2006910656339083116e-06
-5	2	5	1.964218939424782005e-07	-2.1400455735206106267e-07	1.8987274149855685198e-07	-9.27005193605868023e-07	1.2047279734305546501e-07	1.5679752009028614652e-07
-5	2	6	1.4190141262981304882e-07	7.3168915170272688216e-08	-2.2424148192649718488e-07	-2.3536222077014476642e-07	1.9299833783367661114e-07	1.3942816956527551109e-07
-5	3	-6	-1.3345738180186100531e-07	-7.5169522943197657151e-09	-1.2183949291475267022e-07	2.030899118801652718e-07	5.0294738377507844804e-08	1.0780908285201576655e-07
-5	3	-5	1.5040555494780320801e-06	-1.9698497745113979428e-06	3.0660888553753474871e-06	4.3604043610778828193e-06	3.3559776374717633807e-07	4.5860923911581275497e-06
-5	3	-4	-6.9409520199644109911e-07	3.1272175560421983827e-06	-6.8759759656065025434e-06	4.0249164034221109217e-06	-4.2893629717093252954e-06	-8.9033464248616489303e-07
-5	3	-3	4.1550341826067133284e-06	-4.7468479411560863285e-06	8.5524437951205465523e-06	1.259328751677550209e-05	1.6273868241093571775e-06	2.0504700752035644559e-05
-5	3	-2	2.1759643688149468365e-06	-7.8771881781833384196e-06	-3.1133115883860827128e-06	-2.1997265795705059192e-05	-1.0109878304616491372e-05	-1.3302928248099242739e-05
-5	3	-1	-1.0944000651943131468e-06	3.1508796006738914162e-05	1.285825767815195622e-05	4.3582660409340654806e-05	4.4046773360427439686e-05	-2.679599880567260978e-05
-5	3	0	-1.6441774938558026365e-05	1.4795541769935484629e-05	-2.7402958230930045072e-05	2.465923628322580941e-05	-2.9918590270276932135e-05	3.565437474898685503e-05
-5	3	1	3.6751256873740344611e-05	-4.1871678705681965118e-06	6.1465973447885391455e-05	-9.2384937122964384451e-06	-6.4163597495446136902e-07	6.7796417840483310825e-06
-5	3	2	-1.9886504727758156307e-05	4.9400553146131665825e-08	-1.4131714386625968396e-05	6.0543761773102481409e-06	-2.8518690239456439021e-05	-8.9580628831000430368e-06
-5	3	3	8.1056744365719549469e-06	-6.4892738593822109141e-06	1.1427022229650668779e-05	-1.3408662053263835872e-05	2.0824351646359242108e-06	2.5932056209601504502e-06
-5	3	4	-1.397980946984153942e-07	-1.4176726176349558872e-06	8.7837948823494253792e-07	2.0272303633373778502e-06	-8.3353223454922619912e-07	-3.2925135445467282467e-06
-5	3	5	4.2213928068648319596e-06	1.3754887830056730788e-06	-1.0395733407309448617e-07	-3.4856227812197598161e-06	4.283767207308688998e-06	3.4668624517375290108e-06
-5	3	6	-1.8149199588188285054e-07	1.5686460623377765872e-09	-8.0944309070943896946e-07	-1.5283438826781753271e-07	2.5347821545315045143e-07	7.7724399185856915406e-08
-5	4	-6	-2.7642183621826972242e-07	4.8900320534709020345e-08	4.926164172403855807e-08	1.9769075396773688646e-07	2.6319262466458380298e-07	9.1043568866233740687e-08
-5	4	-5	1.0843491140260067988e-05	4.6128752543752861394e-05	-1.431878016700665151e-05	0.0001403396025114614983	-2.2298515273865387163e-05	6.6142929465416353506e-05
-5	4	-4	3.5030882927110708798e-07	-8.7811602562492673165e-07	4.6858200585377702191e-07	9.6534479503078759982e-07	3.0695969264893208261e-08	2.0629898270619460938e-06
-5	4	-3	1.2125597879332593345e-07	-4.4816630411039113391e-06	-1.7652005306250674548e-07	-4.4427630635040688835e-06	-4.3745336873888555854e-07	1.5457543171677604577e-06
-5	4	-2	4.2789575413882401545e-06	3.1255032194331458676e-06	9.7933612026173707507e-06	4.2715365507372840708e-06	8.8893285517641428093e-06	7.2931505289170410789e-07
-5	4	-1	-4.8467274128574951001e-06	1.0774611697070161974e-06	-8.6444054754114143217e-06	9.1598464947107608532e-06	-1.0343984837358178398e-05	3.1252080130307965814e-05
-5	4	0	6.0447563626026707347e-06	1.2805128095191949916e-05	7.5559454532533377831e-06	1.6006410118989938666e-05	-6.7033298372294851239e-07	-4.8983939828658505877e-06
-5	4	1	-2.4638180458088929044e-06	-8.4338118445172434409e-07	-5.4365501625335774125e-06	-4.4575823456147737728e-07	9.4271104210898451281e-06	-2.4338729840127126348e-06
-5	4	2	3.0223156490451588932e-06	5.4511704945055172172e-06	4.0505751123375351665e-06	3.3408782411593707453e-06	-5.4536110206217214716e-07	6.9461697539450511287e-06
-5	4	3	-2.7436059213162410893e-06	-5.2088913876793801401e-06	-8.6180158162245096788e-08	-4.5950055660929967194e-06	-4.4577696579774085296e-06	-2.5548115580083037606e-06
-5	4	4	1.8526773814822447282e-06	-1.1598675016699110094e-06	7.6132031723909953629e-07	-1.7810619657543399839e-06	1.554526409613706374e-06	3.3122758866695127514e-07
-5	4	5	3.2661107769248092837e-05	-1.2968029428892006793e-05	1.6947995344975615335e-05	3.59369761206101591e-05	1.9102711493267603279e-05	-4.1717610325380133395e-05
-5	4	6	3.2372108356674185778e-07	7.1074094075323399322e-08	1.9424351098676061211e-07	2.6253043549467052213e-07	1.4027189564777780674e-07	-1.1579187860034418639e-07
-5	5	-6	5.9448372660868257768e-08	-2.989477897158423537e-07	8.1653185768620188448e-08	-2.4669023985846774728e-07	1.8504010923126606693e-08	4.3547958214478814421e-08
-5	5	-5	8.6863457420367112035e-05	-8.0819682687446097662e-05	8.1234603933998692036e-05	-4.2364381041820108954e-05	-5.6288534863684132228e-06	3.8455301645625981932e-05
-5	5	-4	-8.7107402482926454151e-05	4.5127242354087316191e-05	-3.8187130249688081907e-05	-5.0901233182138773742e-06	6.1150340291547960222e-05	-6.2771707090376497673e-05
-5	5	-3	6.3816209446530664008e-06	4.8612772301551664123e-06	5.468753945300330951e-06	1.0469585067439451527e-06	-1.5214449989212253262e-06	-6.3571978723520351502e-06
-5	5	-2	4.6454270046202688256e-07	4.5068158783749439933e-07	5.8102447505344394536e-07	1.5536234920264339125e-06	2.9120443647854281582e-07	2.7573547604723486241e-06
-5	5	-1	-1.2381014739550266821e-06	6.066739114079242562e-06	-9.832971959467802482e-07	4.9326005014428025882e-06	1.2740213900412321697e-06	-5.6706930631822015628e-06
-5	5	0	-2.2412872065326168619e-06	4.8834800946319254579e-06	-2.2412872065326168619e-06	4.8834800946319254579e-06	-1.1923949612723302992e-07	4.5896662976563907163e-06
-5	5	1	-6.3782745735180542147e-07	-3.0751591541950217832e-06	-2.151771212241318899e-07	-3.7560444456465913747e-06	-2.1132516806383674461e-06	3.4044264572578479575e-06
-5	5	2	2.2592628658391644205e-06	8.7913514763237896382e-08	1.3425398443934774756e-06	-1.6317089157160880322e-08	2.2918075536142170446e-06	2.6057650980099692852e-07
-5	5	3	3.6364948815111786641e-06	9.8199219403948098507e-07	4.3585459924186170647e-06	-8.1668346092735918184e-07	-1.2034185181790634363e-06	2.9977927582780670507e-06
-5	5	4	-1.1310533112300436028e-05	4.53215463250019972e-05	-5.0901412109740992056e-05	-2.7691273114254051423e-05	4.9488598746800692917e-05	9.1266024299070056544e-05
-5	5	5	-1.9464126590118384521e-05	-2.2011575299613967338e-05	6.8004111560173650637e-05	-0.00012844413843225368924	-8.7468238150292045322e-05	0.00010643256313263970835
-5	5	6	-1.1806363170183620827e-06	-1.204543139330557112e-06	-1.6000167819192255384e-07	1.557445477021808998e-06	-8.5052886568869955884e-07	-2.3016571802936383898e-06
-5	6	-6	-1.8558434167496164067e-07	-2.6163055761131252198e-06	1.9368286790315295164e-07	-1.762807236971479742e-06	3.4833648596562096347e-07	4.1744740978945799406e-07
-5	6	-5	3.8803728559382544166e-07	5.0250406085654636167e-07	9.2974792429635648356e-08	9.7496915781117556823e-08	-2.7646753467826267951e-07	-3.8550776191920528289e-07
-5	6	-4	-4.4990735505996243899e-07	1.4024464420119372608e-07	-8.8932692504663633627e-08	-9.6717890692043464964e-09	4.2898515506795759168e-07	-1.8981348885529866907e-07
-5	6	-3	-7.786491214459495741e-08	4.1557584865750285966e-07	1.519352705283476968e-07	5.1087669884799625428e-07	4.336453946310203182e-07	3.2912698326682114637e-07
-5	6	-2	6.8610724546181187149e-08	-5.6654276061011845311e-09	-1.5580138132620456969e-08	-5.6251901336656392733e-08	-2.1826722576331432885e-07	-1.5459213499471620736e-07
-5	6	-1	-5.8701740488128037317e-07	-5.2612740703653044408e-07	-6.1288613628347862415e-07	-4.7935547272165752414e-07	-7.4222979329446998493e-07	-2.4549580114729345386e-07
-5	6	0	-4.5839182597633508753e-07	-4.3941379890875645152e-07	-3.8199318831361259059e-07	-3.6617816575729708705e-07	-7.8946496445353549062e-08	-7.7380491252898164236e-07
-5	6	1	-6.4900158804529518412e-07	2.9725886844692266682e-07	-4.9889021539257740565e-07	1.1626701548546599469e-07	-2.5166664787101138082e-07	7.8869224932181736595e-07
-5	6	2	3.559827206785764199e-07	-2.446001920874586018e-07	2.7121472302434895273e-07	5.1286585131237747605e-08	7.6312632623394231264e-08	-7.6536023561235968775e-07
-5	6	3	4.6957910312201184231e-07	-6.9180245523080329537e-08	1.8964074658369800309e-07	-4.4369782598364759004e-07	4.0335034536929043295e-07	7.720952427621612887e-07
-5	6	4	7.241483549759509059e-08	1.5200586592017758211e-07	4.7342270191287807663e-07	-1.7229363586869148071e-08	-6.1961550849732321531e-07	2.1585137778052567658e-07
-5	6	5	1.2129830146055060296e-06	-1.5815008551843353844e-06	2.1662679450128943741e-06	-5.4980714437395963383e-07	-1.3865385194099673887e-06	-9.2173228193558388735e-07
-5	6	6	9.1039015140088815374e-07	-4.6103027832722798728e-07	-6.7801394447169418e-08	1.7714780006879420833e-06	8.2645985394790959464e-07	-2.1556698992939654678e-06
-4	-6	-6	-7.0951342112362660321e-07	2.1946217648924155832e-07	2.6546517761554660697e-07	5.2968158758472918591e-07	2.0754376980020449712e-07	-6.7598970524422352283e-07
-4	-6	-5	-4.5032515067452745361e-08	-7.2707254454642497961e-08	-5.7136617374756126387e-08	1.2328643320917866947e-07	1.045899529036695506e-07	-8.9777916287300391758e-08
-4	-6	-4	1.0885416068123957658e-07	-9.5133894406835677809e-08	-1.9159436973669994772e-07	1.6378258107590854535e-07	1.7853739392381037146e-07	-1.5053997720702712699e-07
-4	-6	-3	-1.8943183275322705319e-06	2.2138220460550046428e-06	2.2452664326337045379e-07	-6.4963414646000229126e-07	2.0767044835162867153e-06	-1.6524944351533350824e-06
-4	-6	-2	2.4209377196546426571e-06	4.8803702310135358873e-08	-1.2007962720383591926e-06	-4.338019477742863186e-07	-1.2394866231942081599e-06	1.2037984387025882778e-06
-4	-6	-1	-5.5619138232398178081e-07	1.4856650790580919329e-06	3.0289364017839784751e-07	-1.3393953972438565185e-06	4.0740368822554003815e-07	2.0937120672307718031e-06
-4	-6	0	4.4462997559798317869e-06	-1.5756767150593100213e-07	-2.9641998373198875756e-06	1.0504511433728733034e-07	-2.8417128077297796766e-06	-3.9105431140096498123e-06
-4	-6	1	-3.4213712928748973852e-06	6.3314098085910986194e-06	2.9989540214405295258e-06	-3.999323738907789252e-06	4.3082389571435859203e-06	1.3296968009176608715e-06
-4	-6	2	-8.9350071725256241513e-07	4.7012618202821668807e-07	1.1700482365066041641e-07	-7.1382766111989117321e-09	-1.4359869635531435678e-06	9.1883753422283667568e-07
-4	-6	3	-1.4948995922740418677e-07	-9.1694916292088616626e-07	-6.3435514586191091037e-07	1.4577279255211913447e-07	-1.4680302373603609129e-06	-9.3105329879027661941e-07
-4	-6	4	4.3492518856822152319e-07	-2.9887954595265819807e-07	-6.0586731325124045951e-07	1.392278357321502836e-07	-4.7387578130863921901e-07	-9.0037792354432785915e-08
-4	-6	5	7.442263930365878324e-07	2.6089245076084157013e-07	-2.2679568847412973084e-07	2.0401384288832201715e-07	3.2322628826031455715e-07	4.5353057207465967668e-07
-4	-6	6	5.9707532181486381814e-07	6.3196018065962544532e-07	-2.5822632251635583482e-09	1.9144928865923063036e-08	3.9546795131807898914e-07	4.4045171597234001445e-07
-4	-5	-6	3.8528448299814899742e-07	1.6994199127604509384e-07	-4.8627063745213452127e-08	-2.5200664106185858719e-07	-2.1633376887775476832e-07	9.6710873367518768922e-08
-4	-5	-5	7.3511485284393542896e-05	-2.7035332533929311516e-05	-2.1837659536655024036e-05	-3.614668200428728924e-05	-3.6971528690859804182e-05	5.7774948031430735742e-05
-4	-5	-4	1.2674605266409973684e-06	-1.13565848141526832e-06	-3.892278743706370695e-07	1.9509479357880149306e-07	-7.809256836777011109e-07	8.9178998944176651982e-07
-4	-5	-3	3.0662184616082657074e-07	-3.7075689104504249788e-06	-1.8757319033631752192e-06	1.7429442676491158993e-06	2.7173907107241902905e-06	2.0385181011853735435e-06
-4	-5	-2	5.2456338053104807016e-06	4.8252035698928884635e-06	-2.346430007372842516e-06	-3.2257213570238720962e-06	-4.6251925921888557483e-06	-1.5861037472260958394e-06
-4	-5	-1	1.2234634101557989377e-05	1.1475742108433711308e-05	-8.3062376089374217737e-06	-1.0664605101877497448e-05	-7.4073483615448486387e-06	7.4200570756526479342e-06
-4	-5	0	-1.5970314676944665871e-05	8.4551217082821387591e-07	1.2776251741555733375e-05	-6.7640973666257114308e-07	1.2129404687767263648e-05	1.9111672916262100711e-05
-4	-5	1	9.4986711976994618302e-06	8.6238540667887031803e-09	-9.4126147854230625135e-06	-1.34511157337461535e-06	-9.0683891363174686347e-06	-6.6910624506059217717e-06
-4	-5	2	-2.464315980334539695e-06	5.0842000106811163402e-06	3.416782534032565989e-07	-4.1563695466936530568e-06	-4.0744363271609376016e-06	-2.2252384537189959094e-07
-4	-5	3	-2.9195424737603742507e-06	-3.962609296425721114e-06	1.3916628135791736494e-06	6.3268682148673355206e-07	-1.5732852757152095148e-06	-4.2290010260897386869e-06
-4	-5	4	-5.7064568108613572756e-07	3.8327627584652251925e-07	2.2436253117794596413e-06	1.6153841492171193388e-06	2.2338859586381885065e-06	2.4025064623679216928e-06
-4	-5	5	0.0001672604919657880889	-6.8213929053300700412e-05	-6.3997920566341258961e-05	0.00010900833237351408456	6.9810473006289217577e-05	5.4437189130873520169e-05
-4	-5	6	5.1388645324592749503e-07	-3.5479494614996193994e-08	-2.1600219520107767756e-07	3.8538002157907078944e-07	1.6258913949638690558e-07	2.9749702157256150648e-07
-4	-4	-6	-1.6065124032609508255e-07	3.4618902529654238536e-07	4.2135427879700003939e-07	1.6655556133381605013e-07	-1.738020256472699624e-07	-3.4182972442023897464e-07
-4	-4	-5	5.5069589113988113684e-07	-1.6896631383485271694e-06	-1.2317703135165513913e-06	1.5372156810761693845e-07	5.4485953790133616121e-07	1.228753256192728206e-06
-4	-4	-4	-8.2395678233032230978e-07	-1.1865069919505071723e-06	9.0600172386639653378e-07	2.4516629324897222293e-07	-8.2044941536074224001e-08	9.413406987015348435e-07
-4	-4	-3	-2.3842986021613004775e-06	9.8595355624742141918e-06	2.4783947201379538959e-06	6.6983779309370626887e-06	-1.2546149063553762644e-07	-2.207721799121503697e-05
-4	-4	-2	-1.5985496437204188918e-06	-9.7847256562788233354e-06	1.5204678752238461254e-05	-9.4260351745725637281e-06	-2.7212258217036084301e-05	3.8421521661702777515e-05
-4	-4	-1	6.6304140786834333057e-06	-1.408843434477112412e-05	-1.7228397946422537349e-05	1.9673025369879797408e-05	4.2391935470956416173e-05	-2.2338364100434696542e-05
-4	-4	0	-1.0117551744160804746e-05	-2.5195581999328501652e-06	1.0117551744160804746e-05	2.5195581999328501652e-06	3.0159885720827153655e-05	4.6999059260779648458e-05
-4	-4	1	-1.1393836938528915351e-05	-1.4913263109188237737e-05	8.7454342504754257153e-06	4.5579928724894958956e-06	-1.0593610752213960237e-05	-4.1421080946794963976e-05
-4	-4	2	2.9679568853736452766e-05	-2.027048424142117956e-05	-5.0325276416148586461e-05	1.1601998091446398228e-05	-4.1291415124824260615e-05	-1.7336972299949562665e-05
-4	-4	3	1.6975789663880054147e-05	1.260624514785827231e-06	-2.5106107285657405266e-05	-6.6885443942025792527e-06	-1.0840423495703132003e-05	-7.2372265058890024132e-06
-4	-4	4	-2.2827853191701972768e-07	1.7198205656939489892e-07	-2.2781951570982902986e-06	-2.3575735941075157793e-08	-2.5064736890153099204e-06	1.484063206283197312e-07
-4	-4	5	1.5521191436506168256e-06	9.167065502547797679e-07	-7.1756651517126021194e-07	1.2882158507667468344e-06	6.676421027834853756e-07	1.7639379208172212819e-06
-4	-4	6	-4.1884771683457981095e-07	-3.6018410334764666799e-07	3.0038112621884361649e-07	3.9131387433084233299e-07	-7.8977727077157445329e-08	2.0753180655463775566e-08
-4	-3	-6	-4.6732862519452956508e-07	-2.1226973888033712809e-07	6.82373906782083754e-07	-2.44969063376406081e-08	-2.963453659468882369e-08	1.5376161242237839827e-07
-4	-3	-5	1.3618884270143776291e-06	-1.1138745931074866738e-06	-4.0922312831354271736e-07	1.1880275993562594407e-07	-8.4397686462337656817e-07	8.1981801852461366934e-07
-4	-3	-4	-6.8091068993935097931e-06	2.536252076937403716e-06	1.7506508695292440563e-05	1.2176698715461062398e-05	-6.3207746220758197824e-06	-1.1668776113533199667e-05
-4	-3	-3	2.5989244842275101006e-05	3.4309381880821619651e-07	-2.2365050282386779203e-06	-5.495625551325130624e-06	-3.2415821428128127233e-05	5.0381671262475088169e-06
-4	-3	-2	-4.7255756713051703672e-05	-4.1023637695941120274e-05	-1.4751308200883096863e-05	-1.1335269555495416352e-05	0.00011663847572742804925	9.9050179725125375241e-05
-4	-3	-1	1.6234078307538920801e-05	-3.3169904907354845773e-05	-8.7021594213592643212e-06	3.8652405611839907274e-05	-3.8829834966077890241e-05	1.6722402793899674822e-05
-4	-3	0	-1.9814059681413752215e-05	-7.5454737507800746896e-05	2.6418746241885004083e-05	0.00010060631667706767156	8.4619902520577136942e-05	1.2225488735333794925e-05
-4	-3	1	2.6248064921081782312e-05	9.15619651122683653e-06	-2.4014969434534147783e-05	-2.08002834748184114e-05	3.2947351380724682513e-05	-2.5776064379547884692e-05
-4	-3	2	-5.6246296946863802739e-05	9.1306264783302918558e-05	2.1476502482935735526e-05	-8.9113679559081453581e-06	-8.0277840169323995412e-05	0.0001692454776327436284
-4	-3	3	1.856643935475265066e-05	-8.952236697135920889e-06	-2.043384201669607884e-05	6.6224207938603972697e-06	4.3214104563074556568e-06	-5.313894802320829453e-06
-4	-3	4	-1.7697416336872318286e-06	2.3807596601828894136e-05	-3.8957682652314496447e-06	-2.6092397056126117021e-05	-4.6915678326108194857e-06	4.2382988097343063697e-06
-4	-3	5	1.4726600968635945429e-06	6.7241303528869702456e-06	-1.2859873863136233027e-06	-2.195620870509142924e-06	4.0653564570270162093e-07	4.0619317600040903574e-06
-4	-3	6	9.4933468710597335066e-07	1.2166135067942886282e-07	3.2117881036205882609e-07	-5.1014443153842148942e-07	7.9347919658501169976e-07	-1.7396464864959150283e-07
-4	-2	-6	4.5905868337547919331e-07	-5.1034678349706846458e-07	1.7627112083436558524e-07	-1.1746292897381975503e-08	-3.647961625284413416e-07	3.4414661996383962331e-07
-4	-2	-5	5.6501294936168962774e-06	2.325213689691926592e-06	-5.4485857634258169524e-06	-2.4075597419468845861e-06	-2.3406692895231904103e-06	-8.9714705497478760854e-07
-4	-2	-4	6.9754035132039855354e-06	8.3978060439749089699e-06	1.3007326852754439074e-05	-6.3619012594210122593e-06	-1.3479066939581205072e-05	-5.2168554142644024167e-06
-4	-2	-3	2.5142717193811128768e-05	2.1280820138300469291e-05	-7.0035067791118592499e-06	3.2930867947765977792e-05	-2.8854618405673598293e-05	-5.0328338816244608657e-05
-4	-2	-2	-0.00010755240169440346469	-8.9137416471924042511e-05	-5.0144663201934877204e-05	1.5125577563112531398e-05	0.00026524946659074179981	0.00016314925538073556718
-4	-2	-1	-2.789411802430281898e-05	-4.1665582074195749802e-05	4.0427543039009927628e-06	4.9775496758569458584e-06	0.00010349096348940929548	0.00015670722894506910919
-4	-2	0	-2.096059277841545734e-05	-5.3245199860240095358e-05	4.192118555683091468e-05	0.00010649039972048019072	-5.965581801395830494e-05	-1.7284245027799993402e-05
-4	-2	1	-4.0743826703631054215e-05	3.7429068782611310572e-05	-3.6755568658551518925e-06	2.4111326245605045046e-05	-0.00017032642054623452319	0.00019793892762165533916
-4	-2	2	8.5492577469474637271e-05	0.00014803078138523855368	-5.4832835409204859576e-05	2.0446868247135595965e-05	0.00011615231952974441497	0.00031650843101761272705
-4	-2	3	7.0017428967465339981e-05	4.4225487367225072683e-05	-1.0935071149617162583e-05	-6.6425291343236091374e-05	8.6066524523542342661e-05	1.4683788927476027525e-05
-4	-2	4	-2.9726332242033977202e-05	4.6762287444539589747e-05	-2.5280587664689217981e-05	-4.656307321894574599e-05	-4.2366626074378586192e-05	2.348075083506672014e-05
-4	-2	5	8.0378040619690325358e-06	-1.153179239655265026e-05	-2.072648060530506606e-06	-5.2341169271168057275e-07	5.601184025363023725e-06	-9.4347985943267925643e-06
-4	-2	6	9.1622519895000519806e-07	4.5035379714028963537e-07	-6.2861849157284838775e-08	-6.2910716054229629545e-07	5.8986284958090851029e-07	9.0533477912760987353e-08
-4	-1	-6	9.3767769866734309024e-06	8.0537282317600918867e-06	5.1959752870564684313e-07	-2.0962400991051637701e-07	-6.3377842458998954637e-06	-5.3342148195216420337e-06
-4	-1	-5	-5.4404219777897998105e-06	1.1960247048772373613e-05	-1.1591673403731268628e-06	-1.4258944790213159257e-05	4.5841710503064648821e-06	-6.7164086809752668699e-06
-4	-1	-4	1.3407532139040027145e-05	-1.9465710835395025943e-05	-2.4114433864567451842e-05	9.5825887474564429964e-05	-7.3789236728981633378e-06	-4.4907610332460807013e-06
-4	-1	-3	-3.1407951919764943169e-05	-2.8943541564582028899e-05	6.1650581266385848255e-05	-8.0421582466595593571e-05	2.1327075470891310399e-05	6.5398582908307898538e-05
-4	-1	-2	-5.6358534871294715813e-06	-6.7309235298948147516e-05	-7.1247956652825889575e-05	-5.5222896080044340942e-05	4.6895685300671893032e-05	0.00016222991863791845534
-4	-1	-1	0.00030374843022453986482	0.00040204687121514021087	-0.00071442333364129769532	-0.00044605251728373310508	-0.00050057038725686176395	-0.0011621349675768276842
-4	-1	0	0.00018502048553210433623	-0.00014352516856937347204	-0.0007400819421284173449	0.00057410067427749388817	0.00022083324558554487914	0.001176959814473651925
-4	-1	1	0.00013674737780297450311	-0.00021701407512879309909	6.5520358843192122575e-05	0.00049072077303715733523	0.00061250987005509016214	-0.00037733552747801506113
-4	-1	2	-0.00021130117760184355261	7.983874705154799965e-05	0.00014262912096441073538	9.9271008149922840085e-05	-0.00035128779472148175108	0.00020931299817805739901
-4	-1	3	-2.5917441481002203392e-05	-1.2510275347663181835e-05	4.6614157287698081969e-05	-2.2295512008882292142e-05	-1.9018536212103574941e-05	-2.411220446651167316e-05
-4	-1	4	1.9503531250303862249e-05	2.5004331869910922866e-05	-0.00013261216747998685276	1.5328425986071974604e-05	-1.3649510619692852635e-05	2.8836438366428913976e-05
-4	-1	5	-1.2732498371780973464e-05	-1.0994588424534228007e-05	5.8451283332886200427e-06	-6.5527514909319812145e-06	-9.016973030767055271e-06	-1.0106221037813779156e-05
-4	-1	6	2.5965651141185500174e-06	-4.0071669844025465052e-06	-1.7447872729635179761e-06	-4.8092977313009603152e-07	1.4402455305851138234e-06	-2.7515996184567135342e-06
-4	0	-6	6.5679048820254634687e-06	6.8950423048613674836e-06	1.1492474402442947596e-06	1.3028285839576165613e-06	-4.3786032546836428772e-06	-4.5966948699075783224e-06
-4	0	-5	-1.6223024702663380503e-05	-8.0583223207701986572e-06	-6.3635865905316463703e-06	-1.1450773607088826856e-05	1.2978419762130704402e-05	6.4466578566161589258e-06
-4	0	-4	2.5551483314501982532e-05	-2.2248088640166046351e-05	8.1888161851472178899e-05	2.9704491706962851292e-05	-2.5551483314501982532e-05	2.2248088640166046351e-05
-4	0	-3	2.7662851742726809695e-06	-7.3646462042423438236e-05	5.1442200308509104974e-05	-8.1308643571026889075e-05	-3.6883802323635744848e-06	9.8195282723231250982e-05
-4	0	-2	-6.0865093396850577351e-05	7.9974346663876292565e-05	0.0001106292918198705015	-2.0538287214622696203e-05	0.0001217301867937011547	-0.00015994869332775258513
-4	0	-1	8.3461491560967378841e-05	0.00015252571906510046639	0.00069684167107053748228	-0.00038065178926613906993	-0.00033384596624386951537	-0.00061010287626040186557
-4	0	0	0	-0	-0.0015862678090389249752	-0.00012720542818004569943	0.0021599206682844907489	0.00066939038541174880701
-4	0	1	-0.00017903778210399989065	1.4177691911311165809e-05	0.00014087427760424748474	-0.00028753894798823402502	-0.00071615112841599956259	5.6710767645244663235e-05
-4	0	2	2.3926134419350851161e-05	0.00029351738359813608643	-0.00024637008615320868648	-0.00039583488493151176802	4.7852268838701702322e-05	0.00058703476719627217285
-4	0	3	3.0084106220632918048e-05	3.3734906730100066771e-05	-9.0880733613052342725e-05	5.7730306134970100693e-05	4.0112141627510559656e-05	4.4979875640133424621e-05
-4	0	4	-3.7621404186699854253e-05	-8.1779868534358817421e-05	-0.00030429943030897986305	7.2672750164358621808e-05	-3.7621404186699854253e-05	-8.1779868534358817421e-05
-4	0	5	-6.9244813473934541489e-06	-1.629996627254861588e-05	4.7767827930280675974e-06	-2.263955333915483199e-05	-5.5395850779147636579e-06	-1.3039973018038893043e-05
-4	0	6	-3.6694905409389459398e-06	4.0502658288610294494e-06	3.0260350255658235302e-07	7.5077278273257288101e-07	-2.4463270272926304853e-06	2.7001772192406865819e-06
-4	1	-6	1.3096364717179529377e-06	2.5951502631891511877e-06	2.1410408074198795547e-06	6.5205684762241518963e-07	-5.1625084657532206799e-07	-1.6214240341890314876e-06
-4	1	-5	8.9255282914415952865e-06	-2.7961799896017707368e-05	6.1997841961416452701e-06	-2.8427916634084581486e-05	-5.9004657939249468364e-06	1.6683856589997249597e-05
-4	1	-4	-2.7754102936672222726e-05	1.4398420181858482623e-05	-2.3280932023729025124e-05	6.2368144113326425644e-05	2.1933869930739967292e-05	1.1936158464731227296e-06
-4	1	-3	-1.8210284495765660326e-05	-3.0670788322258189307e-05	1.9279315302537076521e-05	1.844110619646956834e-05	3.0706817761866571478e-05	4.7041419828500779707e-05
-4	1	-2	-4.2835782177952235231e-05	-3.336360662714462727e-05	-7.3952296889983313872e-05	6.9851767898251651274e-05	4.8695415910912813527e-05	0.00010165309720341508695
-4	1	-1	7.667191880331885364e-05	-0.00010168841583496340678	0.0002325019245300619119	-5.7739637762035413409e-05	-7.4185750683213516209e-05	0.00034901402557781821372
-4	1	0	-0.00010808550084416568022	-0.00028636080345106185554	-0.00043234200337666272088	-0.0011454432138042474221	-0.0013967864797964654831	0.00054750609117564582196
-4	1	1	0.00022047601280850997085	-5.9095872115077179151e-05	0.00070655750731538167087	-0.00018737124590135221039	0.00017534654391865818544	-4.9012242558956492663e-05
-4	1	2	0.00010583641517759264413	5.1786862181882097132e-05	2.0583622325516883373e-05	-6.4777780476765959151e-05	0.00020138101919242685166	0.00013596261460214716706
-4	1	3	-2.3648979860748737598e-05	3.9149049034604638058e-05	-0.00010497198678189334779	-9.8630834005969638187e-06	3.4586891129661320443e-06	5.548642651300517484e-05
-4	1	4	-4.1045890749829559198e-05	-3.1574646220548588935e-05	8.6462550110944955909e-05	-6.6861411822864556158e-05	-6.2661528277565804951e-05	-1.485929326483245159e-05
-4	1	5	-1.4461051420333830806e-05	3.0213575044246082948e-06	-7.6128787051423622381e-06	1.2068396397453649561e-05	-1.0046265395238592027e-05	3.406724048956606418e-09
-4	1	6	-5.8298323669746744119e-06	-1.3285161145349111259e-06	-6.3505046618502975001e-07	-3.7537837224068057733e-06	-3.7807131669522782476e-06	-2.6004678928880647268e-07
-4	2	-6	4.3248230082016055972e-07	-1.035180957305075552e-06	2.6503616234067565321e-06	-1.6780624581501436328e-06	5.9513234058881180423e-07	1.3076648548666924529e-07
-4	2	-5	7.4073970041454831437e-06	6.33591463995803072e-07	-3.4687178111276960944e-07	2.7282216713303897877e-06	-6.0646663157614940834e-06	5.8441549733551352102e-07
-4	2	-4	-2.0492447023826479363e-06	-1.7148354320995340688e-06	-1.6775257463825131316e-06	1.741758685092503902e-05	1.2104818291913914764e-06	1.042362885756205252e-05
-4	2	-3	-8.0206549372410286015e-05	1.2081770212414604031e-06	1.6985441155565692158e-05	-1.878395865981595544e-05	0.00011826569326692418064	-1.4133541801532583599e-05
-4	2	-2	-0.00014077481730079093297	0.00013737742969837843767	-0.00013981036987696323672	8.2523133807810232477e-05	0.00014173926472461862922	-0.00019223172558894668352
-4	2	-1	1.5698028183296189363e-05	-5.7045614182161143559e-05	2.6719147826293564011e-05	-3.0300108821430773358e-05	-9.3538170805976345116e-06	0.00016758223908578304107
-4	2	0	-0.00023598744652970248458	-9.8615588724545164868e-05	-0.00047197489305940496917	-0.00019723117744909032974	-0.00018108937803755576824	-0.00049270308423754721056
-4	2	1	0.00010681344526805309613	3.4438997231793607096e-05	0.00018912711350104450766	8.17133167304014092e-05	4.8999554070123409861e-05	-2.5670644533628403567e-05
-4	2	2	3.3320075093354819423e-05	-6.0712507888152633662e-05	5.2062341561943254926e-06	4.382452729235170139e-05	6.1433916030515309118e-05	-0.00016524954306865698227
-4	2	3	4.394845609364872235e-05	6.276909269266096891e-05	3.873886448652216313e-05	0.00010161675264792760856	3.277203180051685438e-05	1.5947621824929555099e-05
-4	2	4	-7.9960733632527686298e-06	3.3655558310778958472e-05	1.2697598632895417904e-06	5.0535631782963445508e-05	-8.6309532948975400545e-06	8.3877424192972374124e-06
-4	2	5	-3.506453985342927706e-06	1.0583078389853006443e-06	2.7916105818131408673e-06	-5.1454020315696446515e-07	-3.9218074209995985117e-06	1.0524623524510263015e-06
-4	2	6	-1.0735642576721869469e-06	-2.6981441379055300789e-08	9.794072868186118768e-07	9.4794265361083703445e-08	-1.0421786007209953275e-06	-4.9585716039731437213e-08
-4	3	-6	-5.4463631457891711671e-07	-9.1093914077171449318e-07	-9.3939124869628985241e-07	-1.3941610530544017429e-06	-1.066047479622001685e-07	-8.9787766012724586765e-08
-4	3	-5	3.9984712785976335393e-06	2.719424980801086645e-06	2.1337809887274339302e-07	5.3614552484990892972e-06	-3.0707501635544606209e-06	1.0413331644585846012e-06
-4	3	-4	-1.6353511783266165142e-06	7.0520739456713528415e-06	-6.1264296632704746032e-06	-9.0712369436754007119e-06	-2.9594710691262390147e-06	-1.3855501653427902952e-05
-4	3	-3	-2.9560369967143118848e-06	9.7734029394925285496e-06	-2.2645742262259802019e-05	1.5117547291687034584e-05	-1.8704359599974054533e-05	2.0863433723636630437e-06
-4	3	-2	-2.7414884141178102073e-05	0.00016082874342981381618	-7.2612772596012400581e-08	1.864617170461459116e-05	5.4720849123462181026e-05	-0.00029368822930270574055
-4	3	-1	-7.9523294069218863293e-05	-6.3640211150403131922e-05	-7.3478035213383238299e-05	-3.762948557343451727e-05	9.7659070636725751825e-05	0.00014167238788130898943
-4	3	0	2.2946499843128591442e-05	-0.00013894795491376074528	3.0595333124171457514e-05	-0.000185263939885014318	-1.2367988880904915263e-05	-0.00017235007488542575639
-4	3	1	-5.488262646858819429e-05	5.1680513019931237351e-05	-3.8260838580185098996e-05	5.064862838133688726e-05	-0.00010474799013379748017	5.4776166935714287623e-05
-4	3	2	0.0002804470458562039999	8.1675464966543003431e-05	0.00028050475402054185579	0.00014411137475686252186	0.00014013696068159527033	-5.2816132202207803029e-05
-4	3	3	-2.6060578977964232939e-05	1.4857548015756340124e-05	-2.1156468840466966988e-05	2.1941610809785155336e-05	-1.3590969796818675236e-05	-2.1315467887767009899e-06
-4	3	4	1.1349179271325867539e-06	-4.8965217058099760024e-06	3.275449703067605087e-06	3.0872676925803549755e-06	-1.3216693501681171672e-06	-7.211972475245242234e-06
-4	3	5	-3.8429772523216137011e-06	-9.0631508607228769148e-07	1.3202112284855014402e-06	-3.5224921176964231192e-06	-3.8665085389485917826e-06	1.3884432017600236337e-06
-4	3	6	2.1540505464473172695e-07	3.2898454516224502648e-07	2.2912946134725663285e-07	4.6541938662438281046e-07	2.9038639089526171516e-08	-1.3386663204028058104e-08
-4	4	-6	3.9437140909228924848e-07	4.209183539333230466e-07	1.1846290821254921059e-07	3.4248276977729388528e-07	-1.8393900058649335859e-07	-5.2290389437352798481e-08
-4	4	-5	-1.6698653042119261829e-06	-1.8114246375172681873e-07	-2.5453067300619304592e-06	-2.4140486862717205383e-07	-7.003531406800033999e-07	-4.8209923900356190722e-08
-4	4	-4	7.3739456108429331964e-07	-5.6253847169831617286e-06	1.1364596610991760582e-06	-4.0353038723925970178e-06	3.9906510001488279152e-07	1.5900808445905642874e-06
-4	4	-3	8.9782211872329558257e-06	-1.1004172384294225591e-07	2.3667456265499251428e-05	-1.8626138311815909583e-05	1.9585646771021725211e-05	-2.4688128783963956436e-05
-4	4	-2	-1.3182634471567833949e-05	-4.0155839943173386684e-06	1.5977295472353957273e-05	-1.581708606007030583e-05	5.8319859887843582442e-05	-2.3603004131505936016e-05
-4	4	-1	1.6615889142820909835e-05	2.3955208273825476424e-06	1.2180660653522153888e-05	-2.0831625966473924373e-05	-1.7740913957195020403e-05	-9.290858717542588806e-05
-4	4	0	8.0815653105791532696e-06	9.9271284715824696638e-06	8.0815653105791532696e-06	9.9271284715824696638e-06	0.00013290179602956029561	-5.8824482163509305256e-05
-4	4	1	2.3684670052372252131e-05	7.6374231042196287451e-06	2.0424742406746321753e-05	6.4628734407091315294e-06	1.3039710582503726593e-05	4.6981986540419914042e-06
-4	4	2	-1.9049133991876151005e-05	-2.1703302280064340642e-05	-1.7270761798473352087e-05	-1.872359376634250732e-05	-3.5567443868055931767e-06	-5.9594170274436615624e-06
-4	4	3	2.7789847413136699501e-05	2.2574066847545203886e-05	7.7238771382054255432e-06	1.5697811495812471203e-05	2.675462703324169974e-05	9.1683404689769786049e-06
-4	4	4	-9.004714171471011093e-07	3.767316039196853176e-06	-5.172438708572702148e-09	1.5869626089354789646e-06	-8.9529897843852836083e-07	2.1803534302613742114e-06
-4	4	5	-1.1632469149536488448e-06	2.8557829219024279765e-07	5.5554296799984163467e-07	6.4118307477732150902e-07	-1.3750319063627923412e-06	-2.8448382606966292674e-07
-4	4	6	-4.2915326843777579441e-07	4.5458967664117727162e-08	-2.8872753306123737493e-07	-7.3677425585679923937e-08	-9.3617156917692284067e-08	7.9424262166531767399e-08
-4	5	-6	-5.2570896066159435327e-07	-1.2903223566745896382e-07	-1.8961080141036499909e-07	4.9672472915068543314e-07	1.9246363926575876715e-07	4.999587647372104682e-07
-4	5	-5	-7.1799141222616906692e-06	-2.4438093167604062552e-05	2.8426801988276527775e-05	1.0412669628669221885e-05	3.4170733286085877599e-05	2.9963144162752469555e-05
-4	5	-4	-2.092071103570552231e-06	2.0604981095799569249e-06	-1.7465872630309620147e-06	7.6833865135392820395e-07	-9.1162975218150366741e-08	-1.1000747953875468023e-06
-4	5	-3	2.0958435683565953431e-06	-3.4703586385803767485e-06	-1.2293547079953176667e-06	-1.0398786486952501859e-06	-4.8433826044676562864e-06	2.8940137702817523039e-06
-4	5	-2	9.4870086044255741808e-07	1.1335487765338030645e-06	2.0736556489425483962e-06	-6.7141914721565134814e-07	3.2867374014712559427e-06	-3.9456454211067340759e-06
-4	5	-1	-1.6169111961680192438e-05	-2.0921434916342365794e-05	-7.2188043017790514189e-06	-1.3340278296199479681e-05	2.8582426337825515199e-05	1.6984348184372059689e-05
-4	5	0	2.2849270396412882503e-05	-6.6091040271410947889e-06	1.8279416317130304647e-05	-5.2872832217128758311e-06	3.1344137043848644113e-06	-1.471037003443520314e-05
-4	5	1	8.6447650837413209942e-06	7.2429142350727294321e-06	2.3395381615997341046e-06	5.2141245966371911711e-06	2.2881369526966612607e-05	2.9010339571049589083e-06
-4	5	2	-3.0251939660886757596e-07	1.1448561063454258116e-06	-2.375904333902015902e-06	2.4953898593107451783e-07	5.3347220415373040737e-06	1.6658647478631652492e-06
-4	5	3	2.0063400607370878695e-06	-7.5879358500139100187e-07	2.4930576996984945786e-06	-3.4524415892362380816e-06	-1.4799760851813738757e-06	4.7423445353918753257e-06
-4	5	4	1.8379891270711343222e-06	8.3891498313736879522e-07	5.5411239089924140208e-08	-1.8836727562455642983e-06	1.7687250782087290576e-06	3.1935059284443241681e-06
-4	5	5	0.00013062289560801577958	4.0706543852707307305e-05	3.3972483711358124141e-05	4.3646780101363987826e-05	7.0525832775054502237e-05	-1.108154501919814266e-05
-4	5	6	-7.4283006035703369907e-07	4.0785011136814294695e-08	-2.1732984014706215461e-07	-1.2904313390567386427e-07	-3.1411184011547071024e-07	1.3472595234593775443e-07
-4	6	-6	8.346521133746213525e-07	7.2294462292785341451e-07	3.1037168927723672081e-07	9.8428368854036568214e-07	-2.4606305297251084752e-07	5.023206065884633705e-07
-4	6	-5	-8.2099159488609837821e-07	2.8279351359423849655e-07	2.975821857683319995e-08	4.7692632464081500992e-08	6.9250313820107851604e-07	-1.6900365191849298811e-07
-4	6	-4	-1.0601616651339943553e-07	5.6997010443978288886e-08	8.5637491906423068152e-08	1.152566514736909622e-07	2.344724043730340179e-07	1.1588796676655814117e-07
-4	6	-3	4.9599520563608623872e-07	-7.249383192333581281e-07	1.0631487696944920763e-06	-1.1291676585060805008e-06	1.4649705985408693087e-06	-1.2917508913676835681e-06
-4	6	-2	-1.0843032703098386617e-06	-3.0912903928372872323e-06	-4.5948888971441600333e-07	-1.7846836273586238421e-06	7.9013987147642963103e-07	8.2852990359870272663e-07
-4	6	-1	6.2702086185023043466e-06	1.7635082142002742434e-06	3.6382626694682186005e-06	8.0185693602702507355e-07	-3.2512584571999040891e-06	-2.2428912406389463205e-06
-4	6	0	3.5206110992078516553e-06	5.1020434931230041489e-06	2.3470740661385679114e-06	3.4013623287486694326e-06	5.818943665481257643e-06	9.1246152029323138547e-07
-4	6	1	-2.3387686141766077186e-07	6.1471450324915188877e-07	-2.6761201413603632251e-08	4.7525268854329421867e-07	-7.7494023718902126746e-07	-3.92658118263157704e-07
-4	6	2	-7.7123395112296887185e-08	1.2366858693359373316e-06	-9.725620194471154335e-07	8.3419661852794240704e-07	2.7634392681167522879e-06	-2.9218116911952210457e-08
-4	6	3	-8.2508959323641284912e-09	-1.6253967612686878897e-06	-9.1110919354870433808e-09	-8.3943714049904640767e-07	7.2209892944885804522e-09	-4.8832140069349103752e-07
-4	6	4	2.9138840582077423943e-07	-6.7011074357397869978e-07	-9.1128552515836934884e-08	-3.1298620139339082917e-07	4.2808123459452965499e-07	-2.0063144148389242955e-07
-4	6	5	8.9485273365853641581e-08	-4.383434733924177036e-07	3.172030109717902676e-08	-5.6089278773872126953e-08	3.35238573760680838e-08	-2.8336764418528761583e-07
-4	6	6	-5.0947796102670593826e-07	-9.2951954334736292881e-08	-3.746532644183192561e-07	-6.4241171665315983525e-07	3.5001290400515270795e-08	5.8044374709666897333e-07
-3	-6	-6	-6.5187241859681651265e-08	7.1091633874452451034e-07	-5.2902879776505698952e-07	8.2573630298322360305e-08	5.6162241869489773574e-07	-4.3803179967058462871e-07
-3	-6	-5	-3.3502814009575467157e-07	2.903131731553293577e-07	1.859023544736224492e-07	-3.3981989324231532478e-08	-2.206594131089411095e-08	-1.3340951670411976771e-07
-3	-6	-4	-2.3371087119459136981e-07	3.37920071530612229e-06	6.2157843237503231875e-09	-5.4013007506707219869e-08	1.6595947691031805126e-07	-2.4533810252195307984e-06
-3	-6	-3	-6.5321149289806655706e-06	-7.978820691857111308e-06	1.2530217528174145697e-06	1.3161511789172152664e-06	4.0260714233458364311e-06	5.3465183340226811988e-06
-3	-6	-2	-1.1643722836138686656e-06	3.6839140209658107183e-06	1.1810141063469065297e-07	-2.9083534681885971269e-06	1.3922541935167311321e-06	3.1991893731170748797e-06
-3	-6	-1	-6.7720164933684061053e-06	-3.2353145175667059156e-06	4.6256722209754838534e-06	1.9488143241351099677e-06	-7.4379838457476831102e-06	-1.9869423921105420591e-06
-3	-6	0	1.2194507105591616653e-06	-7.3875817878335451174e-06	-6.0972535527958083265e-07	3.6937908939167725587e-06	3.1809392601425764137e-06	-7.1255189771770132868e-06
-3	-6	1	-6.1669298742127621157e-07	-8.0544344189357567227e-06	2.5681012085812187237e-07	4.9278124662641876414e-06	-3.092182371150974534e-07	5.4035715407778573744e-06
-3	-6	2	-1.5120047231793757106e-06	1.9870148618437996181e-06	-7.656874509782348936e-07	-2.5929610028998655498e-06	-4.5650694377037680349e-06	-4.798360715933897434e-06
-3	-6	3	5.5244562243902185748e-06	-1.955735780130846334e-08	-1.0008405089344564854e-06	-7.2796062219940557954e-07	3.5227752065213056039e-06	-1.4754786022001195662e-06
-3	-6	4	3.0863519191072904591e-07	-1.6593817913859692619e-06	4.0972169605656126374e-07	4.2232314849204966792e-07	8.4605893801788865357e-07	-6.1105162080140244453e-07
-3	-6	5	2.4083089478943638137e-07	1.2970822963503539324e-07	-4.2789481367655502427e-08	-1.7490183124940215567e-10	9.3151159232475225908e-08	7.7615055583521948456e-08
-3	-6	6	2.994146159827201256e-07	-9.5690189161789177081e-07	-1.9192409624775697434e-07	-5.8241459200825964986e-07	-4.221678825639689169e-08	-1.0608655378172056411e-06
-3	-5	-6	-6.2304006749078849602e-08	7.6664175160399625886e-07	-1.680811876515473497e-07	-2.3467688301326136295e-07	1.7121965975082887847e-07	-1.8775680662428034461e-07
-3	-5	-5	-6.4113497282445677403e-07	4.5642998378276179058e-06	3.0465928651724902482e-06	-7.1138296661197266921e-08	-2.6619118814778160356e-06	-2.6674416060353733839e-06
-3	-5	-4	-1.8301191023127894719e-06	-1.2195442345092813984e-06	2.6807419358539720396e-06	-2.1189013202979852101e-06	-1.9783380930828730514e-06	3.5632848262544424026e-06
-3	-5	-3	1.6020722779916520489e-05	-1.0514736878553903687e-06	-5.9207312597785519346e-06	8.3557119570453352819e-07	-6.1528373469522669822e-06	-3.4114497165216558223e-07
-3	-5	-2	2.7559168273159063392e-05	-1.2513059043965948193e-05	-1.4278020852857749786e-05	2.2733118271927272353e-06	-5.6437002775942189287e-06	1.3086308997967105683e-05
-3	-5	-1	-2.0273234638825845904e-05	3.9141396605896145225e-05	7.8573933202050165464e-06	-1.5985102160182742127e-05	2.1532737315452453285e-05	-3.7498679016774731816e-05
-3	-5	0	-1.218478346588147103e-05	-6.9676881117650816375e-06	7.3108700795288824489e-06	4.1806128670590488131e-06	-3.8447804311014234198e-05	2.5396772606698465521e-05
-3	-5	1	-1.1390290817710575159e-05	1.0738409545506002839e-05	1.0908119723709446295e-05	-1.0656331831977300576e-05	2.0369726165415506e-05	-2.1066430523368496059e-05
-3	-5	2	8.8041013036698381852e-06	-1.9743148058302513123e-05	-2.8978448929827198148e-06	1.5114881749530061024e-05	5.9615397230479562585e-06	8.1724822863713862637e-06
-3	-5	3	1.8586313398552678765e-05	-1.5916213945613441003e-05	-2.7258013557063341653e-06	4.2314176400450954882e-06	1.4043311139042121823e-05	-8.8638512122049493698e-06
-3	-5	4	1.3416983164239844952e-06	3.8138362545173700806e-06	-2.9706715934290361303e-06	-4.3663234521796632785e-06	-2.7070657544683066856e-06	-2.5975271243365514318e-06
-3	-5	5	-2.2978235420096082146e-06	1.7644950321873251303e-06	-7.3104882616688631819e-06	3.918223816981268103e-07	-8.6891823868746284495e-06	1.4505194010105219414e-06
-3	-5	6	4.24158113950246726e-09	-2.143887981799267486e-07	-2.3532077004163506356e-07	5.8297586198505933893e-08	-1.9397985113161132692e-07	-5.8613077257875102672e-08
-3	-4	-6	9.9224909680721605676e-07	-2.9332050527637108883e-07	-1.2407841332525538659e-06	7.6756379257550413822e-08	3.310648737647612685e-07	9.5489333133151930791e-08
-3	-4	-5	-4.4239647608135950301e-06	1.6011277615205845656e-06	4.6295866752196819668e-06	1.2835736669081519421e-06	-1.0492904836875886824e-06	-1.9875355904388720813e-06
-3	-4	-4	-2.7815944422966640281e-05	9.5814999384630424875e-06	2.1197578965192659292e-05	-6.1295065513291731782e-06	-3.3562064796767759836e-07	-1.0566184025181082639e-06
-3	-4	-3	-7.8784235901478632071e-06	-1.1915557562343681821e-05	-1.7114342962007732113e-06	3.9178712722776372611e-06	1.0160335985082226924e-05	6.6917291993068312927e-06
-3	-4	-2	5.9856919562461100069e-05	0.00013777367185216206303	-2.504290304546225924e-05	-8.0881517181010027275e-05	-3.9699573252767128236e-05	-4.489747341622306033e-05
-3	-4	-1	2.6658836452011703584e-05	1.6740173161620288777e-05	-5.4071702949154754384e-05	-2.5625995257887628696e-05	0.00013631030244058391695	5.2283461546689648453e-05
-3	-4	0	1.1759078128203039789e-05	-1.1651326665583007908e-06	-8.819308596152280265e-06	8.7384949991872559308e-07	-0.0001340946698479904373	-5.5309831986203206611e-05
-3	-4	1	-6.8633899182496884849e-05	-2.1871159150162464483e-05	4.5207941221487741852e-05	2.8145905231815930086e-06	-2.5069932661539670197e-05	-5.4355115357761019719e-05
-3	-4	2	2.5920126016874573961e-05	-8.4164764766177644397e-06	-2.7604504192399113139e-05	-6.5115284832906020996e-06	-1.632881935948636703e-05	-2.5647771681507848318e-05
-3	-4	3	2.4377367181007536913e-05	4.0475964121641779756e-06	2.3960623697227753254e-06	1.3262899616566639613e-05	2.7572117007304571245e-05	2.1731462567586362432e-05
-3	-4	4	-2.2000465664723123523e-05	-1.7114866787556988682e-05	1.928769033087064682e-05	3.1805935079687920077e-05	2.7873410823283033307e-06	1.8969784989020181107e-05
-3	-4	5	3.8780445246704250051e-06	-4.0178133615162373246e-07	-1.6871892063122779004e-06	-1.1519980320894460442e-06	9.7707534975243289444e-07	-1.1626672273625310749e-06
-3	-4	6	-1.0179228473267624706e-07	-1.0890662813221633232e-06	1.0803920159683450113e-06	1.7060952713159485391e-06	6.6936520161255853082e-07	5.9286370688288406646e-07
-3	-3	-6	-1.4559480186536900747e-06	-1.9801328459554954439e-06	8.7051879650359059007e-07	3.0150158958101265502e-06	2.927146110750497423e-07	-5.1744152492731555316e-07
-3	-3	-5	-9.1107905955817777561e-06	-7.8625114550595094084e-06	1.2230275359174633319e-05	5.686482645758557115e-06	-1.8716908581557127026e-06	1.3056172855805715878e-06
-3	-3	-4	2.1042094513464443825e-05	1.1629006836886417208e-05	-2.8101445802683137069e-05	-1.1702978316348985327e-05	5.2945134669140190854e-06	5.5478609596925493383e-08
-3	-3	-3	-9.5485999573434763655e-05	9.2617373111100024271e-05	-0.00010169130846392208836	-7.8939092764686287176e-06	0.00019717730803735683846	-8.4723463834631397248e-05
-3	-3	-2	-5.448441467480383526e-05	-0.00022634460895289230248	6.8772570133264178871e-05	0.00032909323572358228395	-2.1432233187690518804e-05	-0.00015412294015603497221
-3	-3	-1	2.9987550909404408627e-05	0.0004895810259229522619	-0.00012844902979188457912	-0.00078868425123795079905	0.00029538443664744047082	0.00089730967594499550302
-3	-3	0	0.00018678693225662219716	8.8149015585640714469e-05	-0.00018678693225662219716	-8.8149015585640714469e-05	-0.00033202633764012828106	0.00095230957580501025914
-3	-3	1	-0.00027206009961056184469	0.00024041061919694009714	-5.9901411295648609166e-05	-0.00055814105342692928429	-0.00099588453271863140899	-0.00095319130268996764277
-3	-3	2	-0.00031828482967952197516	3.0763884099404162982e-05	0.00012993686023367309666	-0.00013903552598674433932	-0.0002825219541687733313	-0.00016240746283101027128
-3	-3	3	-0.00011238529359395736185	-0.0003166953204995042446	0.00018070391866922832992	2.1668901137002379698e-05	6.8318625075270968073e-05	-0.00029502641936250185474
-3	-3	4	-9.7208646603780414887e-06	-1.6987626047472148799e-05	1.0123568660891771713e-05	1.288853775250637755e-05	3.020280003852978802e-07	-3.0743162212243297073e-06
-3	-3	5	-1.6806842318381800259e-05	9.356595392990415012e-06	1.3746362448159733845e-05	-1.3155346440244775974e-06	-1.8362879221332409494e-06	4.8246364493795621523e-06
-3	-3	6	1.5797260249204512763e-06	-5.1938467731577383775e-07	3.8088835664342362739e-07	1.3988563912816985462e-06	9.803071907819373989e-07	4.3973585698296230129e-07
-3	-2	-6	3.4715751026403573665e-06	3.5305189434662794769e-06	-9.0272121210529003551e-07	1.4353937918153751751e-06	-1.4348804806184155145e-06	-2.2437240690049316047e-06
-3	-2	-5	1.1954927605865182495e-06	9.8799869537763750023e-06	1.8944972080620422231e-05	-1.358899921885859088e-05	-8.2952844886000809855e-06	-4.9239248472238886105e-07
-3	-2	-4	2.0057555902004775095e-05	2.6584877469702128161e-05	1.8376521874241044918e-05	-7.4772360900863632342e-05	-2.423142786362410378e-05	1.7447522348155222591e-05
-3	-2	-3	-2.1728387769503640055e-05	0.00061093540599799548135	-0.00024554104964270238301	0.00039907163258630823409	0.00018542242086463855077	-0.00087698316105553426793
-3	-2	-2	5.6270737572564501867e-05	-0.00062259997070676024577	0.00068907285979625013898	-0.00034009214153591944135	-0.00077347896615509686806	0.0012739920975960597558
-3	-2	-1	-0.00047058375989133052752	-0.00017522501733815046385	0.00076366702636812024401	0.00039050672089529288745	-0.00011558277306224872926	-0.00025533838977613435624
-3	-2	0	0.00061956554660796568559	0.00022838745931930278747	-0.00092934831991194858259	-0.0003425811889789541812	-0.00088266912661973887921	-0.00043463482976014030344
-3	-2	1	-0.00061392696472864071323	0.00022184234621254675791	0.0012819646801142442396	3.5610306314344098708e-06	0.00072214846604256644792	0.00067264909990050907908
-3	-2	2	-0.00073140446509007220072	0.00038991843158317095099	-0.00041196014431828752427	-0.00022349951518398276408	-0.0015090668419533957711	0.0003613781321907736082
-3	-2	3	-0.00020245658733848028821	-0.0014177284070172604339	-0.00047533796093553849034	0.00023520869327533689319	-0.00051934856129550593939	-0.0012609226115003692621
-3	-2	4	2.44707543890349757e-05	1.7831006529504112831e-05	1.2870594920773270627e-06	9.4069286179798676523e-06	1.8996595537814896259e-05	1.807671920611801845e-05
-3	-2	5	-1.4431736834697148593e-05	5.148155513394168123e-05	2.9555600720959118754e-05	-2.4700196760328428934e-05	3.1631981875653584304e-06	2.1008854376233636487e-05
-3	-2	6	-5.0867246714523733645e-06	-7.4817497271896118713e-07	-1.9316949601722898904e-06	1.7291030898213021778e-06	-3.1872606557836165046e-06	2.0228021024762013236e-07
-3	-1	-6	-5.3633642648246671885e-06	2.0652997181615168819e-06	1.0234539846515758285e-06	-2.6255642492971405554e-06	2.5111064683037376934e-06	-5.9505581753123508562e-07
-3	-1	-5	-1.2087320150921825022e-05	7.2294169670387856477e-06	3.2327807853240070628e-05	5.4844055872960783544e-08	7.8683051990508084509e-07	-4.3486189913978633706e-06
-3	-1	-4	1.9198790575131975466e-05	-2.0058558840555828405e-05	-4.5109383435842380816e-05	-5.2965767631533349023e-05	-3.1217470723883872425e-06	2.8285361038300206018e-05
-3	-1	-3	-0.00015370190259380873271	7.1289865208940260714e-05	-2.4306240619246028729e-05	7.7240136598546356721e-05	0.00016180398280022409256	-9.7036577408455708437e-05
-3	-1	-2	0.00033418867544712826164	0.00012840578451921676249	-0.00055603871950023490891	-5.9539415341251482401e-06	-0.00022326365342057499222	-0.00018963170601176256242
-3	-1	-1	-0.00031539113882889406246	-0.002511080598132531521	-0.0010287746003645684839	0.0030062007637983688413	0.0019749480168512506713	0.0045270410305992252881
-3	-1	0	-0.00047993364045185229203	0.00078227555498677466342	0.0014398009213555569303	-0.0023468266649603239903	-0.00054417340442786447073	-0.0029115679801017049777
-3	-1	1	-0.00057961041832874625208	0.00090854145196553044543	6.754616600414798896e-05	-0.0034231851543464792038	-0.0016712850889820905775	-0.00069756079844988786755
-3	-1	2	-0.00032681107647574146905	4.6760655461387165544e-05	-0.00077846927732547058828	-0.00057058012201282811999	-0.00087945125337634752483	-0.00021514907781433330151
-3	-1	3	-0.00010590636668777270114	-6.2514015272425527484e-05	-0.00051594588402040458906	-0.0005700650814726964527	-0.00027788832802790757771	-0.00025253570909665771452
-3	-1	4	1.3912241568771420843e-06	4.2734176849947447946e-05	4.7636095191207722497e-05	-8.4992114561995715598e-05	1.295244191545978597e-05	1.0802603996961655366e-05
-3	-1	5	3.8914600740634070874e-05	-2.0526165126623915154e-05	-4.9866556642587729533e-05	6.4088660398578880823e-05	1.3375449115862895601e-05	5.0203300374142677586e-07
-3	-1	6	3.6652937338004062277e-06	3.5490680310527436896e-06	-1.7959085074974856139e-06	3.6878948350608830211e-07	1.5333287823172888096e-06	1.8359989294440533255e-06
-3	0	-6	-1.5996730733867992434e-06	-6.3752802875624558551e-07	-5.4585074873709776364e-06	3.0222516442157894604e-06	7.998365366933996217e-07	3.1876401437812279276e-07
-3	0	-5	-7.9371922500573590065e-06	-1.7546521457736956637e-05	3.4809493225109543039e-05	-8.9851585453545551141e-06	4.7623153500344150651e-06	1.0527912874642174999e-05
-3	0	-4	-5.7182072950553071444e-05	-3.3507324560956482659e-05	-0.00010073945899263601195	-1.3979546930203115465e-05	4.2886554712914805277e-05	2.5130493420717358606e-05
-3	0	-3	2.1091248372861809754e-05	0.00031963379798018772687	0.00052849623145077764125	-7.3432149787855280311e-05	-2.1091248372861809754e-05	-0.00031963379798018772687
-3	0	-2	0.00031514982319972651217	-0.00063370733012689257468	-0.00052158654796776858942	9.3099882349158538035e-05	-0.00047272473479958976826	0.00095056099519033880781
-3	0	-1	-0.0034179346554806988752	0.00081700257546460516248	0.0055316737811413512274	0.0042725146984444010989	0.010253803966442097059	-0.0024510077263938155959
-3	0	0	0	-0	0.0012568617770711094581	-0.00069892275252072838965	0.0024481070772874409178	0.0017819235187878810708
-3	0	1	0.0022085595686557814472	0.00073153515921912210754	-0.011219791532442549911	-0.0042999982916828091706	0.006625678705967343908	0.0021946054776573664311
-3	0	2	-0.00020650918865003126297	-0.00014939060274282481267	0.00050720943933761663582	-0.0010223903682693247317	-0.00030976378297504689446	-0.00022408590411423723256
-3	0	3	0.00022550525980383312702	0.00011552816040082171671	-0.00031941759360470397362	-0.00062220988033407633941	0.00022550525980383312702	0.00011552816040082171671
-3	0	4	-7.3901428002016595893e-05	-8.1280447918511412029e-05	-2.9024087592131564927e-05	-3.4296932223734890774e-05	-5.5426071001512443532e-05	-6.0960335938883555634e-05
-3	0	5	-4.2999370881230701341e-05	6.2472235056200206148e-05	5.9902073549483598179e-05	7.6416475419765521261e-05	-2.5799622528738422837e-05	3.7483341033720123689e-05
-3	0	6	3.8758704667926803652e-06	-5.1568523211594004493e-06	-6.1433300912911439705e-06	-1.4106620124837749796e-06	1.9379352333963401826e-06	-2.5784261605797002247e-06
-3	1	-6	7.3725054653754083436e-06	7.0055963976948853466e-06	-1.9566695522413170662e-06	7.8793269271586899787e-06	-4.0123643247279236829e-06	-2.1895770443209944847e-06
-3	1	-5	5.0657608467199935809e-06	3.62721115138769706e-05	-1.5913304881324274268e-06	2.0163624655568326495e-08	-3.3577226056584815069e-06	-2.1759234183395067164e-05
-3	1	-4	-7.1170720398229444245e-05	-3.1826215057230368595e-05	-5.3939921360529249488e-06	-6.9993580705042461707e-05	5.2029542264658848135e-05	6.3712661166621644077e-06
-3	1	-3	2.8676134949122196589e-06	4.5735852907831209366e-05	-0.0010349908777314291604	0.00025469289599648029139	-0.00034786457273872192948	3.9161779090995547654e-05
-3	1	-2	0.00035042464874904754278	0.00013176481445704781872	-0.00039478815360800741932	5.1360399999320561408e-05	-0.00072303104992757494252	-0.00017196702168591145076
-3	1	-1	-0.0012628996519117353676	-0.0029719364543980253922	-0.0026497453442882578506	-0.0031119201888454707354	0.0011389536114469480353	0.0058038891743486063085
-3	1	0	0.00054344623862712896235	-0.00058795193979964464979	0.0016303387158813867786	-0.0017638558193989338409	0.0036158333920967050852	0.0037263136681142698323
-3	1	1	0.00077973542166202142178	0.00092466658117931125986	0.0016411868345145223629	-0.0030255516701939502711	0.00069801943047154201092	0.0057995514137318838338
-3	1	2	-0.0011119858929670221707	-0.00042948631696233813141	-0.00083307806987519472317	-0.00046482163519873033897	-0.0012514398045129358945	-0.00041181865784414205473
-3	1	3	0.00047622272366784179198	-0.00036490339031737192843	4.6416548812127373237e-05	-0.00015149607391884829756	0.00046075054073046599638	-0.00031440469901108914451
-3	1	4	1.7959071712371591249e-05	-2.7764233811869717348e-05	2.981903473523287877e-05	1.4377226692791963964e-05	6.0145451004704737443e-06	-2.4417482032100280696e-05
-3	1	5	-9.7725235232500457368e-06	8.1408750273792912706e-05	3.7338115492095237723e-06	8.0192081771450485217e-05	-6.6102764237919315189e-06	3.2806833809985653291e-05
-3	1	6	-3.2338576925577888971e-06	-7.5801329848617796518e-06	6.1770688555522302293e-07	-2.1489467907199670847e-07	-1.7198799938714317249e-06	-3.7542507125855569794e-06
-3	2	-6	3.5095021493608039405e-07	3.9825588521466617626e-07	-1.8038135537969380701e-06	2.6578783013783551703e-06	-7.7674629206701958902e-07	6.8683149118545195982e-07
-3	2	-5	-1.0336375472698264112e-05	2.1137375595756974645e-05	6.9659707549437279938e-06	2.7576358237449452583e-06	8.9882135855964503425e-06	-1.1579371027956207531e-05
-3	2	-4	-9.2140099983291782787e-05	0.00013748094983250360238	-4.0716326199964800148e-05	-1.2273071561992177899e-05	4.8746911887486443792e-05	-0.00010924724815537379243
-3	2	-3	0.00010812873483193494411	-0.00022500511130553430645	-0.00033634983730873764529	0.00040168069379042958301	-0.00033236195970442669861	0.00049279224049915404653
-3	2	-2	0.00031382953045919312514	-0.0017892264624979295918	0.00044289419257058517494	-0.0013646113815990806254	-2.7850103118204509381e-05	0.0013192283121478138707
-3	2	-1	-0.00058038237528700551988	0.00084276859130445497693	-0.00058904593629621325879	0.00059697663513296383899	0.00056305525326858993362	-0.0013343525036474373612
-3	2	0	0.00033917060261640238298	-0.00046830572966002486117	0.00050875590392460362868	-0.00070245859449003726464	0.00079339998176672767247	0.0009829502655764473483
-3	2	1	0.00026844374664585136546	0.00058910942573768391734	0.00026572083521993227536	0.00052321410854754316858	0.00027388956949768959986	0.00072090006011796519802
-3	2	2	0.00030177403616513706185	0.00054053452479767847075	-1.5903485734340539848e-05	-0.00058070517326236652158	0.00046856453998204609197	0.0013915069604588841193
-3	2	3	-0.00070916255878327122495	-0.00021471881552785626471	2.010098307530112024e-05	3.4798642357035904278e-05	-0.00072256321416680534351	-0.00023791791043254684949
-3	2	4	0.00010594836001343472262	-6.5252506547561781123e-05	-7.6652801487666231083e-05	-3.0440038581786409974e-05	0.00011778767075390916429	-3.3719360619778132549e-05
-3	2	5	4.0852337509270051654e-05	7.6044008003133140231e-06	2.0668238011363021896e-05	1.5801609816715861921e-05	1.6244107301016825622e-05	-1.7580034464983566511e-06
-3	2	6	-5.6251358202978994373e-06	4.7339416083933890539e-06	-3.9944636034066984651e-06	-4.1138796362189156044e-06	-1.4810800423467167557e-06	3.7382640162696662539e-06
-3	3	-6	-1.5319032737357190674e-06	-1.8840789389709131364e-06	-9.4704159355734111171e-07	-2.5542873919203668859e-06	2.9243084008918897785e-07	-3.3510422647472687474e-07
-3	3	-5	1.550468749972739467e-06	5.4881337140919946889e-06	-1.0439850971012012949e-06	8.7553552142012165086e-06	-1.5566723082443643301e-06	1.9603329000655328377e-06
-3	3	-4	-1.8954707410375352868e-05	9.5754149428691557924e-07	4.0428156256764878379e-05	-3.3615437573391309618e-06	4.4537147750355174283e-05	-3.2393139387195350116e-06
-3	3	-3	0.00017035974954344738279	0.00013377975982387601238	-0.00014317751686316031873	-0.00010043483515651805999	-0.00031353726640660772862	-0.00023421459498039405881
-3	3	-2	-0.00033805321920295585986	-0.00024454271641096792054	-0.00027978540979681557326	-0.00029154203695242532661	8.7401714109210389245e-05	-7.0498980812186149759e-05
-3	3	-1	0.00058245083901278338432	4.9604477866872545544e-05	0.00061345224709961974473	4.6172851712030531159e-05	9.3004224260509176111e-05	-1.0294878464526051627e-05
-3	3	0	0.00029566768705222137631	0.00027234470669227251079	0.00029566768705222137631	0.00027234470669227251079	0.00054782125494634060798	0.0017692616617025615049
-3	3	1	1.2054777211891336793e-05	0.0001157907059811891454	0.00013219547189786823847	0.00021578229896066991535	-0.00036042208405793069994	-0.00029997477893844233694
-3	3	2	-0.0001324976952747701595	0.00047926823603257139679	0.00011379926061054217894	0.00013274674289895211873	-0.00036944543382796854155	0.00051978223970042887643
-3	3	3	0.00016106695978860394625	-0.00022161653160584433354	8.2633803762015975631e-05	-0.00020759178042493206095	7.8433156026587970617e-05	-1.4024751180912279366e-05
-3	3	4	1.508242775892127698e-05	2.4305815896855565464e-05	7.742271313534792874e-06	7.9420685572280482937e-06	5.5051173340398635033e-06	1.2272810504720637454e-05
-3	3	5	-2.1582530379966854033e-06	-1.3433012513118305027e-05	-5.8762512447653668211e-06	-6.0616828458558626806e-06	2.2307989240612085119e-06	-4.4227978003574655775e-06
-3	3	6	2.1597720649759407133e-06	-2.6488314068158080843e-06	-1.5169916211078112377e-06	-1.9454237307688623316e-06	1.8383818430418759755e-06	-3.5170383802347292931e-07
-3	4	-6	3.8936970452300550614e-07	6.0479267478390412756e-07	-1.494534288790063331e-06	2.4196660852726204129e-07	-1.1910410447882115169e-06	-1.4108526504044408037e-07
-3	4	-5	6.2172804150636862505e-06	-7.8524504567521420174e-06	2.5574739593229821912e-07	1.3767078127370296798e-06	-3.5257703322923734715e-06	5.812836524240909293e-06
-3	4	-4	5.6419095405569183379e-05	9.9984686987370870366e-06	1.0968626285667844669e-05	9.9353343163308366175e-06	-3.1345695268509044559e-05	2.43648279227802134e-06
-3	4	-3	-9.1520145412610969736e-06	2.8032170435093537315e-05	1.2417818602466563815e-06	3.1403366791857036642e-05	1.080772368825663938e-05	1.3838985287382508718e-05
-3	4	-2	0.00020042507898142657564	3.920219321993058994e-05	0.00013980282057355993453	2.5167124396792093512e-05	-2.1031977325020007963e-05	-8.4690410363116995794e-06
-3	4	-1	-1.3896524480163162821e-05	3.5483364840329550179e-05	-1.9104047474346608017e-06	4.658739288745882996e-06	3.4047954450750843563e-05	-8.7815137366005111778e-05
-3	4	0	-8.1119050349957839237e-05	2.7449500070252006681e-05	-6.0839287762468386204e-05	2.0587125052689003317e-05	-6.1815371268307510032e-05	2.6567252977214485406e-05
-3	4	1	-5.5196052329003907511e-05	-5.0177381484600857447e-05	-1.9439749096566282812e-05	-2.903848818336056658e-05	-8.7829160600746598061e-05	-3.4378191720360312797e-05
-3	4	2	-9.0176921292465817568e-05	4.5812500278787520499e-05	-9.1165795923095997852e-05	6.6771760829693817436e-05	4.7066209907493276128e-05	-6.482477124120634396e-05
-3	4	3	-2.4278673743568124788e-05	1.972663653809845268e-05	-1.8368283929965199553e-05	1.9770777847279515244e-06	2.1237149638547563061e-07	1.7090532825127851212e-05
-3	4	4	2.1371476156810702616e-06	-3.0272482579376047761e-05	-4.891010506901504838e-06	-2.1328402821986707589e-05	6.4938712186623071107e-06	-1.375959112545329925e-06
-3	4	5	-1.6024608227049546925e-06	-6.1918741235079171699e-07	3.210635632181043862e-06	-8.6583955114096911454e-08	-3.5299849993678079475e-06	-3.0224528331919752221e-07
-3	4	6	3.0707652403507167503e-07	2.5344729038961773806e-07	7.0720003356917977034e-08	3.9946862447642172908e-07	1.0639159311292384841e-07	-1.3958877112280559938e-07
-3	5	-6	8.8097305495296288175e-08	4.0096356815421911426e-07	2.4688668934917889935e-08	-2.2705678733011270908e-07	-2.3474761968549898614e-08	-3.8969577351887017009e-07
-3	5	-5	2.5485496163320862788e-06	-2.1015262208181064526e-07	-6.9704092946866720793e-06	6.1859901635220871158e-06	-8.4995390644859249477e-06	6.3120817367711742812e-06
-3	5	-4	2.8247670667237564136e-06	5.3164114211183161734e-07	1.0489345351639921923e-06	2.8486686902221785057e-06	-8.0740713108782706987e-07	3.1621050061938493397e-06
-3	5	-3	-1.7151375388188763721e-05	2.06493690708609271e-07	-1.5651869499045162545e-06	-3.7295464572976659066e-06	1.4542730471681234513e-05	-6.4224044528713861702e-06
-3	5	-2	1.0859537504874529809e-05	-4.9556804357936171351e-05	1.0531281557833113851e-05	-1.000665757442218906e-05	1.0038897637270987373e-05	4.931856260084878607e-05
-3	5	-1	4.8272492947553085219e-05	2.2254109547691627917e-05	1.6101198292295253075e-05	1.3769093214132471049e-05	-6.4311487381182980117e-05	2.0831374275874795409e-06
-3	5	0	-4.3710815446155058188e-05	4.8874863379856520206e-05	-2.6226489267693033557e-05	2.9324918027913913479e-05	3.0037458406146067523e-05	2.1516681776047996412e-05
-3	5	1	-3.6916316186890739989e-05	-3.2509939861670745782e-05	-1.3387807972715760283e-05	-1.6904559733817532745e-05	-4.3809908697093408387e-05	-1.3007020915924565152e-05
-3	5	2	1.3176601311446184311e-05	-1.6442903741862032694e-05	3.8184682986432096484e-06	-2.7400458672306958463e-06	1.0218731220561252769e-05	-1.7814240944716306037e-05
-3	5	3	3.7754092840819907773e-06	7.7283121440386553917e-06	6.2989338687293067886e-06	2.9013553999778791762e-06	-6.7228138304668547175e-06	2.892719810742190945e-06
-3	5	4	-1.6430327854272568192e-07	1.0085883757241526488e-06	-3.9311424628093929396e-06	4.076385811606700835e-06	4.7907006196046971976e-06	-4.3390409827152609748e-06
-3	5	5	4.5473529265912903988e-06	-5.6376154596450006522e-07	-4.0060534668872868732e-08	-9.8036452162284051869e-08	2.7684722906236473926e-06	-2.402204754164160005e-07
-3	5	6	5.2458236157576624314e-08	-2.9086055287402512365e-07	-3.6923804951073697133e-08	-1.3317837338986221972e-07	5.6998955538016390895e-08	-3.4448298612127372105e-08
-3	6	-6	-1.6941938765127154323e-06	1.471309292159920704e-06	-4.1026688155969782061e-07	4.059862218074239405e-07	4.3683005669665984259e-07	-3.2966842427253641149e-07
-3	6	-5	1.2336225790261267738e-07	-1.2831140858217119576e-06	-3.3775165888506588728e-07	-3.986804156876586595e-07	-4.7931934540364665527e-07	2.9145195266783689965e-07
-3	6	-4	1.0409291083296840542e-06	-4.2253028880502743014e-08	5.4219595372869631171e-07	2.9135475156868283371e-07	3.2597099345781327656e-08	4.6872189901340126316e-07
-3	6	-3	1.5366613228491830625e-06	-1.3818796874349636073e-07	1.612199509345792164e-07	8.3800819615627847055e-07	-1.2142214209800246826e-06	1.8142043610560532224e-06
-3	6	-2	3.9421512152872761864e-06	-5.6647184945185930774e-06	1.4609901758676960062e-06	-3.0679981064800006623e-06	-1.5302562953278260493e-06	-7.0691657766211184153e-07
-3	6	-1	-1.7673782444998005915e-05	1.1539610867562189478e-05	-7.1390177206511807968e-06	5.5055071696096309115e-06	1.0187241011086931269e-05	-1.5857895850287804235e-06
-3	6	0	-1.1569929455354542351e-06	-1.1817594637137641235e-05	-5.7849647276772711757e-07	-5.9087973185688206173e-06	-7.4834224940787959468e-06	3.496957379865046601e-06
-3	6	1	6.5651419653092378764e-06	9.7202259432779389341e-07	2.8631510702491362414e-06	5.3553655396324664137e-07	2.5165194744328974517e-06	-2.9715154079609795621e-07
-3	6	2	-4.9450564569454872987e-07	3.0331183630415258256e-06	-7.067737277015547362e-08	7.0665158345151849922e-07	-5.2972635023135663425e-07	2.4297227942077336643e-06
-3	6	3	2.9466511912348684367e-06	1.9453716544382446029e-06	1.2243652405096897833e-06	1.2510550923596594185e-06	4.9792071021548865837e-07	-5.5673853028107444581e-07
-3	6	4	2.986487587248664824e-07	-1.2715240645615496691e-06	3.0547961791218570918e-07	-2.01550230015609959e-07	-2.3423285782462872844e-07	-6.5131770339774736624e-07
-3	6	5	-4.8577020763166063061e-07	2.746494647680858259e-07	-2.9173751937397086002e-07	2.7613392338095149456e-07	5.8622898669768680134e-08	-1.6657102919629029264e-07
-3	6	6	-6.1771971423921012133e-07	5.7538239695501558332e-07	1.6007148106320943891e-07	4.7316278178217697072e-07	-4.689313381828144731e-07	-1.8547158330466920553e-07
-2	-6	-6	4.2113260714192331534e-08	-1.0402164488721078613e-07	-2.526030739607210764e-07	-1.2992599447216925693e-06	2.3856532038932367447e-07	1.3339338263507628446e-06
-2	-6	-5	-1.6279854586040075972e-07	-7.2014622269252000935e-07	-7.3388841922399082004e-08	2.8939296981057574534e-07	1.5318602865103918641e-07	-5.9213074695682869495e-08
-2	-6	-4	-3.2111273794030305088e-06	-1.4304613146966640198e-06	-6.8500907856865949471e-07	1.1447347808405587923e-07	2.6330773075545048141e-06	5.4352044022224820429e-07
-2	-6	-3	6.474240412453879477e-06	-2.0622974612597864199e-06	1.4902533522353912271e-06	-2.8588040486685693747e-06	-7.2966669794400350154e-06	7.0924730715103294137e-06
-2	-6	-2	-4.3236208630390054108e-06	1.720324139758278156e-05	1.702372493390732547e-06	-3.9204601819268398253e-06	-7.8349661713319212419e-07	-5.4418608518022620839e-06
-2	-6	-1	-9.4748057527579225535e-06	-8.8253806549051857247e-06	1.2379127021247681182e-06	2.3225905393294306916e-06	1.1522135292767236397e-05	3.715218073833788147e-06
-2	-6	0	3.4174719858843529384e-05	3.6993096610277865892e-05	-1.1391573286281177026e-05	-1.2331032203425955297e-05	3.9279284853933621056e-06	9.5056914491295758202e-06
-2	-6	1	-2.6202536889653561032e-06	-9.201875873210768882e-06	1.2449985594992512827e-06	4.0847765960530543983e-06	2.2294839790647954901e-06	6.1049078298967894728e-06
-2	-6	2	1.0807026337777080697e-07	1.1843368546157098366e-05	-4.8476633942171294472e-06	-1.517918872011718238e-06	-1.4434919919273617482e-05	7.2896119301219434403e-06
-2	-6	3	-2.3428540246998814378e-06	1.7731320099569288859e-06	1.5205850061504907842e-06	2.1162545732931103841e-07	1.4792673291677272767e-06	1.6053389212965745615e-06
-2	-6	4	2.0799272354733004042e-06	9.6014347912379279396e-07	-1.1739975950429426266e-06	2.8432374844708598646e-06	-7.2103277482776363193e-07	4.7449279662681868291e-06
-2	-6	5	-5.630115000433597873e-08	6.9989277902625614024e-07	-1.4132994616114727535e-07	-6.3858787945938600114e-08	-1.9211639539511114573e-07	2.0332656607537615713e-07
-2	-6	6	1.9665988301250661469e-07	-5.0281706122455164193e-07	1.3228989594539898104e-07	-8.5990459179246109758e-07	1.9784319028290120358e-07	-1.0275102788673116802e-06
-2	-5	-6	-1.7269391432058302162e-07	4.8196173677386953011e-07	-1.1738444236582849015e-07	-1.8558391248933334348e-07	1.553850067450514311e-07	-6.0006518501787323525e-09
-2	-5	-5	8.8432309921188675958e-07	-6.6944195011816260224e-07	9.2503876756570276354e-07	1.9605245396586742964e-06	-1.2787680072504575097e-06	-1.6927477596114091708e-06
-2	-5	-4	-6.1966491918747039526e-07	-1.0277056917545819698e-06	2.3923301328236395759e-06	1.7173232817281840257e-07	-2.6805802064358143252e-06	2.9918743566126796183e-07
-2	-5	-3	-2.0004430968134236888e-05	3.5590596278052693559e-05	-5.2688903640036785085e-06	-3.9764604863670041123e-06	2.21177712520956238e-05	-1.7099630041423455237e-05
-2	-5	-2	1.7092767158848963906e-05	1.1254930888235342007e-05	8.8108630297999567958e-06	-7.2199451260559555356e-06	-3.9119924733348850814e-05	6.7949319269045464084e-06
-2	-5	-1	-2.794970648148286589e-05	-3.643860886911818171e-05	-1.3895554524983738337e-06	2.9232871932273054119e-05	6.2847190225457595018e-05	-7.3287141923128907173e-05
-2	-5	0	0.00013451955124148476796	0.00012422715470790745662	-5.3807820496593907183e-05	-4.9690861883162977227e-05	0.00025983824029465930764	0.00022356002071513168469
-2	-5	1	-7.4762911154804939629e-05	2.0467997477452200831e-05	4.0578706179169946597e-06	-4.5216391235497216072e-06	-0.00012923646922002488902	1.8327799337155787696e-05
-2	-5	2	5.2021391731169944737e-05	-5.0291224650646220047e-05	-1.5002120472838803648e-05	-3.7958684596576579637e-06	1.4516090549072935617e-05	-5.9780895799790364109e-05
-2	-5	3	3.4254184852447138831e-05	7.96478951288926443e-05	-8.6362944668042459761e-07	1.9198184401555874592e-06	2.1396740823830716566e-05	5.6298294152854406515e-05
-2	-5	4	-5.1912033129195826961e-06	4.3692837428453442097e-07	-5.30716402900639917e-07	-7.430765709704661411e-07	-3.2589971600855909002e-06	-7.1038152657081551883e-07
-2	-5	5	3.7512921178445194556e-06	-5.0284121438619205087e-07	-4.8219114979793350873e-07	4.0781495449174757139e-06	1.0183256973398742947e-06	3.8770130591629983007e-06
-2	-5	6	-1.1344707207211009439e-06	1.1558633398732675866e-06	-1.297783189560292011e-07	1.8639104430197534417e-08	-4.8630550603705797781e-07	4.0082036698292050013e-07
-2	-4	-6	4.5607849133224525604e-07	-3.057092208914127409e-07	-1.8636793135168462356e-06	-1.5878570209420444429e-06	1.090426711900482405e-06	1.1604744209251671913e-06
-2	-4	-5	-2.5231992000390277826e-06	-3.6229137570253079718e-06	3.2625116393413687558e-06	6.3772551541641114373e-06	-1.6007296314574839763e-06	-3.652638620521165707e-06
-2	-4	-4	-1.6671421844199854243e-05	4.5855288906942945619e-05	6.6034298923857309387e-06	-1.8099904580965096011e-05	1.7322810297141951241e-06	-4.8277398725063784931e-06
-2	-4	-3	4.2363068399319900206e-05	2.2949130746028593866e-05	-2.3138415984962089456e-06	2.9538322581677706213e-05	-2.5156923468218321543e-05	-5.4683850606256001936e-05
-2	-4	-2	6.141472398177381508e-05	0.0002521872949833509135	-3.1028454676790929523e-05	-0.00015917547438077099976	6.4218537180804195474e-07	6.6163653778191086011e-05
-2	-4	-1	-8.6154734562906841217e-05	-2.1675113043556037523e-05	2.9763886936349298395e-05	-6.4519545784101164942e-05	5.3253921380416488853e-05	0.00030142840922351674159
-2	-4	0	0.00051939219593258876065	-9.9843308067211700369e-05	-0.00025969609796629438032	4.9921654033605850184e-05	0.00046178008276537047157	-0.00021750374308324797712
-2	-4	1	0.00028204392204545652989	6.5327603935434559929e-05	-0.00011451180893245441628	-3.6942006617079727266e-05	0.00010604060836109535399	-1.7112818597449802756e-05
-2	-4	2	0.0001902479525816232512	-4.7752539705972017867e-05	-0.00011753527110526130616	6.3513599313972364069e-05	-4.4822589628899354335e-05	7.9274658921972703494e-05
-2	-4	3	0.00010800888328003918431	1.9903644239402370689e-05	-5.8228944586100911819e-05	1.8941952137078199342e-05	-5.6326705947750945808e-06	3.8525032342372508398e-05
-2	-4	4	-1.0256996829565976875e-05	3.1506563745941292584e-05	-1.3500669578080367063e-05	1.5600185214162623644e-05	-1.8629167992863358041e-05	3.1353467087133269936e-05
-2	-4	5	-1.7704849026219404033e-06	-1.1359955254196635069e-06	2.5778434677986783082e-06	3.330046252690693059e-06	1.3540808131901665699e-06	2.2096387919846891291e-06
-2	-4	6	-3.6416638586498061747e-06	2.6851774641770312883e-06	-1.150689538621338273e-06	1.5196208588569856772e-06	-1.9810143119641607657e-06	1.9081397272970008809e-06
-2	-3	-6	7.6011073024522895162e-07	-2.99096422299383038e-06	-2.7159980295682213241e-06	1.7332080104418877987e-06	1.1046287713690343095e-06	1.3038406911033289397e-07
-2	-3	-5	-4.2424216996235639203e-06	6.2497196792690536452e-06	2.777547354489685546e-05	-1.533410653079300245e-05	-1.4968315447088688725e-05	6.700576046768179673e-06
-2	-3	-4	-2.3665481948953267811e-06	5.4504405235157284615e-05	-2.3963467420568333022e-05	0.00010059949372923988236	1.9155874662873913157e-05	-0.00010270182291450855407
-2	-3	-3	-6.156402828918687922e-05	-7.080941743824974426e-05	-0.00018662849722486711751	-5.0457568747209547225e-05	0.00022767118275099170366	9.7663847039376047916e-05
-2	-3	-2	0.00063841331481028461281	0.00046666598925067595549	-0.0010107267531206593544	-0.00046269128582334480195	0.00087767681487070441874	0.00022737093948434122033
-2	-3	-1	-0.001321236107468443154	0.0002085077876870613568	0.0013594991508439136559	-0.00063635338475738175475	-0.001436025237594854443	0.0014920445788980224965
-2	-3	0	0.00016807664577924981246	-0.00014427593580503491363	-0.00011205109718616654616	9.6183957203356613606e-05	-0.001009655266486966102	-0.0010717068613382558888
-2	-3	1	0.0010238090820313026311	-0.00073695967849831517903	-0.00038802606002845966204	1.046302411881142967e-05	0.00088353998397722643878	-0.0014425302846401959894
-2	-3	2	0.00076035497076193023745	-0.0017058434372342228588	0.00023078362711245135322	0.0021060364182567364692	0.0011065304114306071318	0.0014532111901508818451
-2	-3	3	-0.00019601180827845580772	0.00051310660194840555272	3.535481159940760085e-05	-0.00025222681607034566544	-9.5319727252896264188e-05	8.98442518952580183e-05
-2	-3	4	-0.00020516639253925712848	6.9106298649123645492e-05	-0.0001033892844195422213	4.4961829477697491458e-05	-0.00018012515958428521328	6.8274521432834943033e-05
-2	-3	5	1.657437178677381289e-05	-1.5069168896199927203e-05	-1.8567188015049058154e-06	6.8216160056875285714e-06	5.5157174338065816243e-06	-1.9346979550674540772e-06
-2	-3	6	-4.1706308245074882914e-06	6.746931919711562731e-06	1.1253243287513941582e-05	1.2649521735561760233e-06	4.2364113689211419254e-06	2.8814533933486092044e-06
-2	-2	-6	-5.3648131131911299115e-06	6.8971932566521790539e-07	-4.4692785776219291056e-06	4.9187013512620689722e-06	3.2780305636043527233e-06	-1.8694735589757623278e-06
-2	-2	-5	1.7411826717427523922e-05	-1.7720739157691078159e-05	-1.9852978409892051311e-05	-2.9407657357429844542e-06	9.7646067698581142138e-07	8.2646019573736252147e-06
-2	-2	-4	0.00017728705954282679013	0.00023700023115132387206	-7.3062276553028876274e-06	1.6496763412879725046e-05	-8.4990415943761947861e-05	-0.00012674849728210179516
-2	-2	-3	-0.0019268726256705191301	-0.00060344937064165423812	-0.00090311446512539165273	-0.0021241209311409162824	0.0018866580605306072609	0.0018183802011883802748
-2	-2	-2	6.2518755793693756625e-05	-0.00074376193342488025953	0.0020077506873710962258	0.00085778501451876543616	-0.0020702694431647900367	-0.00011402308109388514953
-2	-2	-1	0.00048121909415083070167	0.0015264075304893326077	-0.0017203025328831843526	-0.00094224757383406393136	0.0024781668774647071934	-0.0011683199133105373526
-2	-2	0	0.006471954744817124891	-0.020150219739586534839	-0.006471954744817124891	0.020150219739586534839	-0.0079624671744751331082	0.003458774116657460998
-2	-2	1	-0.00013156521895984867043	-0.0014855037315871105503	-0.0013896511528186826154	0.0017225560010869524468	-0.0030424327435570625716	0.0004741045389996841183
-2	-2	2	-0.0011853893865657687788	-0.00092477424777603607717	0.0016143018496291904138	-0.0003450196635363122241	0.00042891246306342174343	-0.0012697939113123482471
-2	-2	3	0.0022090241568442077306	-0.00062504931100948023931	0.0010267625353820330515	-0.00051992401247344583771	0.0021571911281508273327	-0.00076331554898861734854
-2	-2	4	-0.00041921366214714357893	0.00017195981174809567369	0.00023921167948863828563	-7.3914343819243987399e-05	-9.0000991329252660205e-05	4.9022733964425849922e-05
-2	-2	5	1.6774994578339601271e-06	-3.3977623468756551787e-05	2.4179891375264080404e-05	1.3030596648028190031e-05	1.0342956333239216297e-05	-8.3788107282913430084e-06
-2	-2	6	2.3185700104189122287e-05	-5.5379454834980671067e-06	-3.483540720150384865e-06	3.6265036904816038424e-06	6.5673864613462466544e-06	-6.371472643388210528e-07
-2	-1	-6	9.82532359383540584e-06	4.6209760249826706095e-06	2.203109444395156203e-06	-2.9369331630420644113e-06	-3.6422927720109947883e-06	-1.050836481153879468e-06
-2	-1	-5	9.3427644405378489686e-05	4.6121760928804491578e-05	2.5320058197494215693e-05	0.000174366147149431519	-4.2435069401650234947e-05	-5.3321933801408099077e-05
-2	-1	-4	7.2136080400913779598e-05	0.00010750842175450500574	0.00016415940202158579224	-5.5739934863703278426e-05	-7.7107890705853344634e-05	-3.9819227161326681567e-05
-2	-1	-3	0.00026087600337014476724	4.5984471765768098687e-05	0.00077572692501634240604	-0.0010752839625123109674	-0.00043249297725221066491	0.00032777167299359154934
-2	-1	-2	-0.0017324917112381385455	0.00090819877861819024809	0.0023745840511930505629	0.00043017512916969889714	0.00054519968564161326412	-0.0011232863432030398051
-2	-1	-1	-0.0028563585284525770842	-0.0011828008937340044656	-0.0089367522234491490046	0.00095568575680691147337	0.01464946928035430404	0.0014099160306610975663
-2	-1	0	-0.017065155007367792395	-0.018560030148041251064	0.034130310014735584789	0.037120060296082502127	-0.003323197482765791709	0.027279639652664090799
-2	-1	1	-0.0010178285487766297428	0.0023812438580979376594	-0.0023157998073049562877	0.0016168873916717052801	-0.0043514569048582153396	0.0063793751078675799485
-2	-1	2	0.0030528970661554957408	-0.0030846878670103333384	-0.0054533177263747052363	-0.0029317822446202537051	0.00032623820296814312267	-0.0045505789893204601909
-2	-1	3	0.0010532939839134689963	0.00022586735207159205191	0.0010572762694733776456	-0.00091022828652985747142	0.0010546214124334384737	-0.00015283119412889113156
-2	-1	4	-2.3185353955427426292e-05	0.00017819061382919550748	-0.0001935561347790004617	0.00020526452542128425854	-5.998171067246382349e-05	0.00014041143826991881838
-2	-1	5	-2.4063783680328028743e-05	-9.9192699088136316313e-06	-0.00014945638512525055187	2.7242871365848058573e-05	-3.9516790497181323227e-05	1.4808663096441591891e-06
-2	-1	6	-2.6521738468954686495e-05	-4.1341059272642174762e-06	1.3903670935253227794e-05	5.0656551581853018153e-06	-6.523301000442691713e-06	-5.337594493905222601e-07
-2	0	-6	-2.9403612736525725857e-05	2.2947339151108674234e-06	-2.4945526546902100902e-05	6.6282873604371926893e-07	9.8012042455085758504e-06	-7.6491130503695584308e-07
-2	0	-5	0.00014844982088580658272	9.3158780372602670132e-05	6.6672145371134456542e-05	0.00018290700993954999917	-5.9379928354322637156e-05	-3.7263512149041070763e-05
-2	0	-4	8.4065690322583522601e-05	-2.7115701848980982089e-05	5.3214912240493379453e-05	-0.00038471914788969826388	-4.20328451612917613e-05	1.3557850924490491044e-05
-2	0	-3	0.00098612381629686603028	-0.00012388390288709460411	0.0010361299328322933974	0.0009851259461403233126	-0.00065741587753124402019	8.2589268591396402738e-05
-2	0	-2	0.0052589886212874191115	0.026201369216107588817	-0.0021018221925379241243	-0.00064997003409535830405	-0.0052589886212874191115	-0.026201369216107588817
-2	0	-1	0.001779596762608130333	-0.01846566373226934607	-0.0096937661683997450313	0.015967376256205794566	-0.0035591935252162606659	0.03693132746453869214
-2	0	0	0	-0	-0.016628662553877585073	0.02170479262432461684	-0.0047337181118790672488	-0.010519564379182420183
-2	0	1	-0.006839985505508026746	0.0056279771315728846851	0.021811169745241248963	0.0031207203559649931632	-0.013679971011016053492	0.01125595426314576937
-2	0	2	-0.026194446744300617369	-0.0013176025490879311221	-0.0099119679755054462128	0.0058459745886673209272	-0.026194446744300617369	-0.0013176025490879311221
-2	0	3	-5.0783659813370164715e-05	-0.00048883455840113452465	-0.0018988767597077895952	-0.00078431940643139039758	-3.3855773208913440885e-05	-0.00032588970560075636784
-2	0	4	-0.000233040304641193624	-2.0250612083313367806e-07	-0.00015497235245690219843	0.00017443540961641627223	-0.000116520152320596812	-1.0125306041656683903e-07
-2	0	5	5.3064104766901858438e-05	-0.00010518070141064932166	0.00012196384078137525152	1.3233922062458065494e-05	2.122564190676074473e-05	-4.2072280564259731373e-05
-2	0	6	8.7423476615094945102e-05	-4.0498631464003169881e-06	1.390795211465433233e-05	9.9680183729746166981e-06	2.9141158871698312775e-05	-1.3499543821334391372e-06
-2	1	-6	-8.4790622589127058966e-06	5.6669031972469748607e-06	-2.5409319520798718666e-05	4.0819161262084608321e-06	-1.4085325004955514278e-06	-1.2086483780475813404e-06
-2	1	-5	-5.3268227439681412885e-05	4.8510451841489667286e-05	9.5788021940542087134e-05	-8.44416529490739869e-05	4.046489536398097987e-05	-3.6292511326410667005e-05
-2	1	-4	0.00013109260759946395817	-0.00013320611364194142288	-4.6724454298398469354e-05	-0.00025685973946774968936	-7.7227417374331599814e-05	2.38812195403329715e-06
-2	1	-3	0.00050349617658938588746	0.00057217866257724557446	0.00010867934877579736737	-0.0031539327285398533612	-0.00029943766813432477541	-0.0014327633512314480978
-2	1	-2	0.00047526339208247306246	0.0012356566733987568024	-0.0030541729513883261564	-0.000494989112454389266	-0.0020023498677766361949	-0.001483151229625951327
-2	1	-1	-0.0011145278492051130526	-0.0073733937995845381247	-0.0029393709323267307523	-0.0053334990766365653753	-0.00071031523391650475564	0.0094132885225325091394
-2	1	0	0.0031483381366830863815	0.0088821325092963282488	0.006296676273366172763	0.017764265018592656498	-0.01846576513644600584	-0.025439980542450273127
-2	1	1	0.0012754244971744886899	0.01592255025612602376	0.0039013434231565391475	0.018247531353886368988	-0.0013504944288075619845	0.013597569158365682002
-2	1	2	0.0031845627769233031922	-0.0041669972780609887061	-0.0034657705930249624315	0.0016838919885905038066	0.0049174480734357839742	-0.0050089432723562409347
-2	1	3	-0.00072076207361441578698	0.0010622679497843056599	-0.00027593380116334661773	0.00067624097222355973244	-0.00038853011535516161594	0.00048276497578168391664
-2	1	4	3.6011769424559911376e-05	6.3190372387949113667e-05	6.1177013574709675605e-05	-1.0757816855520465737e-05	2.7116313186025355163e-06	3.4284640407854668185e-05
-2	1	5	-3.2507597603245892964e-05	4.5792483509413975612e-05	9.3797776806879668249e-05	-1.4784447767865311509e-05	-3.176259440267428948e-05	2.1273882957338653563e-05
-2	1	6	2.1881931376683652125e-05	-2.3646982664071482521e-05	1.7954396371317347735e-05	1.2190592032815533182e-05	4.3015777303416591367e-06	-9.9140928934930824725e-06
-2	2	-6	2.5585756619803461754e-05	9.7307555199628843707e-06	1.349424979830696127e-05	3.2854503344457279495e-08	-4.0305022738321665457e-06	-3.2326336722061427674e-06
-2	2	-5	2.1408422913725079137e-05	-7.1863994717100421127e-06	3.0796837937454904477e-05	-1.6903596268743822668e-05	3.7553660094919282726e-06	-3.8868787188135125608e-06
-2	2	-4	-5.7284296788331523118e-05	-0.00027308883133993059646	3.6692628825414408183e-05	4.6702511839240629294e-05	4.6988462806872969039e-05	0.0001598956715895856061
-2	2	-3	0.0001428308537974197945	-8.3242439172607107963e-05	-9.1828798947920966655e-05	-0.0022928504764749293131	-0.00015643976849689383173	-0.0014730720248682146589
-2	2	-2	0.00073407895865686221409	0.0014072053794900159316	0.00039040943952400365431	0.0041178524037739985819	-0.00034366951913285855979	0.0027106470242839824335
-2	2	-1	-0.00084959342161264306791	-0.0024396408583617868945	-0.0024433439049663524534	-0.0016026495852625118922	-0.0031875009667074183373	0.001673982546198549571
-2	2	0	-0.030652199024138154781	0.011293073129809200542	-0.030652199024138154781	0.011293073129809200542	-0.002005984773384771741	-0.0002160220180996081697
-2	2	1	-8.6127696295933167084e-05	-0.0036504025960217216344	0.00059151347029177579143	-0.0028222788843663649747	-0.0013552823331754177815	-0.0016562474233107137532
-2	2	2	-0.00064051419389192000304	-0.00038598394193923538532	2.7740368158620261358e-06	0.00054149196394660825422	-0.00064328823070778197793	-0.00092747590588584363953
-2	2	3	0.00098144483778835208375	0.0018417749460615195044	-0.00028492606700155503636	-0.00047469950378109179723	0.00084424726985993811621	0.0015443162998950742733
-2	2	4	-0.00021896801216651713739	0.00040706309667064792925	2.5243156218515755173e-06	0.00022300926314041048153	-0.00011074616389418435666	9.2026916765118723859e-05
-2	2	5	-4.4321780287823880906e-05	-2.1083858313510537815e-05	-9.2237098414616548779e-06	1.9886410988918701602e-05	-1.4039228178544890072e-05	-1.6388107720971695767e-05
-2	2	6	-1.0001473012077429628e-05	-1.3866998327176542771e-05	-6.242639327761015899e-07	-3.4856790495522854463e-06	-3.1257363597671093108e-06	-3.4604397592080857748e-06
-2	3	-6	1.4329731482858408871e-06	-4.610076704947257598e-06	1.134892529967066572e-05	1.0073148328518579124e-05	5.1968049337400526347e-06	6.573266399241708479e-06
-2	3	-5	1.1357076174946814529e-05	-2.5241964514393399927e-05	3.0185848697126675303e-05	-2.0994832363617846067e-05	1.3568678748297278693e-05	-2.5001136124133472459e-06
-2	3	-4	-1.4131408586181721116e-05	-1.9722348037512145468e-05	-2.9197888255910954991e-05	2.7460413343859571924e-05	-1.4832711898842355685e-05	3.0456484026650751677e-05
-2	3	-3	5.3483184248259725134e-05	-0.00021784005922154771112	0.00019169111969212214463	-0.00061173133752155434053	0.00015603566352661565669	-0.00046650463137385583031
-2	3	-2	-0.001007271172775815694	0.00034070261553981407094	-0.00087612691668631286976	0.0010611276594403305003	-0.0003069192022536535564	0.0012509888736206814085
-2	3	-1	-2.7895481255532166519e-05	0.00063047752722991082675	-6.1637980375822088385e-05	0.00060614970614358105409	-0.00012912297861640193212	0.00055749406397092150876
-2	3	0	-2.3729109177397692232e-05	0.00060335172762069841108	-1.5819406118265128154e-05	0.00040223448508046555317	-0.001007649970339712011	0.0014591732856642609332
-2	3	1	-0.00046520644827392803244	-0.00058295063917141029183	-0.00032186523263314826843	0.00014954061226251399823	3.5182801351588787852e-05	-0.0016145231151303625784
-2	3	2	-0.0008356985667776598058	-0.0022164493172480803466	-0.0012006771406806843704	-0.0012785068368623129544	0.00096531714424336664132	-0.00029868906195461091511
-2	3	3	0.00048217321304808451101	-0.00018329559430762382404	0.00070318591456393765397	-0.00061533826116507892544	-0.00038173710586521470084	0.00049314119829332978169
-2	3	4	-7.799510034758964103e-05	1.9430496709935242492e-05	-0.00020455933177887259539	5.5362458482785644793e-06	0.00011442194866035962602	5.5630639687586974632e-06
-2	3	5	4.2409077392049520486e-06	1.4456922749845436144e-05	1.1008371996789741314e-05	1.1880416481983379593e-05	-4.9086601023918641383e-06	-1.3454807892518527052e-06
-2	3	6	2.206379108813900441e-07	1.6215121839099091527e-06	1.9632065784992692135e-06	3.5681864704463277432e-06	-9.0805731895583782835e-07	-1.2435891739198608913e-06
-2	4	-6	-2.7870246928456308477e-07	1.9177915431518327814e-06	1.4143303900727845598e-06	-5.2579942395722184604e-06	1.0357877498100441034e-06	-4.1445933407654230929e-06
-2	4	-5	1.4664546639726896826e-06	-2.8650942759500046096e-06	-6.1746515151469889379e-06	-1.0377073805904268535e-05	-5.526303077706666854e-06	-7.1556213343434128151e-06
-2	4	-4	1.4893028783993077816e-06	-1.2335687552208514164e-05	5.0315629614345313222e-06	-2.325390691894762757e-05	4.2869115222348767961e-06	-1.7086063142843373029e-05
-2	4	-3	-1.0072267428984959567e-07	-0.00011450149380777013993	1.1369963443417710949e-05	-0.00017934962698764884536	1.5227099707416847963e-05	-0.00016279850677835170053
-2	4	-2	-9.9344064375881649311e-05	5.2532213696990541149e-05	-0.00013674755245308441555	1.2032922846996587301e-05	-0.00017415104053028718179	-2.8466368002997366547e-05
-2	4	-1	2.1973330316166273023e-05	8.1454258393269583191e-06	5.4959689773585234599e-05	-3.726869951825352589e-05	0.0001758920984620084059	-0.00016536564975166802359
-2	4	0	0.0002228810800930304569	-0.00045832144263970600812	0.00011144054004651522845	-0.00022916072131985300406	-0.00014817629366486905949	0.00044309196796553211323
-2	4	1	-4.3191045092687627279e-05	3.491153867023366432e-06	4.1609235652055182313e-05	4.4416929454719023625e-05	-0.00025281903279359601092	-0.00017068541008482935825
-2	4	2	8.53899478583821747e-05	0.00012972935461357017477	9.9664126910820448487e-05	0.00011862250516778227	-0.00011393830596325872227	-0.00010751565572199435169
-2	4	3	-0.0001497974349361444078	-3.338642271077749558e-05	-7.6552175468234378978e-05	5.3938874673874003625e-05	2.2046106668828878253e-06	-9.417611470568367307e-05
-2	4	4	5.1913729523822633636e-05	2.0109089086393061292e-05	2.0067920881695408547e-05	5.9782689902910739375e-06	5.8889438802159074237e-06	4.0762755529054567086e-06
-2	4	5	-2.1602729682700816173e-06	3.1706510142819022577e-06	-5.8886572749121848832e-06	1.2234826466612383457e-06	3.8468166326217149208e-06	2.8947428838377030066e-07
-2	4	6	-2.4176711042581825812e-07	-3.652155382222195891e-06	-4.4126887574297995457e-07	-3.9497525221024107345e-06	2.135902136867138572e-07	1.4157832206608749809e-06
-2	5	-6	3.7288486269594513522e-07	9.9607286933676508267e-07	-1.085439420246001103e-07	9.3383734664845410363e-08	-2.1474823925248181248e-07	-2.5420451089155049907e-07
-2	5	-5	1.063045157821627929e-06	-3.1712065601647736312e-06	1.142480649261581425e-06	-6.7288703545612176617e-07	7.1726258613293029573e-07	5.9559558860978764398e-07
-2	5	-4	1.0653794383368837977e-06	4.5434849565779583758e-06	-2.3729386588830818431e-06	-1.5750031700124350983e-07	-3.4988630427722942028e-06	-2.4686178745405338664e-06
-2	5	-3	-3.0681813216496463349e-06	-2.0591918452342489898e-05	1.1166273276109106496e-05	-6.5387746687605393278e-08	2.0655909674614940022e-05	1.3618966057082317601e-05
-2	5	-2	4.9590669604518864094e-05	2.0350343644736297078e-05	-8.7916538909861685473e-06	-7.024541822871598305e-06	-7.1569804331984295627e-05	-3.7911698201915293265e-05
-2	5	-1	-3.5712595417267790172e-05	0.00010900172568132715858	-2.0457489109149199342e-05	7.6100043491855007922e-05	-3.0862254711210419756e-05	0.00016249676609662072244
-2	5	0	-1.3745362742806532371e-05	-0.00013336873239016411438	-5.4981450971226126096e-06	-5.3347492956065645751e-05	-0.00037716960170738715596	-0.000445726714291939908
-2	5	1	9.1458637804551880051e-05	-8.4821990025959169163e-05	-4.591789905669648086e-06	-2.1103873112820037536e-05	0.0002058762251374519946	-6.4124614487818157424e-05
-2	5	2	2.64116988165536265e-05	6.9669747584943611217e-06	-6.8945734242767908543e-07	-5.5659632117884760841e-06	2.8135342172622824055e-05	2.0881882787965550061e-05
-2	5	3	-1.3938908755293049854e-05	1.9988350152129234717e-05	-8.4552458411173450989e-06	1.0705104735469771383e-05	4.7994705650002069015e-06	-4.5162744576967941333e-06
-2	5	4	-1.986424935822431382e-06	-6.1236117643322785507e-07	-2.6753214598918702679e-06	-1.7883824113990610853e-06	2.3509393569536221438e-06	1.9292974260322123233e-06
-2	5	5	5.3507589971657727111e-07	1.56443188924643297e-06	-1.6248733084004126439e-06	-8.0105186563720470671e-07	1.838903668287043637e-06	1.4268246213357777253e-06
-2	5	6	-1.1281739810114089102e-06	-5.1117691179726496401e-07	-3.7746372747153923156e-07	-2.9655519190560620423e-07	-6.1504887444186943773e-08	7.6737022655583511114e-08
-2	6	-6	1.7517944446207373674e-06	-1.5813214596830797939e-06	6.9624760743102923808e-08	-6.4040876775260103168e-07	-5.1430672079714293591e-07	-1.133016145249077141e-07
-2	6	-5	-3.0034054784135896509e-07	-2.9138951846256926104e-07	-6.9770259714415852717e-08	1.6863943555430542335e-07	3.6411907479244553513e-08	3.1892313005019419126e-07
-2	6	-4	-3.767637346697211971e-07	1.4908260359306093502e-06	-7.9884817535706814883e-07	1.8357885655242407467e-06	-1.0098903957007415188e-06	2.008269830321056339e-06
-2	6	-3	-8.1410399062644049173e-06	8.3831997365790600395e-06	-4.3128103830922890014e-06	2.4356219228422534896e-07	-3.1982608286749748657e-06	-5.101675439817590246e-06
-2	6	-2	1.9032929573909329618e-05	-1.093441761362896444e-05	5.6847262485479679522e-06	-3.7642117344569961908e-06	-1.978750828265427455e-06	-3.5821758974202386727e-07
-2	6	-1	6.5911720493401703707e-06	-4.2396425206655420214e-05	-4.1652181396142049741e-07	-1.1602549549970303706e-05	-1.5681474982448864573e-05	1.5177553113489023273e-05
-2	6	0	4.5688658912691085896e-05	-9.2118958489922601619e-06	1.5229552970897029197e-05	-3.070631949664087003e-06	3.9206359290554785302e-06	-3.3057431842627106513e-05
-2	6	1	-1.0293211342325609455e-05	-1.2788721538636739275e-05	-3.1218086362625157353e-06	-1.8181903672856480031e-06	-1.8555708670761255578e-06	-1.4668300873559589684e-05
-2	6	2	-4.308519078748907867e-06	-2.1358827399561163068e-06	-4.1888350537051435147e-06	-6.8921302431813596634e-07	8.257986082366523524e-06	-6.8243667001708447482e-08
-2	6	3	-1.4282115744484971635e-06	-2.5736339641440893874e-06	-8.8362821369297507928e-07	-2.5011837314847326454e-06	8.1511537775361878683e-07	3.2866114868734056992e-06
-2	6	4	2.7705385457464019868e-06	3.2167823361038709486e-06	6.7283750328277414402e-07	4.0363479689271756541e-07	3.7601301794903967147e-07	1.0029389727128592056e-06
-2	6	5	-3.3927875689908687247e-07	3.775212332205227325e-07	-8.3321573587499057286e-08	5.2097834931789189219e-08	-3.5725614454635876274e-08	8.8491091370062057995e-08
-2	6	6	-3.7370596550561800421e-07	1.7374689725907516773e-06	-8.0616000222105020916e-09	1.9530638043188065006e-07	-1.1650705514632883264e-07	3.8384994376503660218e-07
-1	-6	-6	7.7456005204148894305e-07	-4.6611663653246213643e-07	-2.5188409198316831417e-07	8.078399429162043586e-09	1.2279074997625348151e-07	6.9607706659581646922e-08
-1	-6	-5	-2.8064999310150100646e-07	-6.01717822128537625e-07	-3.5843719711218175361e-07	-1.774703933440459994e-07	4.8625463515491828444e-07	3.3330803643856272429e-07
-1	-6	-4	2.3404111022422996028e-06	-2.02212348353126948e-06	-5.3973943849050631151e-07	1.6021812762660292661e-06	2.2450638217518456656e-07	-1.8977410435162265292e-06
-1	-6	-3	1.1096679122237266064e-06	6.3804006330994924947e-06	4.0028658433175558394e-07	-1.5209612956168435064e-06	-1.1704624727380865975e-06	9.1512238020052277724e-07
-1	-6	-2	-2.0000272147151837898e-05	4.7242519277143948107e-06	3.7419826256755514385e-06	-4.4139710593970896295e-06	-1.2258118034507349428e-06	1.0879787214334070636e-05
-1	-6	-1	1.0274970111313809173e-05	8.2483929213455434176e-06	-5.255978999150613364e-06	-1.2525414770818873095e-07	2.1260903883589869317e-05	-7.4968680350964121966e-06
-1	-6	0	-7.2634057069751833784e-05	4.6706387954363536258e-05	1.2105676178291972862e-05	-7.7843979923939227096e-06	2.5041468950082470618e-05	-7.0950250746645608185e-06
-1	-6	1	7.9482315807520883654e-06	-1.8415298990306070738e-05	2.812762213886521229e-06	8.0377323471952917642e-06	2.4824804864071215739e-05	2.9811095092865676459e-05
-1	-6	2	-2.0044901377563528001e-05	1.8466981479793240228e-06	-3.3492233443906584015e-06	-3.0758969171735161761e-06	-2.0070120721953740899e-05	-8.3043416775308852464e-06
-1	-6	3	6.0227250560610772143e-06	-4.3602847548401821036e-06	-2.9149603045894206232e-06	8.2175037813035159875e-07	-3.8223455904918155084e-06	1.9007250464730931297e-07
-1	-6	4	-2.9052607005330853814e-06	1.5392259449307398172e-06	2.471490060888936425e-06	4.6130340216242651712e-06	2.9809199162001335038e-06	7.3043575186690824994e-06
-1	-6	5	-3.9200911571437635805e-07	-2.7351519898793457647e-07	-4.8901977282092530163e-08	-7.1072462418499908206e-07	-1.3708419588138630516e-07	-9.07572588819585782e-07
-1	-6	6	5.3463930604047440943e-07	1.9668276671894924383e-07	1.4763819269561617483e-06	-4.3753696072172085104e-07	1.5654884779629075891e-06	-4.0475649960189598589e-07
-1	-5	-6	-6.300102951405781137e-07	1.3973970950574633535e-07	2.4318954521939434178e-06	-5.8964149770490972109e-07	-1.9215778276381898645e-06	4.6807796316980036953e-07
-1	-5	-5	3.1000209771715905964e-07	5.494042412578266371e-06	-1.1801462498305745296e-07	2.1865757596982696135e-06	5.601420543962564765e-08	-3.2853842422139229724e-06
-1	-5	-4	-1.6800802605251108173e-05	2.159483223847186994e-05	-1.136833812936324944e-06	7.7841336908975048483e-06	5.621242917483183382e-06	-1.5128875173239848969e-05
-1	-5	-3	2.0166056824064584576e-05	-3.7423936626365541071e-05	1.1711596825198234133e-05	1.5460768869984135287e-06	-2.6241346983351917285e-05	9.8978507304578241936e-06
-1	-5	-2	-0.00017877710676346587892	-8.8979359328827356784e-05	2.1316773351453114537e-05	2.513726339715744137e-05	3.6096620003100151426e-05	-1.8353478828479926726e-05
-1	-5	-1	0.00020407776951531918664	-0.00020700308673634486897	-6.4293801453053935871e-05	6.3349887424113271862e-05	0.00011739123774995049272	-0.00010974635038422144969
-1	-5	0	-3.7109307385294043862e-05	-4.538472472872573454e-06	7.421861477058808603e-06	9.0769449457451464846e-07	-0.00031256286791427040752	0.00023129695814360474266
-1	-5	1	1.4897547257736628017e-05	9.4528977397195784868e-05	2.9607411243394311497e-05	-1.7137001393715829944e-05	0.00016293460347470818889	8.8439704286166215947e-06
-1	-5	2	5.4651269584743365749e-05	0.00017670154869670469085	1.713469355807489567e-05	-4.5167108068084335656e-06	7.0162368687558927132e-05	7.7058997331331269558e-05
-1	-5	3	-9.6553684991911996631e-05	3.5422056087500482658e-05	-2.0737025922426323172e-05	3.7535976574030405299e-06	-6.6746271534681201904e-05	1.8063348124838563463e-05
-1	-5	4	-3.154185946975375743e-05	-2.4534979798185404843e-05	8.6212421664333765729e-07	-1.3918340473030173821e-05	-6.8078095966342666771e-06	-2.353167054083406891e-05
-1	-5	5	1.9502355194690866042e-06	4.6098326899229556799e-06	-9.8933058630070790657e-07	-6.9599270979498724791e-06	-5.992834824068905222e-07	-6.0379605599652815125e-06
-1	-5	6	-9.5351827252639016976e-07	-9.8034889840268442612e-07	7.2115874717707280796e-07	1.3293027869898978319e-06	4.4204591055982901364e-07	9.4436083942446742023e-07
-1	-4	-6	2.0034972203236085546e-06	9.1726128152390897323e-07	8.0778496179687446678e-06	-6.2921127608044805392e-06	-5.7191492820330976592e-06	4.0418649602823357247e-06
-1	-4	-5	4.6634060589003636845e-06	-9.4861610638194474282e-06	-2.1652925060535495593e-05	3.1959352915229424522e-06	1.6389658836648321704e-05	-6.5951602045446449733e-07
-1	-4	-4	-1.5682182874165136581e-06	1.5854325917793639242e-05	1.3387217127875004831e-05	-1.1334845581578720385e-05	-1.2995162556020876628e-05	7.3712641021303105748e-06
-1	-4	-3	8.8108377283282337893e-05	1.3017812035753538975e-05	-1.6916024624404495795e-06	-6.020695504005018256e-06	-2.7113989144506844549e-05	3.6883233267555110672e-06
-1	-4	-2	-8.2344765538240786789e-05	-8.3805103500818214739e-05	-3.4092751839044104401e-05	0.00017577605661251309078	0.00010935788644720859542	-0.00030964956147461707419
-1	-4	-1	0.0012622019698145215631	-0.00045522960836608437158	-0.00053412946462229782436	0.00020636245915318826268	0.0008743158886746697344	-0.00037022022824666867913
-1	-4	0	-0.00058009519775953225559	0.0018761673964454875316	0.0001450237994398830639	-0.00046904184911137188291	-0.00038100102556239330044	0.0012109063971520726052
-1	-4	1	0.00026565500419493563505	0.00061125567928950387975	-9.8774783268730772449e-05	-2.8914221281987092897e-05	-0.00012944412887998745475	0.00049559879416155550817
-1	-4	2	7.8509988024169851942e-07	-0.00014352034326260102327	-3.8675681375868567501e-05	-5.4201129949203678674e-05	-7.695881281161628929e-05	-0.00018016243152970786898
-1	-4	3	-6.2705462045540123978e-05	8.2760724395691205092e-05	3.5662029093114041607e-06	1.3564591211512452493e-05	-1.6146883469431503574e-05	4.5673029747247005021e-05
-1	-4	4	-7.5788942822629498035e-05	6.1803120082992036709e-06	-4.8226826135651365882e-05	1.3848413153703919963e-05	-6.7174061841308743779e-05	1.5393491155778720033e-05
-1	-4	5	6.692017339032811463e-06	1.5981854256643306605e-05	-1.4111314628187337023e-06	-1.9150615648642171343e-05	2.0949829755157531487e-07	-1.2124121667585075753e-05
-1	-4	6	-3.2373227861568930291e-07	-2.311059257726829338e-06	-4.1561035328588223821e-06	5.1759214187817506858e-06	-2.8246910683418299199e-06	3.0654377362333622342e-06
-1	-3	-6	-4.8028894292488750974e-06	-7.3657652853063074647e-06	6.7441285758352290591e-07	-2.3169576507886986499e-07	4.6327514274971765935e-07	1.3434754300904861501e-06
-1	-3	-5	-1.9515184292084372241e-05	1.1619957891339370055e-05	3.3607285836893093704e-05	4.628705244853105206e-05	-1.6261334643718984485e-05	-3.0096223047386503892e-05
-1	-3	-4	7.8427332314619872789e-05	-9.607106724493993141e-05	-3.9963837189014249883e-05	-2.81769704299325612e-05	1.0366044813105720909e-05	4.5150494633684400364e-05
-1	-3	-3	-0.00024583151720720139519	-0.00082666312800076758791	0.00027770804531252710505	0.00048637218542131290455	-0.00019576420624345996428	-0.00021081780942105703288
-1	-3	-2	0.00056856877793431557979	-0.00048697938888196744094	-0.00036792453136609218215	0.00073817491283303168087	0.00026760240808198051043	-0.00086377267480856380084
-1	-3	-1	-0.001101260336222827747	0.0034208567077173884959	0.0016422001397252805176	-0.0022558828616658773911	-0.0038253400829530138059	0.00334679187728024281
-1	-3	0	0.0005930939258132964095	0.004204292075256588386	-0.0001976979752710987851	-0.0014014306917521960564	-0.0011049225306750359681	-0.0035521718228582639665
-1	-3	1	-0.0032107365718460974431	0.00096836802241077228962	0.0031750844881670045421	-0.00028929276838549408809	0.0063145168926549161831	0.00010048971725429001179
-1	-3	2	0.00084352546637606810702	0.00049258972223711016119	-0.00040311848243127022372	-0.00039203871177435667449	-0.00018291499045887130918	-0.00034176320654297995824
-1	-3	3	-0.0020794131547666248709	-0.00012000185357671896893	0.00077173934631958598322	0.00039083235521904658837	7.8601628064044364095e-05	0.00035083173736014024733
-1	-3	4	-7.9401174096772257453e-05	-5.8891524231399686575e-05	3.554867887699274026e-05	5.565616530719596155e-06	6.8112156335514933728e-06	-1.0548668659810224527e-05
-1	-3	5	3.2171724280566207433e-05	6.5988163872955697708e-05	-8.2885720429562533462e-06	-1.5147158786933714701e-05	1.4612016303394898177e-06	4.109337502430910721e-06
-1	-3	6	-2.029826828400082824e-06	-1.3116467561026943348e-06	-3.2101359623310736147e-06	1.6716868497256754696e-05	-1.9433724525655506819e-06	8.1398264559445936882e-06
-1	-2	-6	-3.19401341892316216e-06	-6.8797844245333781369e-07	1.5663260183869091071e-05	-1.8150382729468980365e-06	-4.6887511581358369461e-06	7.1967583139118899875e-07
-1	-2	-5	0.00012653545345820798847	6.4330007687720444209e-05	-5.4896072024533842969e-05	-1.9378700986613483557e-06	-3.3486618818280584735e-06	-1.2090853498079548483e-05
-1	-2	-4	8.9876511099307587009e-07	-0.00019067404925316683664	6.4876291330453502012e-05	-0.00010154418177811257054	-3.266283694297501415e-05	9.8440603202348001205e-05
-1	-2	-3	0.00023419275700778863138	0.00026944028893527964151	0.00093869767306842548556	0.00041582035025064322626	-0.00070386270104821327311	-0.00036702699647885538275
-1	-2	-2	-0.0021001329601855757943	-0.0022770998601887339208	-0.0015380654961532692123	-0.00097582043088511563785	0.0025881319762460571095	0.0021143703609794828151
-1	-2	-1	0.0067424231689093274897	0.0067602368297050036833	0.0012866655886869086695	-0.01267474858766381822	-0.0093157543462831452624	0.01858926034562263449
-1	-2	0	0.013006410960060672821	0.0018860887056297162903	-0.0065032054800303364106	-0.00094304435281485814516	-0.021665836203442451202	-0.0013027217864032200612
-1	-2	1	-0.02030926441346019018	-0.0078413342732860050882	0.019316015235296354197	-0.004895977692209455695	0.018322766057132518214	-0.017633289657704918213
-1	-2	2	0.00094299533020089957528	-8.3293096596590688154e-05	-0.0015280920092932306735	0.00070005345842343307157	-0.0010565943441927807232	0.00065840691012513763263
-1	-2	3	0.00097863041367870096804	0.0017254883536137663718	-1.256363915316178109e-05	0.00056562503481539724848	0.00031783437845745918498	0.00095224614108152028959
-1	-2	4	-0.00024052752841974097049	7.7412334473316282073e-05	7.969155805103286729e-05	0.00019354105385746610355	-2.0286103079418812365e-05	0.00011612361054706212568
-1	-2	5	-6.9719556724424618511e-05	-0.00028082860989183191808	-5.7516870658464618656e-05	-3.7248534041477299867e-05	-3.6950659608270771165e-05	-7.1065135594957298142e-05
-1	-2	6	1.7064999437714668016e-06	1.0647743669097975078e-05	-6.1844233071423307361e-06	-3.5753777449705488268e-06	-1.7770577784188658843e-06	5.8283136319281297461e-07
-1	-1	-6	3.4461903583451070771e-05	3.8834047084422279453e-05	9.7075438279139236389e-06	3.0233793341353250425e-05	-7.3615745685608324016e-06	-1.1511306737629254415e-05
-1	-1	-5	0.00014488898306989011306	3.4047986242660057007e-05	-9.9184761381524591084e-05	-0.00011271631075510767778	-9.1408443376731040572e-06	1.573366490248952551e-05
-1	-1	-4	-0.00015118696722285273953	0.00056123793720667806192	0.00035330424645905881328	3.6138365296347490802e-05	-5.052931980905151166e-05	-0.00014934407562575637463
-1	-1	-3	-0.001557140205672488632	0.0078802814481114726725	0.0017202875934421548235	-0.0019751425392978850387	-5.4382462589888732761e-05	-0.0019683796362711955888
-1	-1	-2	0.0038481153203390270484	-0.0008167082315563879702	0.0034972096102541981241	0.011305482044435793965	-0.0036726624652966125863	-0.0052443869064397029972
-1	-1	-1	-0.10526002822899542533	0.035045972628558283435	0.040895434407294539714	-0.067003208240297582043	0.064364593821700885612	0.031957235611739298609
-1	-1	0	0.066761802276283879753	-0.033878138017888886901	-0.066761802276283879753	0.033878138017888886901	-0.082871585039040795984	-0.048708977159707934901
-1	-1	1	-0.023582402480742531425	-0.064415944476774691929	-0.043974286176084100008	-0.038764401609407535265	-0.067556688656826624495	-0.10318034608618223413
-1	-1	2	-0.0086479540629265834462	0.015689565270076498427	0.023171589719378878763	-0.021212671737874735922	0.0072618178282261476586	-0.0027615532338991187478
-1	-1	3	-0.00014393708562045499509	0.0037193568437573591712	0.0096776646341867420681	0.0035880045706977148866	0.0031779091828554287442	0.0024357871381516914971
-1	-1	4	3.7939566339013619512e-05	0.00050498462631993492299	0.00026635350632272066429	0.00032656526068929964341	7.6073268165433572644e-05	0.00020788747175230865515
-1	-1	5	0.00013782969905573534729	0.00032559626792221088359	0.00014928001982565444468	0.00024694077977148307839	5.7421943776277951617e-05	0.00011450740953873879782
-1	-1	6	5.886143579211089151e-05	2.6894574248222000283e-06	-6.783569839788475137e-06	5.0367851641875999343e-05	8.6796443253870691131e-06	8.8428848444497009539e-06
-1	0	-6	1.3005810492182079475e-05	-9.9600353182263483119e-06	3.2524611523138803962e-05	-3.57375607781356723e-05	-2.167635082030346438e-06	1.6600058863710581932e-06
-1	0	-5	1.7109077857048487397e-05	-2.9233016829357575224e-05	-0.00045137192541749783948	0.00043870089334110013444	-3.4218155714096978181e-06	5.8466033658715150449e-06
-1	0	-4	-0.0001615118962164090882	-0.00012869554303806838365	0.0001370826792486043162	-0.001151154536174438768	4.0377974054102272049e-05	3.2173885759517095913e-05
-1	0	-3	0.0026531227803855868264	0.0040329555792488671478	-0.0054549819491891173018	0.0038066304868648176418	-0.00088437426012852890598	-0.001344318526416288977
-1	0	-2	-0.0053423366888986417375	-0.0081189203361799328063	0.01149765321918732458	0.0010636130509507023528	0.0026711683444493208688	0.0040594601680899664031
-1	0	-1	-0.035912927149124258819	0.013872407565321957443	0.013002228345761942738	-0.13965920213582272424	0.035912927149124258819	-0.013872407565321957443
-1	0	0	0	-0	-0.087912427533147013969	0.0029630722560484747119	0.17657039517254960459	-0.048048489729960786043
-1	0	1	-0.015576123325896642016	-0.029831274556103213463	-0.1174765779167794566	-0.13328773970683174821	-0.015576123325896642016	-0.029831274556103213463
-1	0	2	0.00072932003816622819736	-0.0091965775409176674787	0.0088715103666769743601	-0.0096405948888937335189	0.00036466001908311409868	-0.0045982887704588337394
-1	0	3	0.0049946916483745371074	0.011584545509645988517	0.0094714124370082891646	0.0068128256396216826593	0.0016648972161248457025	0.0038615151698819958834
-1	0	4	-0.00095987603720626099059	0.0001665848762812845434	0.00011557797865489196991	-0.0007894085259476376704	-0.00023996900930156524765	4.1646219070321135851e-05
-1	0	5	2.7015381203584809587e-05	5.6209387002892450148e-05	-3.1643086571978598339e-05	0.00029750480107136649749	5.4030762407169619175e-06	1.1241877400578489691e-05
-1	0	6	1.4280376969609420186e-05	-1.6970360149341974667e-05	-1.1908911291309571068e-05	1.7880912371968003084e-05	2.3800628282682368389e-06	-2.8283933582236625856e-06
-1	1	-6	-1.1547964179718421147e-05	1.3073444617033647128e-05	-1.9368710104289268493e-05	3.0974143994235316514e-05	-1.3034576540951412949e-06	2.9834498962002786546e-06
-1	1	-5	0.00024702223982772740073	-0.00045265412319655216888	-0.00041180597812053200283	0.00044783149730163025705	-0.00013176564358965189155	0.00018009712409963648519
-1	1	-4	0.00069807080613650820348	0.00018148979096173530057	-0.00047948507388479973471	-0.0010453667514849611115	-0.00029438897000532701165	-0.00030671413561167410302
-1	1	-3	0.0020549172930925353395	0.0030293366523027245168	-0.0021324116404818444989	-0.0005030420370146308209	-0.0013957763111914600184	-0.0011774595631057851487
-1	1	-2	-0.010134682314857588678	0.0042393131842323305419	-0.003375367488804143206	0.002375890483666818695	0.0033796574130267225192	-0.00093171135028275592349
-1	1	-1	0.11597130682975226312	0.065414303114691929597	0.10215760802934807649	-0.0019323166126974011727	-0.013813698800404191833	-0.06734661972738933966
-1	1	0	-0.058908771594369482849	0.059671740084980384733	-0.058908771594369482849	0.059671740084980384733	-0.046209041880121259904	0.092495406015635092678
-1	1	1	-0.045902853398303897214	-0.081672134604168916683	0.064371449604649452758	0.043169678023763626007	-0.11027430300295334997	-0.12484181262793254963
-1	1	2	0.00075576589618587554885	-0.0078992245661962147418	-0.011523644276316802326	-0.0054397932584619272667	0.0061397050862513381786	-0.0012297156538671437376
-1	1	3	-0.0028344364461720472984	-0.008365146671937263162	0.00064885539956147932853	-0.0029828623311320911181	-0.0011610972819111756507	-0.0017940947802683906813
-1	1	4	-0.00023583562422965862609	-0.00017452522999438855179	-5.654260653269820681e-05	-0.00010928245329376525029	-4.4823254424240099739e-05	-1.6310694175155828763e-05
-1	1	5	-7.0234500557842603871e-05	0.00020953532321141515697	0.00012324393176398062717	-0.00018324583215781082429	-3.8695686464364642142e-05	7.8556231073845196253e-05
-1	1	6	1.0876502984179313265e-05	1.9402846666913938016e-05	2.5805686143953524816e-05	8.9627460742414609521e-06	-2.4881971932957022077e-06	1.7400167654454127028e-06
-1	2	-6	-4.5898201309890927037e-06	1.3461433095367873047e-05	-6.5976319571689728393e-06	1.9224916240749365798e-05	-1.4342406305581421625e-06	4.1647332310218103228e-06
-1	2	-5	-9.344556506530589076e-05	-0.00016847522435922473658	-3.6728006140178153427e-06	5.2311792405788081763e-05	1.7219992767454052015e-05	5.4619761834160182731e-05
-1	2	-4	0.00021976472470436076313	-7.0784023983789718152e-05	0.00036885407478769725084	-6.673425092124676784e-05	0.00012948585621775843464	-1.5671119464675950994e-05
-1	2	-3	-0.00024394611263873396405	0.00060470660644115347294	-0.00060315111358191775531	-0.00022649929631889922834	-0.00032078537150836717315	-0.00035256839969298399461
-1	2	-2	0.00049246022264849535505	-0.0012083568334104351216	-0.002265004552989538858	0.0023939431380944993163	-0.0025112346643137864813	0.0029981215547997168772
-1	2	-1	0.017644661151769349544	0.0037010740486576013293	0.00088856072553030829384	-0.0082051192770221173522	-0.015867539700708730571	-0.0201113126027018356
-1	2	0	0.018545852714586155696	-0.030067379898698894797	0.0092729263572930778481	-0.015033689949349447398	-0.0012289682103791956056	-0.0088472031141667555748
-1	2	1	0.0075979227174498000993	0.010057835888712958472	-0.0024841746660470595369	0.010416035990359735763	0.012566272049543919173	-0.01077423609200651132
-1	2	2	0.00068814895437290587044	-0.00027082523877402934001	-0.00074824046029910943473	-0.0028052810503974789057	0.0010923149374855623157	0.0026698684310104640188
-1	2	3	-0.0019649861222648824094	0.00026909076116114099327	0.00076164540917297081802	0.00026773058192849116636	-0.0011627589802036080151	-8.8790134231947099599e-05
-1	2	4	-0.00010876265564839703796	-0.00027534297157113992718	5.120475013041400164e-05	-6.4929436552422115526e-05	-5.279303897730626031e-05	-3.6371024616573917256e-05
-1	2	5	-8.5673872065468806031e-05	0.00049577793557744654924	1.7619109286723027766e-05	-0.00015424229347748877566	-2.4182418127782973668e-05	0.00016085250450648480385
-1	2	6	-2.3981113703798163467e-05	1.7612850841471039512e-05	-3.360835130920640355e-06	-7.5330307853562060398e-06	-2.8765739069928137928e-06	5.4464854020305749829e-06
-1	3	-6	1.063310205525481783e-06	-1.6804214479847114777e-05	-5.1132734559458399554e-06	7.9208968621125813665e-06	-2.7338550955605003808e-06	6.7611508443641425814e-06
-1	3	-5	8.6889705435055758883e-06	-2.6787389892110465516e-05	3.6966281640020887753e-06	-1.6258745039569456311e-05	4.8018278970013827809e-07	-4.3977690453195803448e-06
-1	3	-4	6.5851261396999643898e-05	-8.4946489762802541372e-06	4.2308865922022903527e-05	-2.5046343421366021656e-05	1.5268834092267270059e-05	-1.6661095321954453555e-05
-1	3	-3	0.0017149425779638665518	0.00050584331456871055917	0.0005134068508337898129	0.00013847119313791626002	-5.8240675154165679514e-05	-3.0143245051653915075e-05
-1	3	-2	0.0019421051013040727291	-0.0025156020768037630313	0.0013834417245749495301	-0.0016760329438544091692	0.0011041100362103879306	-0.0012562483773797322381
-1	3	-1	0.0086765220723790878465	0.00092913098070448844629	0.0032116589932316683999	0.00053222158851379795536	0.00095845490731591778677	0.00066753378483690531137
-1	3	0	-0.0041985862625316065083	0.0020290864464995129676	-0.0013995287541772021694	0.00067636214883317095307	-0.0031990767657702270932	-0.010506649976800007049
-1	3	1	0.004142968462883044739	-0.0012643074350117983889	0.00020638477792238909799	-0.001828231375059478957	0.0035238141291158769572	0.004220386690166638699
-1	3	2	0.00076505975485693955042	0.00065823735201735774757	-0.00015642631693295143674	0.00018753442401428898202	0.00061716935282789687611	4.7817039987245427862e-05
-1	3	3	-0.00096432828396395226054	0.00055738253977106154424	-7.3374678864368683218e-05	-4.887420459660371736e-05	-0.00024806808245694876407	0.00023466838452029090329
-1	3	4	-1.1315309137578866876e-05	-0.00017044195879654627074	-7.1761506040484383936e-05	-5.5315248527781965329e-06	5.0992302245968571233e-05	-3.8461846059552918804e-05
-1	3	5	-2.028618486622108132e-05	3.124801111724609024e-05	6.7269131258028879084e-07	6.0847328907528031123e-06	-4.4608517607923894326e-06	2.5987624889975361806e-06
-1	3	6	7.9134647696455383319e-06	2.878906216336176551e-06	-5.8141307995556828066e-06	-1.260992747985781738e-06	4.2259761947187647409e-06	1.1103140767155869961e-06
-1	4	-6	-3.8052798743708986393e-06	-6.0422052978630278789e-06	5.4662168957551106555e-06	4.1875403464529616278e-06	4.2783579095652234729e-06	3.798727780612479065e-06
-1	4	-5	5.2581177523931856214e-06	-1.9156444907448360416e-05	4.9806791597446892534e-06	-1.9044369096978606661e-05	2.9329197773171142784e-06	-1.1404206296093212568e-05
-1	4	-4	-7.826050334662674828e-05	-1.0157993774176511982e-05	-1.1196161912356661391e-05	6.3033546487367233095e-06	8.3689639243000256793e-06	8.8428530922808508814e-06
-1	4	-3	8.9327663761694026177e-05	-4.4529089838147798829e-05	4.5722477716838069429e-06	7.8756905617534457586e-06	-2.3679557558319600598e-05	2.5343950695053860621e-05
-1	4	-2	-2.915796545713367506e-05	0.00012638625904908091179	2.735858971306486361e-05	3.2947913926349904233e-05	6.9296162154696566444e-05	2.7026983281593572294e-06
-1	4	-1	0.00071977438198772190035	-0.00034489947903066124017	0.00033820844364036126194	-0.00044214541159328166328	0.00063305939257372303899	-0.0014236821673424653045
-1	4	0	0.00063136801278008958509	0.0010224326824818167053	0.00015784200319502239627	0.00025560817062045417631	0.00035520819792513215344	0.00068199239941280987223
-1	4	1	0.00063524019226777431613	6.0800126134918281278e-06	0.00046995093281647793565	-0.00015320172805486674604	-0.001244563538998137318	0.00061888692483295882837
-1	4	2	-0.0001080781808337871985	3.5787958684182943729e-05	2.2410189217508131172e-05	2.5850327362335313674e-05	-9.8859468851909861596e-05	-3.3806675382579155483e-05
-1	4	3	0.00012129126341262302761	-0.00017090193615017400448	-2.6182706150088558695e-05	1.464198658704605689e-05	7.5340696004325754132e-05	-7.6489960832786075087e-05
-1	4	4	-2.0119284946993340138e-05	6.4982415689928858262e-05	-9.3358090099307642804e-06	-1.2580684372310071815e-05	4.3059877731824300931e-06	2.8826288294792286381e-05
-1	4	5	2.1743940906515469772e-05	-1.0427937822514904464e-05	2.2336403409485386417e-05	-8.6809361718387534091e-06	-1.3520334546285213485e-05	4.8591613729680214958e-06
-1	4	6	2.2804044062338860262e-06	-3.5917451161212308789e-07	2.0196094553108592904e-07	6.9937253803666210667e-06	2.4542677068492373599e-07	-4.7223460055131007935e-06
-1	5	-6	-1.5249842632374101995e-06	-6.4243565755170543016e-07	-1.2476013249245713622e-07	3.7527203118643651136e-07	1.5019726679585409522e-07	4.1979930224731466449e-07
-1	5	-5	3.2138593563993914933e-06	2.7305092932640096742e-06	-1.5599890152569093894e-07	2.1723170491682282094e-06	-7.9877077280556924819e-07	1.6262151905154263593e-06
-1	5	-4	-1.2684345256912761532e-05	1.1273233727669709105e-05	1.2593167633484663557e-05	7.4779321665486850885e-07	1.8912545856084021523e-05	-1.8835669110988417462e-06
-1	5	-3	7.5558418776428096534e-05	7.3433101874945472397e-07	-4.2525805076152917934e-06	2.3323742919922703831e-05	-3.2273773771501517089e-05	3.8628127860288021054e-05
-1	5	-2	-9.9702681696854010508e-05	0.00022030717189530936418	1.0345173394825006187e-05	4.5309201620485995495e-05	7.5714274335489519874e-05	3.1194181035603062238e-06
-1	5	-1	7.9485372579151953708e-05	-0.00022730466413038054991	1.7899638963814594546e-07	-0.00012724227746863952149	-7.8590390630961230625e-05	-0.00040890672321281705754
-1	5	0	-0.0001157213945761488799	7.6982901359603169464e-05	-2.3144278915229776658e-05	1.539658027192063186e-05	0.00032218019104499729484	1.5073127259666318931e-05
-1	5	1	-0.00028171934027784939969	-0.00033218660655952265493	-3.9991692114761861543e-05	-0.00013850978216980498357	-8.1760879704040085193e-05	0.00036036230428950231713
-1	5	2	5.5853275384295840509e-05	8.0365041491107852209e-05	2.7624488769296325774e-05	1.9591414633548953779e-05	-4.1134584231092889098e-05	-8.7960158383184634264e-06
-1	5	3	-5.3792866613094608827e-05	-2.2664452318723083703e-05	-5.0579045532801368706e-06	4.1879999360199689603e-06	-9.501114615564641209e-06	-1.4534817332940975604e-05
-1	5	4	6.1753331200380570356e-06	-2.0787069686459110426e-05	-5.1892621149067538717e-06	2.4555489846837941957e-07	8.0304109236429565985e-06	-5.5037110447002516296e-06
-1	5	5	3.2928746991801682194e-06	-1.950246803551309638e-06	6.1896872221894539808e-06	-9.448225737454876487e-07	-5.5311122823534199981e-06	5.5477321303522565757e-07
-1	5	6	4.0870275664141574429e-07	-2.6914661649343920682e-07	-1.2138227021797631624e-06	2.5451715014138472467e-08	1.0796360445900385927e-06	-6.6067531927355254356e-08
-1	6	-6	-1.7712094163996561266e-06	-4.3295036183640126261e-07	-4.3480178918043832692e-07	-7.3880190210136352183e-07	-1.396002197804956568e-07	-6.6664350846196325845e-07
-1	6	-5	-1.0732959455018465767e-07	-1.6502391861968662834e-06	-1.5432365315892892484e-06	-6.6223109212605778451e-07	-1.8304179189971101056e-06	-4.6462947331189610591e-07
-1	6	-4	9.4901270065574733747e-07	2.0812280771595108306e-07	-1.9002551805658911539e-06	-6.1434420883518766666e-07	-3.087635946012773724e-06	-9.7354701518176930385e-07
-1	6	-3	-1.1985441825423120112e-05	-5.4035025503621736636e-06	1.931023829048304339e-06	-1.5520193955004586959e-06	7.8571949332376487152e-06	-1.3028712742135258177e-06
-1	6	-2	3.6167025535036292287e-05	1.8901034552465446236e-05	5.8238621355639323226e-06	5.144287195264940317e-06	-6.1192636082634811679e-07	5.9823443095620986801e-06
-1	6	-1	8.6427167717029461006e-06	-1.7801322594634119082e-05	3.2556974345534257307e-06	-7.6632234350794925065e-06	1.0891467835617608283e-05	-2.8178018015842835957e-05
-1	6	0	2.1968008451242032722e-05	6.8253025185787569997e-06	3.661334741873671838e-06	1.1375504197631262372e-06	1.0788176346378178041e-05	-1.2596369967059354363e-05
-1	6	1	7.5310019466394129389e-06	3.3089243609736266477e-05	-7.087752300707984344e-06	9.7727327388749846181e-06	5.0057515750887322391e-05	-2.5547152823513637844e-05
-1	6	2	-1.1686234700241210955e-06	3.6333804244861146938e-06	-8.9141813560609303108e-07	-8.4501654172698151659e-07	2.0899426718062186514e-06	4.3517398374240024261e-06
-1	6	3	4.5565078527020264317e-06	-2.477196428059046177e-06	2.1263581542608900824e-06	-1.9190341153685113689e-06	-2.7338803576211046875e-06	3.0123360880506741533e-06
-1	6	4	-3.171807623077014437e-06	1.8467587799507766086e-06	-1.0513687873609503495e-06	6.9311577420285922748e-07	7.8410127527217180916e-07	-5.7798396631659463614e-07
-1	6	5	-1.2572030267704731197e-08	-1.1396510417729347517e-06	-5.1975960480068116988e-07	-7.3752404819802192588e-07	6.2119711970727654298e-07	6.5709864948303927602e-07
-1	6	6	-9.3979889460686373927e-07	6.4881280861453769555e-08	-5.2111494233708837437e-07	1.4113897862154865108e-07	3.6448179323594445312e-07	-1.3032543181130636718e-07
0	-6	-6	9.0456096205846342208e-07	2.4314330540948422482e-07	-3.5750717885631733845e-07	-1.4283627093090267822e-07	3.5750717885631733845e-07	1.4283627093090267822e-07
0	-6	-5	7.3298297406442731585e-07	-5.7410260845978512398e-07	-2.6399337785870282918e-07	-1.4015717998764472093e-07	3.167920534304434056e-07	1.6818861598517367571e-07
0	-6	-4	-3.9525944179219865094e-06	1.4848908241889863138e-06	-1.3722446502095844767e-06	-6.1267020660084658954e-06	2.0583669753143769268e-06	9.1900530990126984195e-06
0	-6	-3	-3.997527781082164029e-06	-6.6025079859237296127e-06	6.0590241739855815425e-06	-1.3403935082032492287e-06	-1.2118048347971163085e-05	2.6807870164064984574e-06
0	-6	-2	9.900263383419442823e-06	1.3724965008133107843e-05	6.045931129861577933e-06	-1.2031497531022378148e-05	-1.8137793389584732105e-05	3.6094492593067136138e-05
0	-6	-1	-1.6290099802714986464e-05	3.8317553691558909983e-05	3.1173731099274529782e-06	7.4834026609857220085e-06	-1.8704238659564718716e-05	-4.4900415965914335439e-05
0	-6	0	-3.8046038901535206257e-05	-0.00010139409821745319846	0	-0	4.8858563616915690281e-05	-3.2967145313809106412e-05
0	-6	1	4.9331808213970486398e-05	1.1089775414184942093e-05	-5.3688300080245416837e-06	1.0265701392001948806e-05	-3.2212980048147246714e-05	6.1594208352011702999e-05
0	-6	2	-7.2302146540850597271e-06	-2.9535001902008245484e-05	-8.7012416550485754616e-06	-3.0833217596806425896e-05	-2.6103724965145726385e-05	-9.2499652790419277688e-05
0	-6	3	4.0087727365946643988e-06	4.9623775904897149996e-06	2.9772658394559791416e-06	-5.1824768401142619792e-06	5.9545316789119582832e-06	-1.0364953680228523958e-05
0	-6	4	-4.8967195973025964823e-06	2.387047188518800951e-07	-5.4848667166928227219e-06	-2.2236846147008425506e-06	-8.2273000750392349299e-06	-3.3355269220512642494e-06
0	-6	5	4.5629362311232671175e-07	-6.1388894578728651e-07	8.0621148795690970226e-07	1.860016854573240054e-06	9.6745378554829164272e-07	2.2320202254878879801e-06
0	-6	6	1.8332878352884017037e-07	2.871697011662592505e-07	-6.8534420962660510607e-07	1.6120939583335783987e-06	-6.8534420962660510607e-07	1.6120939583335783987e-06
0	-5	-6	8.2905267580734605692e-07	-9.6614620132014133254e-07	3.332841522337546805e-07	9.2577399021697239178e-08	-2.7773679352812886512e-07	-7.7147832518081028236e-08
0	-5	-5	-9.2241323874885431687e-07	-6.305003106314038129e-06	-2.0847513323277763308e-06	-5.5510313927645398103e-06	2.0847513323277763308e-06	5.5510313927645398103e-06
0	-5	-4	-2.4655242892044592067e-06	-3.0657067874556386379e-05	-7.206196453736264204e-06	7.0077755331549036157e-07	9.0077455671703289845e-06	-8.7597194164436287256e-07
0	-5	-3	1.6894605119726734398e-06	6.2672882008341497485e-05	-1.3099694019539873948e-05	-5.0585348753491532505e-06	2.1832823365899789914e-05	8.4308914589152556999e-06
0	-5	-2	-3.3233227926374190795e-05	-0.00015510955958676663543	1.5000790453015581602e-05	-4.0058483035277041415e-05	-3.7501976132538954005e-05	0.00010014620758819260692
0	-5	-1	0.00022608205770820307898	2.726726146261752596e-05	1.6176063623111284757e-05	2.6102404361403541103e-05	-8.0880318115556410234e-05	-0.00013051202180701772584
0	-5	0	3.571939881659046465e-05	0.00011420155655140943696	0	-0	9.024484893749193078e-05	-0.00010714922556370081504
0	-5	1	-0.00021353501472429992579	-9.7945008166870173132e-05	1.4489512488482393226e-05	8.83929541662404952e-06	7.2447562442411972904e-05	4.4196477083120250988e-05
0	-5	2	-0.00018932391607826996654	0.0001819888908423518783	-5.2549387082432832887e-05	-3.6260126797053320751e-05	-0.00013137346770608209238	-9.0650316992633295102e-05
0	-5	3	-2.7887323321028725435e-05	-6.4037351416542157272e-05	-6.0516271921256990188e-06	-3.0335147997999618984e-06	-1.0086045320209498929e-05	-5.0558579996666030228e-06
0	-5	4	9.9910664115343305783e-06	-4.2077016777390316009e-06	3.340186223881586291e-06	-1.4976949614509719335e-05	4.1752327798519828637e-06	-1.8721187018137147899e-05
0	-5	5	-1.2947754830558783172e-06	-4.3569952579096625749e-06	1.4480179102819081365e-06	4.4122123147126844864e-06	1.4480179102819081365e-06	4.4122123147126844864e-06
0	-5	6	-4.5732672428773079987e-07	1.0788152993850756453e-06	-1.0317650108003044006e-06	1.1642476267130659818e-06	-8.598041756669204044e-07	9.7020635559422168679e-07
0	-4	-6	1.4045082725372653751e-06	1.1261480819193847375e-06	6.1958832965128954061e-07	1.17129589366751196e-05	-4.1305888643419300943e-07	-7.8086392911167469647e-06
0	-4	-5	1.71853723226757307e-05	-1.29035943699554716e-05	1.604039759334819559e-06	-9.1594456366207547426e-06	-1.2832318074678556048e-06	7.3275565092966034553e-06
0	-4	-4	-6.1168746934808527213e-05	2.3302787775865063864e-05	5.3850287772346792415e-05	-2.6257991148314239555e-05	-5.3850287772346792415e-05	2.6257991148314239555e-05
0	-4	-3	9.1199185368392177435e-05	3.2965156156255129402e-05	5.703985504434720894e-05	5.218939925163857004e-05	-7.6053140059129616438e-05	-6.958586566885142672e-05
0	-4	-2	-0.00017360949653463808324	0.00027393957063339297595	-0.00014158862247662032515	9.3600091735074409716e-05	0.00028317724495324065031	-0.00018720018347014881943
0	-4	-1	0.00063832194772891494815	0.00034777383624276373471	-3.1826543982797436422e-05	-0.00031570371757296672704	0.00012730617593118974569	0.0012628148702918669082
0	-4	0	-0.0015862115951830260425	-0.00039736014709500845936	0	-0	-0.00057229434431687047254	-8.0208008215310903428e-06
0	-4	1	0.00012101674199247444209	-0.00083565254542916167588	6.0769725973459997692e-05	-0.00024725821986591587547	0.00024307890389383999077	-0.00098903287946366350188
0	-4	2	-0.00011737773081159133515	0.00026644903748181862982	5.7654582940084313409e-05	-3.3048527905052624818e-05	0.00011530916588016862682	-6.6097055810105249636e-05
0	-4	3	-5.6710433280034833843e-05	-0.00011307998649185666039	-1.03745578230953892e-05	0.00010288595583633442724	-1.3832743764127185035e-05	0.00013718127444844590299
0	-4	4	8.5766202707636163575e-05	-7.1798219326856853252e-05	-3.6171992821881899757e-06	-6.3046080947196542774e-05	-3.6171992821881899757e-06	-6.3046080947196542774e-05
0	-4	5	3.9019401951337733523e-05	-1.9904895365890819275e-05	3.0962174036740103549e-05	-9.8857743334005248573e-06	2.4769739229392081484e-05	-7.9086194667204202246e-06
0	-4	6	2.2619891701538872528e-06	3.6235729643400852037e-07	-8.2136002748506179648e-06	-2.1605909563418196428e-06	-5.4757335165670792079e-06	-1.4403939708945463579e-06
0	-3	-6	1.6402584210842135388e-06	3.6376377056481157237e-06	1.9203283874752407683e-06	5.1499977832887195808e-06	-9.6016419373762038415e-07	-2.5749988916443597904e-06
0	-3	-5	-2.7629072282827631151e-05	-8.3377173041585771727e-06	-2.4628720652967725973e-05	-4.8566637195338867056e-05	1.47772323917806366e-05	2.9139982317203321589e-05
0	-3	-4	0.00019510351509732963625	6.2430516165048615223e-06	4.774410570724675726e-05	-4.7209888734836925395e-05	-3.5808079280435067945e-05	3.5407416551127692352e-05
0	-3	-3	0.00070589871247298463172	-0.00052748161790117098491	0.00012877289279057723206	-4.0831743154463933873e-05	-0.00012877289279057723206	4.0831743154463933873e-05
0	-3	-2	0.00098368306171465504095	0.0018122602279600297584	0.00012040599317183827842	-0.00011059349047991130061	-0.00018060898975775743118	0.00016589023571986696447
0	-3	-1	-0.0046804598928466140118	-0.0043009757474100213104	0.00016598589083574748541	0.00096091764468062934416	-0.00049795767250724242911	-0.0028827529340418878157
0	-3	0	-0.0018979577701619223303	0.0060682673547282524329	0	-0	0.011555904677701593283	0.00409168771099121132
0	-3	1	-0.0041436237744859657356	-0.0041096675896945137132	-0.0016825119134823859034	0.00068256580374822075144	-0.0050475357404471581438	0.0020476974112446622543
0	-3	2	0.00037330169908955949856	-0.00019251737739689919987	0.00028227270771196750392	-0.0008330580393732938153	0.00042340906156795122877	-0.0012495870590599406687
0	-3	3	-8.166890559290646836e-05	-0.0022713387767357442158	0.0002638245565396847396	8.5906181380103292995e-05	0.0002638245565396847396	8.5906181380103292995e-05
0	-3	4	0.00013689894567878773605	-0.00010032750561574893902	-5.6820075214290038565e-05	-0.00010827829482089920254	-4.2615056410717532312e-05	-8.1208721115674401903e-05
0	-3	5	-1.6455553299867024347e-05	-2.435714241680729422e-05	1.0824219068815783132e-05	8.1830302782590457335e-06	6.4945314412894695403e-06	4.9098181669554269319e-06
0	-3	6	8.4103897031306688089e-06	-9.6209936406450017086e-06	-2.3328377504033056145e-05	-1.948162461883315527e-06	-1.1664188752016528073e-05	-9.7408123094165776348e-07
0	-2	-6	-2.6237814325817263065e-06	4.3001478905869934067e-06	-7.2543047898473408995e-06	-4.4792272821971076816e-05	2.4181015966157802998e-06	1.4930757607323692272e-05
0	-2	-5	-9.7152972295570262911e-05	-8.796303364787278888e-05	0.00013678390293498632314	-0.00017674768118506817088	-5.4713561173994523833e-05	7.0699072474027276482e-05
0	-2	-4	0.00058137304830931275934	-0.00043312580618367122311	6.5448887774759211076e-05	0.00039136097461880210626	-3.2724443887379605538e-05	-0.00019568048730940105313
0	-2	-3	-0.0015244843625520682236	-0.00039568364292400117323	-0.00085032651940275441171	4.8977000927157292483e-05	0.00056688434626850294114	-3.2651333951438194989e-05
0	-2	-2	-0.0012051022863589881673	0.0033719266195823970229	-0.01633563721874332561	-0.017493034549106827036	0.01633563721874332561	0.017493034549106827036
0	-2	-1	-0.0015724844605405378581	-0.0095523684607702590704	0.019805008891413025673	0.0054831278548344531895	-0.039610017782826051347	-0.010966255709668906379
0	-2	0	-0.0063067165610175019569	0.011145047790009732919	0	-0	0.011079205844155131169	-0.015359337103833197932
0	-2	1	-0.00066832554218136642175	-0.029705087388579985708	0.0069999354036810344445	0.0097558723655428898625	0.013999870807362068889	0.019511744731085779725
0	-2	2	-0.0056352439343800115809	0.0097920913941837075395	0.00096162580441051771166	0.028031106023899812763	0.00096162580441051771166	0.028031106023899812763
0	-2	3	-0.0014805890771173331726	0.0017979635934564427036	0.00071208895984423191752	3.592058133420919329e-05	0.00047472597322948794502	2.394705422280612886e-05
0	-2	4	0.0003695241133945900854	-0.00084390748300084154811	-0.0001465333463197238356	-0.00013627845881854347334	-7.3266673159861917799e-05	-6.813922940927173667e-05
0	-2	5	0.00010447267098573337742	1.4108647715789797536e-05	5.7858557446143160739e-05	7.7505104042127802235e-05	2.3143422978457264295e-05	3.1002041616851118183e-05
0	-2	6	-3.4445443782376948668e-05	-1.0579827984398288221e-05	-8.5423785961124381325e-06	-6.0106528178955023647e-05	-2.8474595320374790952e-06	-2.0035509392985007882e-05
0	-1	-6	1.1917967146277819298e-05	-1.4111767769863216792e-05	-0.00019289186597717998626	5.576437785219487582e-05	3.2148644329529995451e-05	-9.294062975365812072e-06
0	-1	-5	-0.00016072954079650528659	2.1636430988671347543e-05	0.00010109182736107176872	3.3831613090216732485e-05	-2.0218365472214353066e-05	-6.7663226180433464971e-06
0	-1	-4	-0.0007762037513628636861	-0.00063631088524223906183	0.00037813467670161365767	0.00076350850808469962038	-9.4533669175403414416e-05	-0.0001908771270211749051
0	-1	-3	0.00053784664791389498028	0.00075876272454449803125	0.00086429723360991958514	-0.0039055471161930669852	-0.00028809907786997321312	0.0013018490387310224007
0	-1	-2	-0.019786448882344809946	-0.021553580564302260436	0.025478247796257527669	-0.0094977841221614428546	-0.012739123898128763834	0.0047488920610807214273
0	-1	-1	0.045551316443771049103	0.022375007505314840894	-0.033023914382387498101	0.022693675893089237938	0.033023914382387498101	-0.022693675893089237938
0	-1	0	-0.033572180997199545238	0.15183600523547194361	0	-0	-0.0021518882700098927209	0.27278058596554982662
0	-1	1	-0.09686446799877330982	-0.033552645182190074524	0.043222863287665544418	-0.012720362785942868761	0.043222863287665544418	-0.012720362785942868761
0	-1	2	-0.016683515187813205416	0.020181522722242460632	0.0064202308324830623804	0.056093666566925541594	0.0032101154162415311902	0.028046833283462770797
0	-1	3	-0.001663850313655334482	0.001549595843514606653	-0.0012681864752484214853	-0.0028586426028241302376	-0.00042272882508280717985	-0.00095288086760804337639
0	-1	4	0.0011528832272651894694	-0.0007179226157751155378	0.00038845524809157344192	0.00037940225806598084062	9.711381202289336048e-05	9.4850564516495210155e-05
0	-1	5	-2.9244653702181520541e-05	1.5113886954379656413e-05	6.6972656536423881427e-05	6.0408879782856174108e-05	1.3394531307284776285e-05	1.2081775956571234483e-05
0	-1	6	8.6193478725183212872e-06	1.4701732440173962075e-05	-5.1667071834510021891e-06	-9.7972864062321655216e-05	-8.6111786390850043544e-07	-1.6328810677053610332e-05
0	0	-6	5.9893249140710751502e-05	-3.0490935066476682709e-05	-6.992224643771913445e-05	4.4651960756775077425e-05	-4.4841394983569018519e-44	-0
0	0	-5	-4.0181139796618915629e-05	8.5117416644904376994e-06	5.4595920808444014952e-05	-0.00011084655799931282787	0	-0
0	0	-4	0.0016507065602961860148	0.00084153532601597552665	0.00014334854602998859567	0.00031921449480079463991	0	-0
0	0	-3	-0.0006702595047182859176	-0.0016658046557741969934	-0.00074224941996929257905	-0.0052675673574809284486	0	-0
0	0	-2	-0.0055008434164068500255	0.03068033416380745379	0.03488890186824903511	0.016752448007535315766	0	-0
0	0	-1	0.24447979020075405465	0.020827832423523196664	0.034084944826657095907	-0.10090148687256976501	0	-0
0	0	1	0.24447979020075405465	-0.020827832423523196664	0.034084944826657095907	0.10090148687256976501	0	0
0	0	2	-0.0055008434164068500255	-0.03068033416380745379	0.03488890186824903511	-0.016752448007535315766	0	0
0	0	3	-0.0006702595047182859176	0.0016658046557741969934	-0.00074224941996929257905	0.0052675673574809284486	0	0
0	0	4	0.0016507065602961860148	-0.00084153532601597552665	0.00014334854602998859567	-0.00031921449480079463991	0	0
0	0	5	-4.0181139796618915629e-05	-8.5117416644904376994e-06	5.4595920808444014952e-05	0.00011084655799931282787	0	0
0	0	6	5.9893249140710751502e-05	3.0490935066476682709e-05	-6.992224643771913445e-05	-4.4651960756775077425e-05	-4.4841394983569018519e-44	0
0	1	-6	8.6193478725183212872e-06	-1.4701732440173962075e-05	-5.1667071834510021891e-06	9.7972864062321655216e-05	-8.6111786390850043544e-07	1.6328810677053610332e-05
0	1	-5	-2.9244653702181520541e-05	-1.5113886954379656413e-05	6.6972656536423881427e-05	-6.0408879782856174108e-05	1.3394531307284776285e-05	-1.2081775956571234483e-05
0	1	-4	0.0011528832272651894694	0.0007179226157751155378	0.00038845524809157344192	-0.00037940225806598084062	9.711381202289336048e-05	-9.4850564516495210155e-05
0	1	-3	-0.001663850313655334482	-0.001549595843514606653	-0.0012681864752484214853	0.0028586426028241302376	-0.00042272882508280717985	0.00095288086760804337639
0	1	-2	-0.016683515187813205416	-0.020181522722242460632	0.0064202308324830623804	-0.056093666566925541594	0.0032101154162415311902	-0.028046833283462770797
0	1	-1	-0.09686446799877330982	0.033552645182190074524	0.043222863287665544418	0.012720362785942868761	0.043222863287665544418	0.012720362785942868761
0	1	0	-0.033572180997199545238	-0.15183600523547194361	0	0	-0.0021518882700098927209	-0.27278058596554982662
0	1	1	0.045551316443771049103	-0.022375007505314840894	-0.033023914382387498101	-0.022693675893089237938	0.033023914382387498101	0.022693675893089237938
0	1	2	-0.019786448882344809946	0.021553580564302260436	0.025478247796257527669	0.0094977841221614428546	-0.012739123898128763834	-0.0047488920610807214273
0	1	3	0.00053784664791389498028	-0.00075876272454449803125	0.00086429723360991958514	0.0039055471161930669852	-0.00028809907786997321312	-0.0013018490387310224007
0	1	4	-0.0007762037513628636861	0.00063631088524223906183	0.00037813467670161365767	-0.00076350850808469962038	-9.4533669175403414416e-05	0.0001908771270211749051
0	1	5	-0.00016072954079650528659	-2.1636430988671347543e-05	0.00010109182736107176872	-3.3831613090216732485e-05	-2.0218365472214353066e-05	6.7663226180433464971e-06
0	1	6	1.1917967146277819298e-05	1.4111767769863216792e-05	-0.00019289186597717998626	-5.576437785219487582e-05	3.2148644329529995451e-05	9.294062975365812072e-06
0	2	-6	-3.4445443782376948668e-05	1.0579827984398288221e-05	-8.5423785961124381325e-06	6.0106528178955023647e-05	-2.8474595320374790952e-06	2.0035509392985007882e-05
0	2	-5	0.00010447267098573337742	-1.4108647715789797536e-05	5.7858557446143160739e-05	-7.7505104042127802235e-05	2.3143422978457264295e-05	-3.1002041616851118183e-05
0	2	-4	0.0003695241133945900854	0.00084390748300084154811	-0.0001465333463197238356	0.00013627845881854347334	-7.3266673159861917799e-05	6.813922940927173667e-05
0	2	-3	-0.0014805890771173331726	-0.0017979635934564427036	0.00071208895984423191752	-3.592058133420919329e-05	0.00047472597322948794502	-2.394705422280612886e-05
0	2	-2	-0.0056352439343800115809	-0.0097920913941837075395	0.00096162580441051771166	-0.028031106023899812763	0.00096162580441051771166	-0.028031106023899812763
0	2	-1	-0.00066832554218136642175	0.029705087388579985708	0.0069999354036810344445	-0.0097558723655428898625	0.013999870807362068889	-0.019511744731085779725
0	2	0	-0.0063067165610175019569	-0.011145047790009732919	0	0	0.011079205844155131169	0.015359337103833197932
0	2	1	-0.0015724844605405378581	0.0095523684607702590704	0.019805008891413025673	-0.0054831278548344531895	-0.039610017782826051347	0.010966255709668906379
0	2	2	-0.0012051022863589881673	-0.0033719266195823970229	-0.01633563721874332561	0.017493034549106827036	0.01633563721874332561	-0.017493034549106827036
0	2	3	-0.0015244843625520682236	0.00039568364292400117323	-0.00085032651940275441171	-4.8977000927157292483e-05	0.00056688434626850294114	3.2651333951438194989e-05
0	2	4	0.00058137304830931275934	0.00043312580618367122311	6.5448887774759211076e-05	-0.00039136097461880210626	-3.2724443887379605538e-05	0.00019568048730940105313
0	2	5	-9.7152972295570262911e-05	8.796303364787278888e-05	0.00013678390293498632314	0.00017674768118506817088	-5.4713561173994523833e-05	-7.0699072474027276482e-05
0	2	6	-2.6237814325817263065e-06	-4.3001478905869934067e-06	-7.2543047898473408995e-06	4.4792272821971076816e-05	2.4181015966157802998e-06	-1.4930757607323692272e-05
0	3	-6	8.4103897031306688089e-06	9.6209936406450017086e-06	-2.3328377504033056145e-05	1.948162461883315527e-06	-1.1664188752016528073e-05	9.7408123094165776348e-07
0	3	-5	-1.6455553299867024347e-05	2.435714241680729422e-05	1.0824219068815783132e-05	-8.1830302782590457335e-06	6.4945314412894695403e-06	-4.9098181669554269319e-06
0	3	-4	0.00013689894567878773605	0.00010032750561574893902	-5.6820075214290038565e-05	0.00010827829482089920254	-4.2615056410717532312e-05	8.1208721115674401903e-05
0	3	-3	-8.166890559290646836e-05	0.0022713387767357442158	0.0002638245565396847396	-8.5906181380103292995e-05	0.0002638245565396847396	-8.5906181380103292995e-05
0	3	-2	0.00037330169908955949856	0.00019251737739689919987	0.00028227270771196750392	0.0008330580393732938153	0.00042340906156795122877	0.0012495870590599406687
0	3	-1	-0.0041436237744859657356	0.0041096675896945137132	-0.0016825119134823859034	-0.00068256580374822075144	-0.0050475357404471581438	-0.0020476974112446622543
0	3	0	-0.0018979577701619223303	-0.0060682673547282524329	0	0	0.011555904677701593283	-0.00409168771099121132
0	3	1	-0.0046804598928466140118	0.0043009757474100213104	0.00016598589083574748541	-0.00096091764468062934416	-0.00049795767250724242911	0.0028827529340418878157
0	3	2	0.00098368306171465504095	-0.0018122602279600297584	0.00012040599317183827842	0.00011059349047991130061	-0.00018060898975775743118	-0.00016589023571986696447
0	3	3	0.00070589871247298463172	0.00052748161790117098491	0.00012877289279057723206	4.0831743154463933873e-05	-0.00012877289279057723206	-4.0831743154463933873e-05
0	3	4	0.00019510351509732963625	-6.2430516165048615223e-06	4.774410570724675726e-05	4.7209888734836925395e-05	-3.5808079280435067945e-05	-3.5407416551127692352e-05
0	3	5	-2.7629072282827631151e-05	8.3377173041585771727e-06	-2.4628720652967725973e-05	4.8566637195338867056e-05	1.47772323917806366e-05	-2.9139982317203321589e-05
0	3	6	1.6402584210842135388e-06	-3.6376377056481157237e-06	1.9203283874752407683e-06	-5.1499977832887195808e-06	-9.6016419373762038415e-07	2.5749988916443597904e-06
0	4	-6	2.2619891701538872528e-06	-3.6235729643400852037e-07	-8.2136002748506179648e-06	2.1605909563418196428e-06	-5.4757335165670792079e-06	1.4403939708945463579e-06
0	4	-5	3.9019401951337733523e-05	1.9904895365890819275e-05	3.0962174036740103549e-05	9.8857743334005248573e-06	2.4769739229392081484e-05	7.9086194667204202246e-06
0	4	-4	8.5766202707636163575e-05	7.1798219326856853252e-05	-3.6171992821881899757e-06	6.3046080947196542774e-05	-3.6171992821881899757e-06	6.3046080947196542774e-05
0	4	-3	-5.6710433280034833843e-05	0.00011307998649185666039	-1.03745578230953892e-05	-0.00010288595583633442724	-1.3832743764127185035e-05	-0.00013718127444844590299
0	4	-2	-0.00011737773081159133515	-0.00026644903748181862982	5.7654582940084313409e-05	3.3048527905052624818e-05	0.00011530916588016862682	6.6097055810105249636e-05
0	4	-1	0.00012101674199247444209	0.00083565254542916167588	6.0769725973459997692e-05	0.00024725821986591587547	0.00024307890389383999077	0.00098903287946366350188
0	4	0	-0.0015862115951830260425	0.00039736014709500845936	0	0	-0.00057229434431687047254	8.0208008215310903428e-06
0	4	1	0.00063832194772891494815	-0.00034777383624276373471	-3.1826543982797436422e-05	0.00031570371757296672704	0.00012730617593118974569	-0.0012628148702918669082
0	4	2	-0.00017360949653463808324	-0.00027393957063339297595	-0.00014158862247662032515	-9.3600091735074409716e-05	0.00028317724495324065031	0.00018720018347014881943
0	4	3	9.1199185368392177435e-05	-3.2965156156255129402e-05	5.703985504434720894e-05	-5.218939925163857004e-05	-7.6053140059129616438e-05	6.958586566885142672e-05
0	4	4	-6.1168746934808527213e-05	-2.3302787775865063864e-05	5.3850287772346792415e-05	2.6257991148314239555e-05	-5.3850287772346792415e-05	-2.6257991148314239555e-05
0	4	5	1.71853723226757307e-05	1.29035943699554716e-05	1.604039759334819559e-06	9.1594456366207547426e-06	-1.2832318074678556048e-06	-7.3275565092966034553e-06
0	4	6	1.4045082725372653751e-06	-1.1261480819193847375e-06	6.1958832965128954061e-07	-1.17129589366751196e-05	-4.1305888643419300943e-07	7.8086392911167469647e-06
0	5	-6	-4.5732672428773079987e-07	-1.0788152993850756453e-06	-1.0317650108003044006e-06	-1.1642476267130659818e-06	-8.598041756669204044e-07	-9.7020635559422168679e-07
0	5	-5	-1.2947754830558783172e-06	4.3569952579096625749e-06	1.4480179102819081365e-06	-4.4122123147126844864e-06	1.4480179102819081365e-06	-4.4122123147126844864e-06
0	5	-4	9.9910664115343305783e-06	4.2077016777390316009e-06	3.340186223881586291e-06	1.4976949614509719335e-05	4.1752327798519828637e-06	1.8721187018137147899e-05
0	5	-3	-2.7887323321028725435e-05	6.4037351416542157272e-05	-6.0516271921256990188e-06	3.0335147997999618984e-06	-1.0086045320209498929e-05	5.0558579996666030228e-06
0	5	-2	-0.00018932391607826996654	-0.0001819888908423518783	-5.2549387082432832887e-05	3.6260126797053320751e-05	-0.00013137346770608209238	9.0650316992633295102e-05
0	5	-1	-0.00021353501472429992579	9.7945008166870173132e-05	1.4489512488482393226e-05	-8.83929541662404952e-06	7.2447562442411972904e-05	-4.4196477083120250988e-05
0	5	0	3.571939881659046465e-05	-0.00011420155655140943696	0	0	9.024484893749193078e-05	0.00010714922556370081504
0	5	1	0.00022608205770820307898	-2.726726146261752596e-05	1.6176063623111284757e-05	-2.6102404361403541103e-05	-8.0880318115556410234e-05	0.00013051202180701772584
0	5	2	-3.3233227926374190795e-05	0.00015510955958676663543	1.5000790453015581602e-05	4.0058483035277041415e-05	-3.7501976132538954005e-05	-0.00010014620758819260692
0	5	3	1.6894605119726734398e-06	-6.2672882008341497485e-05	-1.3099694019539873948e-05	5.0585348753491532505e-06	2.1832823365899789914e-05	-8.4308914589152556999e-06
0	5	4	-2.4655242892044592067e-06	3.0657067874556386379e-05	-7.206196453736264204e-06	-7.0077755331549036157e-07	9.0077455671703289845e-06	8.7597194164436287256e-07
0	5	5	-9.2241323874885431687e-07	6.305003106314038129e-06	-2.0847513323277763308e-06	5.5510313927645398103e-06	2.0847513323277763308e-06	-5.5510313927645398103e-06
0	5	6	8.2905267580734605692e-07	9.6614620132014133254e-07	3.332841522337546805e-07	-9.2577399021697239178e-08	-2.7773679352812886512e-07	7.7147832518081028236e-08
0	6	-6	1.8332878352884017037e-07	-2.871697011662592505e-07	-6.8534420962660510607e-07	-1.6120939583335783987e-06	-6.8534420962660510607e-07	-1.6120939583335783987e-06
0	6	-5	4.5629362311232671175e-07	6.1388894578728651e-07	8.0621148795690970226e-07	-1.860016854573240054e-06	9.6745378554829164272e-07	-2.2320202254878879801e-06
0	6	-4	-4.8967195973025964823e-06	-2.387047188518800951e-07	-5.4848667166928227219e-06	2.2236846147008425506e-06	-8.2273000750392349299e-06	3.3355269220512642494e-06
0	6	-3	4.0087727365946643988e-06	-4.9623775904897149996e-06	2.9772658394559791416e-06	5.1824768401142619792e-06	5.9545316789119582832e-06	1.0364953680228523958e-05
0	6	-2	-7.2302146540850597271e-06	2.9535001902008245484e-05	-8.7012416550485754616e-06	3.0833217596806425896e-05	-2.6103724965145726385e-05	9.2499652790419277688e-05
0	6	-1	4.9331808213970486398e-05	-1.1089775414184942093e-05	-5.3688300080245416837e-06	-1.0265701392001948806e-05	-3.2212980048147246714e-05	-6.1594208352011702999e-05
0	6	0	-3.8046038901535206257e-05	0.00010139409821745319846	0	0	4.8858563616915690281e-05	3.2967145313809106412e-05
0	6	1	-1.6290099802714986464e-05	-3.8317553691558909983e-05	3.1173731099274529782e-06	-7.4834026609857220085e-06	-1.8704238659564718716e-05	4.4900415965914335439e-05
0	6	2	9.900263383419442823e-06	-1.3724965008133107843e-05	6.045931129861577933e-06	1.2031497531022378148e-05	-1.8137793389584732105e-05	-3.6094492593067136138e-05
0	6	3	-3.997527781082164029e-06	6.6025079859237296127e-06	6.0590241739855815425e-06	1.3403935082032492287e-06	-1.2118048347971163085e-05	-2.6807870164064984574e-06
0	6	4	-3.9525944179219865094e-06	-1.4848908241889863138e-06	-1.3722446502095844767e-06	6.1267020660084658954e-06	2.0583669753143769268e-06	-9.1900530990126984195e-06
0	6	5	7.3298297406442731585e-07	5.7410260845978512398e-07	-2.6399337785870282918e-07	1.4015717998764472093e-07	3.167920534304434056e-07	-1.6818861598517367571e-07
0	6	6	9.0456096205846342208e-07	-2.4314330540948422482e-07	-3.5750717885631733845e-07	1.4283627093090267822e-07	3.5750717885631733845e-07	-1.4283627093090267822e-07
1	-6	-6	-9.3979889460686373927e-07	-6.4881280861453769555e-08	-5.2111494233708837437e-07	-1.4113897862154865108e-07	3.6448179323594445312e-07	1.3032543181130636718e-07
1	-6	-5	-1.2572030267704731197e-08	1.1396510417729347517e-06	-5.1975960480068116988e-07	7.3752404819802192588e-07	6.2119711970727654298e-07	-6.5709864948303927602e-07
1	-6	-4	-3.171807623077014437e-06	-1.8467587799507766086e-06	-1.0513687873609503495e-06	-6.9311577420285922748e-07	7.8410127527217180916e-07	5.7798396631659463614e-07
1	-6	-3	4.5565078527020264317e-06	2.477196428059046177e-06	2.1263581542608900824e-06	1.9190341153685113689e-06	-2.7338803576211046875e-06	-3.0123360880506741533e-06
1	-6	-2	-1.1686234700241210955e-06	-3.6333804244861146938e-06	-8.9141813560609303108e-07	8.4501654172698151659e-07	2.0899426718062186514e-06	-4.3517398374240024261e-06
1	-6	-1	7.5310019466394129389e-06	-3.3089243609736266477e-05	-7.087752300707984344e-06	-9.7727327388749846181e-06	5.0057515750887322391e-05	2.5547152823513637844e-05
1	-6	0	2.1968008451242032722e-05	-6.8253025185787569997e-06	3.661334741873671838e-06	-1.1375504197631262372e-06	1.0788176346378178041e-05	1.2596369967059354363e-05
1	-6	1	8.6427167717029461006e-06	1.7801322594634119082e-05	3.2556974345534257307e-06	7.6632234350794925065e-06	1.0891467835617608283e-05	2.8178018015842835957e-05
1	-6	2	3.6167025535036292287e-05	-1.8901034552465446236e-05	5.8238621355639323226e-06	-5.144287195264940317e-06	-6.1192636082634811679e-07	-5.9823443095620986801e-06
1	-6	3	-1.1985441825423120112e-05	5.4035025503621736636e-06	1.931023829048304339e-06	1.5520193955004586959e-06	7.8571949332376487152e-06	1.3028712742135258177e-06
1	-6	4	9.4901270065574733747e-07	-2.0812280771595108306e-07	-1.9002551805658911539e-06	6.1434420883518766666e-07	-3.087635946012773724e-06	9.7354701518176930385e-07
1	-6	5	-1.0732959455018465767e-07	1.6502391861968662834e-06	-1.5432365315892892484e-06	6.6223109212605778451e-07	-1.8304179189971101056e-06	4.6462947331189610591e-07
1	-6	6	-1.7712094163996561266e-06	4.3295036183640126261e-07	-4.3480178918043832692e-07	7.3880190210136352183e-07	-1.396002197804956568e-07	6.6664350846196325845e-07
1	-5	-6	4.0870275664141574429e-07	2.6914661649343920682e-07	-1.2138227021797631624e-06	-2.5451715014138472467e-08	1.0796360445900385927e-06	6.6067531927355254356e-08
1	-5	-5	3.2928746991801682194e-06	1.950246803551309638e-06	6.1896872221894539808e-06	9.448225737454876487e-07	-5.5311122823534199981e-06	-5.5477321303522565757e-07
1	-5	-4	6.1753331200380570356e-06	2.0787069686459110426e-05	-5.1892621149067538717e-06	-2.4555489846837941957e-07	8.0304109236429565985e-06	5.5037110447002516296e-06
1	-5	-3	-5.3792866613094608827e-05	2.2664452318723083703e-05	-5.0579045532801368706e-06	-4.1879999360199689603e-06	-9.501114615564641209e-06	1.4534817332940975604e-05
1	-5	-2	5.5853275384295840509e-05	-8.0365041491107852209e-05	2.7624488769296325774e-05	-1.9591414633548953779e-05	-4.1134584231092889098e-05	8.7960158383184634264e-06
1	-5	-1	-0.00028171934027784939969	0.00033218660655952265493	-3.9991692114761861543e-05	0.00013850978216980498357	-8.1760879704040085193e-05	-0.00036036230428950231713
1	-5	0	-0.0001157213945761488799	-7.6982901359603169464e-05	-2.3144278915229776658e-05	-1.539658027192063186e-05	0.00032218019104499729484	-1.5073127259666318931e-05
1	-5	1	7.9485372579151953708e-05	0.00022730466413038054991	1.7899638963814594546e-07	0.00012724227746863952149	-7.8590390630961230625e-05	0.00040890672321281705754
1	-5	2	-9.9702681696854010508e-05	-0.00022030717189530936418	1.0345173394825006187e-05	-4.5309201620485995495e-05	7.5714274335489519874e-05	-3.1194181035603062238e-06
1	-5	3	7.5558418776428096534e-05	-7.3433101874945472397e-07	-4.2525805076152917934e-06	-2.3323742919922703831e-05	-3.2273773771501517089e-05	-3.8628127860288021054e-05
1	-5	4	-1.2684345256912761532e-05	-1.1273233727669709105e-05	1.2593167633484663557e-05	-7.4779321665486850885e-07	1.8912545856084021523e-05	1.8835669110988417462e-06
1	-5	5	3.2138593563993914933e-06	-2.7305092932640096742e-06	-1.5599890152569093894e-07	-2.1723170491682282094e-06	-7.9877077280556924819e-07	-1.6262151905154263593e-06
1	-5	6	-1.5249842632374101995e-06	6.4243565755170543016e-07	-1.2476013249245713622e-07	-3.7527203118643651136e-07	1.5019726679585409522e-07	-4.1979930224731466449e-07
1	-4	-6	2.2804044062338860262e-06	3.5917451161212308789e-07	2.0196094553108592904e-07	-6.9937253803666210667e-06	2.4542677068492373599e-07	4.7223460055131007935e-06
1	-4	-5	2.1743940906515469772e-05	1.0427937822514904464e-05	2.2336403409485386417e-05	8.6809361718387534091e-06	-1.3520334546285213485e-05	-4.8591613729680214958e-06
1	-4	-4	-2.0119284946993340138e-05	-6.4982415689928858262e-05	-9.3358090099307642804e-06	1.2580684372310071815e-05	4.3059877731824300931e-06	-2.8826288294792286381e-05
1	-4	-3	0.00012129126341262302761	0.00017090193615017400448	-2.6182706150088558695e-05	-1.464198658704605689e-05	7.5340696004325754132e-05	7.6489960832786075087e-05
1	-4	-2	-0.0001080781808337871985	-3.5787958684182943729e-05	2.2410189217508131172e-05	-2.5850327362335313674e-05	-9.8859468851909861596e-05	3.3806675382579155483e-05
1	-4	-1	0.00063524019226777431613	-6.0800126134918281278e-06	0.00046995093281647793565	0.00015320172805486674604	-0.001244563538998137318	-0.00061888692483295882837
1	-4	0	0.00063136801278008958509	-0.0010224326824818167053	0.00015784200319502239627	-0.00025560817062045417631	0.00035520819792513215344	-0.00068199239941280987223
1	-4	1	0.00071977438198772190035	0.00034489947903066124017	0.00033820844364036126194	0.00044214541159328166328	0.00063305939257372303899	0.0014236821673424653045
1	-4	2	-2.915796545713367506e-05	-0.00012638625904908091179	2.735858971306486361e-05	-3.2947913926349904233e-05	6.9296162154696566444e-05	-2.7026983281593572294e-06
1	-4	3	8.9327663761694026177e-05	4.4529089838147798829e-05	4.5722477716838069429e-06	-7.8756905617534457586e-06	-2.3679557558319600598e-05	-2.5343950695053860621e-05
1	-4	4	-7.826050334662674828e-05	1.0157993774176511982e-05	-1.1196161912356661391e-05	-6.3033546487367233095e-06	8.3689639243000256793e-06	-8.8428530922808508814e-06
1	-4	5	5.2581177523931856214e-06	1.9156444907448360416e-05	4.9806791597446892534e-06	1.9044369096978606661e-05	2.9329197773171142784e-06	1.1404206296093212568e-05
1	-4	6	-3.8052798743708986393e-06	6.0422052978630278789e-06	5.4662168957551106555e-06	-4.1875403464529616278e-06	4.2783579095652234729e-06	-3.798727780612479065e-06
1	-3	-6	7.9134647696455383319e-06	-2.878906216336176551e-06	-5.8141307995556828066e-06	1.260992747985781738e-06	4.2259761947187647409e-06	-1.1103140767155869961e-06
1	-3	-5	-2.028618486622108132e-05	-3.124801111724609024e-05	6.7269131258028879084e-07	-6.0847328907528031123e-06	-4.4608517607923894326e-06	-2.5987624889975361806e-06
1	-3	-4	-1.1315309137578866876e-05	0.00017044195879654627074	-7.1761506040484383936e-05	5.5315248527781965329e-06	5.0992302245968571233e-05	3.8461846059552918804e-05
1	-3	-3	-0.00096432828396395226054	-0.00055738253977106154424	-7.3374678864368683218e-05	4.887420459660371736e-05	-0.00024806808245694876407	-0.00023466838452029090329
1	-3	-2	0.00076505975485693955042	-0.00065823735201735774757	-0.00015642631693295143674	-0.00018753442401428898202	0.00061716935282789687611	-4.7817039987245427862e-05
1	-3	-1	0.004142968462883044739	0.0012643074350117983889	0.00020638477792238909799	0.001828231375059478957	0.0035238141291158769572	-0.004220386690166638699
1	-3	0	-0.0041985862625316065083	-0.0020290864464995129676	-0.0013995287541772021694	-0.00067636214883317095307	-0.0031990767657702270932	0.010506649976800007049
1	-3	1	0.0086765220723790878465	-0.00092913098070448844629	0.0032116589932316683999	-0.00053222158851379795536	0.00095845490731591778677	-0.00066753378483690531137
1	-3	2	0.0019421051013040727291	0.0025156020768037630313	0.0013834417245749495301	0.0016760329438544091692	0.0011041100362103879306	0.0012562483773797322381
1	-3	3	0.0017149425779638665518	-0.00050584331456871055917	0.0005134068508337898129	-0.00013847119313791626002	-5.8240675154165679514e-05	3.0143245051653915075e-05
1	-3	4	6.5851261396999643898e-05	8.4946489762802541372e-06	4.2308865922022903527e-05	2.5046343421366021656e-05	1.5268834092267270059e-05	1.6661095321954453555e-05
1	-3	5	8.6889705435055758883e-06	2.6787389892110465516e-05	3.6966281640020887753e-06	1.6258745039569456311e-05	4.8018278970013827809e-07	4.3977690453195803448e-06
1	-3	6	1.063310205525481783e-06	1.6804214479847114777e-05	-5.1132734559458399554e-06	-7.9208968621125813665e-06	-2.7338550955605003808e-06	-6.7611508443641425814e-06
1	-2	-6	-2.3981113703798163467e-05	-1.7612850841471039512e-05	-3.360835130920640355e-06	7.5330307853562060398e-06	-2.8765739069928137928e-06	-5.4464854020305749829e-06
1	-2	-5	-8.5673872065468806031e-05	-0.00049577793557744654924	1.7619109286723027766e-05	0.00015424229347748877566	-2.4182418127782973668e-05	-0.00016085250450648480385
1	-2	-4	-0.00010876265564839703796	0.00027534297157113992718	5.120475013041400164e-05	6.4929436552422115526e-05	-5.279303897730626031e-05	3.6371024616573917256e-05
1	-2	-3	-0.0019649861222648824094	-0.00026909076116114099327	0.00076164540917297081802	-0.00026773058192849116636	-0.0011627589802036080151	8.8790134231947099599e-05
1	-2	-2	0.00068814895437290587044	0.00027082523877402934001	-0.00074824046029910943473	0.0028052810503974789057	0.0010923149374855623157	-0.0026698684310104640188
1	-2	-1	0.0075979227174498000993	-0.010057835888712958472	-0.0024841746660470595369	-0.010416035990359735763	0.012566272049543919173	0.01077423609200651132
1	-2	0	0.018545852714586155696	0.030067379898698894797	0.0092729263572930778481	0.015033689949349447398	-0.0012289682103791956056	0.0088472031141667555748
1	-2	1	0.017644661151769349544	-0.0037010740486576013293	0.00088856072553030829384	0.0082051192770221173522	-0.015867539700708730571	0.0201113126027018356
1	-2	2	0.00049246022264849535505	0.0012083568334104351216	-0.002265004552989538858	-0.0023939431380944993163	-0.0025112346643137864813	-0.0029981215547997168772
1	-2	3	-0.00024394611263873396405	-0.00060470660644115347294	-0.00060315111358191775531	0.00022649929631889922834	-0.00032078537150836717315	0.00035256839969298399461
1	-2	4	0.00021976472470436076313	7.0784023983789718152e-05	0.00036885407478769725084	6.673425092124676784e-05	0.00012948585621775843464	1.5671119464675950994e-05
1	-2	5	-9.344556506530589076e-05	0.00016847522435922473658	-3.6728006140178153427e-06	-5.2311792405788081763e-05	1.7219992767454052015e-05	-5.4619761834160182731e-05
1	-2	6	-4.5898201309890927037e-06	-1.3461433095367873047e-05	-6.5976319571689728393e-06	-1.9224916240749365798e-05	-1.4342406305581421625e-06	-4.1647332310218103228e-06
1	-1	-6	1.0876502984179313265e-05	-1.9402846666913938016e-05	2.5805686143953524816e-05	-8.9627460742414609521e-06	-2.4881971932957022077e-06	-1.7400167654454127028e-06
1	-1	-5	-7.0234500557842603871e-05	-0.00020953532321141515697	0.00012324393176398062717	0.00018324583215781082429	-3.8695686464364642142e-05	-7.8556231073845196253e-05
1	-1	-4	-0.00023583562422965862609	0.00017452522999438855179	-5.654260653269820681e-05	0.00010928245329376525029	-4.4823254424240099739e-05	1.6310694175155828763e-05
1	-1	-3	-0.0028344364461720472984	0.008365146671937263162	0.00064885539956147932853	0.0029828623311320911181	-0.0011610972819111756507	0.0017940947802683906813
1	-1	-2	0.00075576589618587554885	0.0078992245661962147418	-0.011523644276316802326	0.0054397932584619272667	0.0061397050862513381786	0.0012297156538671437376
1	-1	-1	-0.045902853398303897214	0.081672134604168916683	0.064371449604649452758	-0.043169678023763626007	-0.11027430300295334997	0.12484181262793254963
1	-1	0	-0.058908771594369482849	-0.059671740084980384733	-0.058908771594369482849	-0.059671740084980384733	-0.046209041880121259904	-0.092495406015635092678
1	-1	1	0.11597130682975226312	-0.065414303114691929597	0.10215760802934807649	0.0019323166126974011727	-0.013813698800404191833	0.06734661972738933966
1	-1	2	-0.010134682314857588678	-0.0042393131842323305419	-0.003375367488804143206	-0.002375890483666818695	0.0033796574130267225192	0.00093171135028275592349
1	-1	3	0.0020549172930925353395	-0.0030293366523027245168	-0.0021324116404818444989	0.0005030420370146308209	-0.0013957763111914600184	0.0011774595631057851487
1	-1	4	0.00069807080613650820348	-0.00018148979096173530057	-0.00047948507388479973471	0.0010453667514849611115	-0.00029438897000532701165	0.00030671413561167410302
1	-1	5	0.00024702223982772740073	0.00045265412319655216888	-0.00041180597812053200283	-0.00044783149730163025705	-0.00013176564358965189155	-0.00018009712409963648519
1	-1	6	-1.1547964179718421147e-05	-1.3073444617033647128e-05	-1.9368710104289268493e-05	-3.0974143994235316514e-05	-1.3034576540951412949e-06	-2.9834498962002786546e-06
1	0	-6	1.4280376969609420186e-05	1.6970360149341974667e-05	-1.1908911291309571068e-05	-1.7880912371968003084e-05	2.3800628282682368389e-06	2.8283933582236625856e-06
1	0	-5	2.7015381203584809587e-05	-5.6209387002892450148e-05	-3.1643086571978598339e-05	-0.00029750480107136649749	5.4030762407169619175e-06	-1.1241877400578489691e-05
1	0	-4	-0.00095987603720626099059	-0.0001665848762812845434	0.00011557797865489196991	0.0007894085259476376704	-0.00023996900930156524765	-4.1646219070321135851e-05
1	0	-3	0.0049946916483745371074	-0.011584545509645988517	0.0094714124370082891646	-0.0068128256396216826593	0.0016648972161248457025	-0.0038615151698819958834
1	0	-2	0.00072932003816622819736	0.0091965775409176674787	0.0088715103666769743601	0.0096405948888937335189	0.00036466001908311409868	0.0045982887704588337394
1	0	-1	-0.015576123325896642016	0.029831274556103213463	-0.1174765779167794566	0.13328773970683174821	-0.015576123325896642016	0.029831274556103213463
1	0	0	0	0	-0.087912427533147013969	-0.0029630722560484747119	0.17657039517254960459	0.048048489729960786043
1	0	1	-0.035912927149124258819	-0.013872407565321957443	0.013002228345761942738	0.13965920213582272424	0.035912927149124258819	0.013872407565321957443
1	0	2	-0.0053423366888986417375	0.0081189203361799328063	0.01149765321918732458	-0.0010636130509507023528	0.0026711683444493208688	-0.0040594601680899664031
1	0	3	0.0026531227803855868264	-0.0040329555792488671478	-0.0054549819491891173018	-0.0038066304868648176418	-0.00088437426012852890598	0.001344318526416288977
1	0	4	-0.0001615118962164090882	0.00012869554303806838365	0.0001370826792486043162	0.001151154536174438768	4.0377974054102272049e-05	-3.2173885759517095913e-05
1	0	5	1.7109077857048487397e-05	2.9233016829357575224e-05	-0.00045137192541749783948	-0.00043870089334110013444	-3.4218155714096978181e-06	-5.8466033658715150449e-06
1	0	6	1.3005810492182079475e-05	9.9600353182263483119e-06	3.2524611523138803962e-05	3.57375607781356723e-05	-2.167635082030346438e-06	-1.6600058863710581932e-06
1	1	-6	5.886143579211089151e-05	-2.6894574248222000283e-06	-6.783569839788475137e-06	-5.0367851641875999343e-05	8.6796443253870691131e-06	-8.8428848444497009539e-06
1	1	-5	0.00013782969905573534729	-0.00032559626792221088359	0.00014928001982565444468	-0.00024694077977148307839	5.7421943776277951617e-05	-0.00011450740953873879782
1	1	-4	3.7939566339013619512e-05	-0.00050498462631993492299	0.00026635350632272066429	-0.00032656526068929964341	7.6073268165433572644e-05	-0.00020788747175230865515
1	1	-3	-0.00014393708562045499509	-0.0037193568437573591712	0.0096776646341867420681	-0.0035880045706977148866	0.0031779091828554287442	-0.0024357871381516914971
1	1	-2	-0.0086479540629265834462	-0.015689565270076498427	0.023171589719378878763	0.021212671737874735922	0.0072618178282261476586	0.0027615532338991187478
1	1	-1	-0.023582402480742531425	0.064415944476774691929	-0.043974286176084100008	0.038764401609407535265	-0.067556688656826624495	0.10318034608618223413
1	1	0	0.066761802276283879753	0.033878138017888886901	-0.066761802276283879753	-0.033878138017888886901	-0.082871585039040795984	0.048708977159707934901
1	1	1	-0.10526002822899542533	-0.035045972628558283435	0.040895434407294539714	0.067003208240297582043	0.064364593821700885612	-0.031957235611739298609
1	1	2	0.0038481153203390270484	0.0008167082315563879702	0.0034972096102541981241	-0.011305482044435793965	-0.0036726624652966125863	0.0052443869064397029972
1	1	3	-0.001557140205672488632	-0.0078802814481114726725	0.0017202875934421548235	0.0019751425392978850387	-5.4382462589888732761e-05	0.0019683796362711955888
1	1	4	-0.00015118696722285273953	-0.00056123793720667806192	0.00035330424645905881328	-3.6138365296347490802e-05	-5.052931980905151166e-05	0.00014934407562575637463
1	1	5	0.00014488898306989011306	-3.4047986242660057007e-05	-9.9184761381524591084e-05	0.00011271631075510767778	-9.1408443376731040572e-06	-1.573366490248952551e-05
1	1	6	3.4461903583451070771e-05	-3.8834047084422279453e-05	9.7075438279139236389e-06	-3.0233793341353250425e-05	-7.3615745685608324016e-06	1.1511306737629254415e-05
1	2	-6	1.7064999437714668016e-06	-1.0647743669097975078e-05	-6.1844233071423307361e-06	3.5753777449705488268e-06	-1.7770577784188658843e-06	-5.8283136319281297461e-07
1	2	-5	-6.9719556724424618511e-05	0.00028082860989183191808	-5.7516870658464618656e-05	3.7248534041477299867e-05	-3.6950659608270771165e-05	7.1065135594957298142e-05
1	2	-4	-0.00024052752841974097049	-7.7412334473316282073e-05	7.969155805103286729e-05	-0.00019354105385746610355	-2.0286103079418812365e-05	-0.00011612361054706212568
1	2	-3	0.00097863041367870096804	-0.0017254883536137663718	-1.256363915316178109e-05	-0.00056562503481539724848	0.00031783437845745918498	-0.00095224614108152028959
1	2	-2	0.00094299533020089957528	8.3293096596590688154e-05	-0.0015280920092932306735	-0.00070005345842343307157	-0.0010565943441927807232	-0.00065840691012513763263
1	2	-1	-0.02030926441346019018	0.0078413342732860050882	0.019316015235296354197	0.004895977692209455695	0.018322766057132518214	0.017633289657704918213
1	2	0	0.013006410960060672821	-0.0018860887056297162903	-0.0065032054800303364106	0.00094304435281485814516	-0.021665836203442451202	0.0013027217864032200612
1	2	1	0.0067424231689093274897	-0.0067602368297050036833	0.0012866655886869086695	0.01267474858766381822	-0.0093157543462831452624	-0.01858926034562263449
1	2	2	-0.0021001329601855757943	0.0022770998601887339208	-0.0015380654961532692123	0.00097582043088511563785	0.0025881319762460571095	-0.0021143703609794828151
1	2	3	0.00023419275700778863138	-0.00026944028893527964151	0.00093869767306842548556	-0.00041582035025064322626	-0.00070386270104821327311	0.00036702699647885538275
1	2	4	8.9876511099307587009e-07	0.00019067404925316683664	6.4876291330453502012e-05	0.00010154418177811257054	-3.266283694297501415e-05	-9.8440603202348001205e-05
1	2	5	0.00012653545345820798847	-6.4330007687720444209e-05	-5.4896072024533842969e-05	1.9378700986613483557e-06	-3.3486618818280584735e-06	1.2090853498079548483e-05
1	2	6	-3.19401341892316216e-06	6.8797844245333781369e-07	1.5663260183869091071e-05	1.8150382729468980365e-06	-4.6887511581358369461e-06	-7.1967583139118899875e-07
1	3	-6	-2.029826828400082824e-06	1.3116467561026943348e-06	-3.2101359623310736147e-06	-1.6716868497256754696e-05	-1.9433724525655506819e-06	-8.1398264559445936882e-06
1	3	-5	3.2171724280566207433e-05	-6.5988163872955697708e-05	-8.2885720429562533462e-06	1.5147158786933714701e-05	1.4612016303394898177e-06	-4.109337502430910721e-06
1	3	-4	-7.9401174096772257453e-05	5.8891524231399686575e-05	3.554867887699274026e-05	-5.565616530719596155e-06	6.8112156335514933728e-06	1.0548668659810224527e-05
1	3	-3	-0.0020794131547666248709	0.00012000185357671896893	0.00077173934631958598322	-0.00039083235521904658837	7.8601628064044364095e-05	-0.00035083173736014024733
1	3	-2	0.00084352546637606810702	-0.00049258972223711016119	-0.00040311848243127022372	0.00039203871177435667449	-0.00018291499045887130918	0.00034176320654297995824
1	3	-1	-0.0032107365718460974431	-0.00096836802241077228962	0.0031750844881670045421	0.00028929276838549408809	0.0063145168926549161831	-0.00010048971725429001179
1	3	0	0.0005930939258132964095	-0.004204292075256588386	-0.0001976979752710987851	0.0014014306917521960564	-0.0011049225306750359681	0.0035521718228582639665
1	3	1	-0.001101260336222827747	-0.0034208567077173884959	0.0016422001397252805176	0.0022558828616658773911	-0.0038253400829530138059	-0.00334679187728024281
1	3	2	0.00056856877793431557979	0.00048697938888196744094	-0.00036792453136609218215	-0.00073817491283303168087	0.00026760240808198051043	0.00086377267480856380084
1	3	3	-0.00024583151720720139519	0.00082666312800076758791	0.00027770804531252710505	-0.00048637218542131290455	-0.00019576420624345996428	0.00021081780942105703288
1	3	4	7.8427332314619872789e-05	9.607106724493993141e-05	-3.9963837189014249883e-05	2.81769704299325612e-05	1.0366044813105720909e-05	-4.5150494633684400364e-05
1	3	5	-1.9515184292084372241e-05	-1.1619957891339370055e-05	3.3607285836893093704e-05	-4.628705244853105206e-05	-1.6261334643718984485e-05	3.0096223047386503892e-05
1	3	6	-4.8028894292488750974e-06	7.3657652853063074647e-06	6.7441285758352290591e-07	2.3169576507886986499e-07	4.6327514274971765935e-07	-1.3434754300904861501e-06
1	4	-6	-3.2373227861568930291e-07	2.311059257726829338e-06	-4.1561035328588223821e-06	-5.1759214187817506858e-06	-2.8246910683418299199e-06	-3.0654377362333622342e-06
1	4	-5	6.692017339032811463e-06	-1.5981854256643306605e-05	-1.4111314628187337023e-06	1.9150615648642171343e-05	2.0949829755157531487e-07	1.2124121667585075753e-05
1	4	-4	-7.5788942822629498035e-05	-6.1803120082992036709e-06	-4.8226826135651365882e-05	-1.3848413153703919963e-05	-6.7174061841308743779e-05	-1.5393491155778720033e-05
1	4	-3	-6.2705462045540123978e-05	-8.2760724395691205092e-05	3.5662029093114041607e-06	-1.3564591211512452493e-05	-1.6146883469431503574e-05	-4.5673029747247005021e-05
1	4	-2	7.8509988024169851942e-07	0.00014352034326260102327	-3.8675681375868567501e-05	5.4201129949203678674e-05	-7.695881281161628929e-05	0.00018016243152970786898
1	4	-1	0.00026565500419493563505	-0.00061125567928950387975	-9.8774783268730772449e-05	2.8914221281987092897e-05	-0.00012944412887998745475	-0.00049559879416155550817
1	4	0	-0.00058009519775953225559	-0.0018761673964454875316	0.0001450237994398830639	0.00046904184911137188291	-0.00038100102556239330044	-0.0012109063971520726052
1	4	1	0.0012622019698145215631	0.00045522960836608437158	-0.00053412946462229782436	-0.00020636245915318826268	0.0008743158886746697344	0.00037022022824666867913
1	4	2	-8.2344765538240786789e-05	8.3805103500818214739e-05	-3.4092751839044104401e-05	-0.00017577605661251309078	0.00010935788644720859542	0.00030964956147461707419
1	4	3	8.8108377283282337893e-05	-1.3017812035753538975e-05	-1.6916024624404495795e-06	6.020695504005018256e-06	-2.7113989144506844549e-05	-3.6883233267555110672e-06
1	4	4	-1.5682182874165136581e-06	-1.5854325917793639242e-05	1.3387217127875004831e-05	1.1334845581578720385e-05	-1.2995162556020876628e-05	-7.3712641021303105748e-06
1	4	5	4.6634060589003636845e-06	9.4861610638194474282e-06	-2.1652925060535495593e-05	-3.1959352915229424522e-06	1.6389658836648321704e-05	6.5951602045446449733e-07
1	4	6	2.0034972203236085546e-06	-9.1726128152390897323e-07	8.0778496179687446678e-06	6.2921127608044805392e-06	-5.7191492820330976592e-06	-4.0418649602823357247e-06
1	5	-6	-9.5351827252639016976e-07	9.8034889840268442612e-07	7.2115874717707280796e-07	-1.3293027869898978319e-06	4.4204591055982901364e-07	-9.4436083942446742023e-07
1	5	-5	1.9502355194690866042e-06	-4.6098326899229556799e-06	-9.8933058630070790657e-07	6.9599270979498724791e-06	-5.992834824068905222e-07	6.0379605599652815125e-06
1	5	-4	-3.154185946975375743e-05	2.4534979798185404843e-05	8.6212421664333765729e-07	1.3918340473030173821e-05	-6.8078095966342666771e-06	2.353167054083406891e-05
1	5	-3	-9.6553684991911996631e-05	-3.5422056087500482658e-05	-2.0737025922426323172e-05	-3.7535976574030405299e-06	-6.6746271534681201904e-05	-1.8063348124838563463e-05
1	5	-2	5.4651269584743365749e-05	-0.00017670154869670469085	1.713469355807489567e-05	4.5167108068084335656e-06	7.0162368687558927132e-05	-7.7058997331331269558e-05
1	5	-1	1.4897547257736628017e-05	-9.4528977397195784868e-05	2.9607411243394311497e-05	1.7137001393715829944e-05	0.00016293460347470818889	-8.8439704286166215947e-06
1	5	0	-3.7109307385294043862e-05	4.538472472872573454e-06	7.421861477058808603e-06	-9.0769449457451464846e-07	-0.00031256286791427040752	-0.00023129695814360474266
1	5	1	0.00020407776951531918664	0.00020700308673634486897	-6.4293801453053935871e-05	-6.3349887424113271862e-05	0.00011739123774995049272	0.00010974635038422144969
1	5	2	-0.00017877710676346587892	8.8979359328827356784e-05	2.1316773351453114537e-05	-2.513726339715744137e-05	3.6096620003100151426e-05	1.8353478828479926726e-05
1	5	3	2.0166056824064584576e-05	3.7423936626365541071e-05	1.1711596825198234133e-05	-1.5460768869984135287e-06	-2.6241346983351917285e-05	-9.8978507304578241936e-06
1	5	4	-1.6800802605251108173e-05	-2.159483223847186994e-05	-1.136833812936324944e-06	-7.7841336908975048483e-06	5.621242917483183382e-06	1.5128875173239848969e-05
1	5	5	3.1000209771715905964e-07	-5.494042412578266371e-06	-1.1801462498305745296e-07	-2.1865757596982696135e-06	5.601420543962564765e-08	3.2853842422139229724e-06
1	5	6	-6.300102951405781137e-07	-1.3973970950574633535e-07	2.4318954521939434178e-06	5.8964149770490972109e-07	-1.9215778276381898645e-06	-4.6807796316980036953e-07
1	6	-6	5.3463930604047440943e-07	-1.9668276671894924383e-07	1.4763819269561617483e-06	4.3753696072172085104e-07	1.5654884779629075891e-06	4.0475649960189598589e-07
1	6	-5	-3.9200911571437635805e-07	2.7351519898793457647e-07	-4.8901977282092530163e-08	7.1072462418499908206e-07	-1.3708419588138630516e-07	9.07572588819585782e-07
1	6	-4	-2.9052607005330853814e-06	-1.5392259449307398172e-06	2.471490060888936425e-06	-4.6130340216242651712e-06	2.9809199162001335038e-06	-7.3043575186690824994e-06
1	6	-3	6.0227250560610772143e-06	4.3602847548401821036e-06	-2.9149603045894206232e-06	-8.2175037813035159875e-07	-3.8223455904918155084e-06	-1.9007250464730931297e-07
1	6	-2	-2.0044901377563528001e-05	-1.8466981479793240228e-06	-3.3492233443906584015e-06	3.0758969171735161761e-06	-2.0070120721953740899e-05	8.3043416775308852464e-06
1	6	-1	7.9482315807520883654e-06	1.8415298990306070738e-05	2.812762213886521229e-06	-8.0377323471952917642e-06	2.4824804864071215739e-05	-2.9811095092865676459e-05
1	6	0	-7.2634057069751833784e-05	-4.6706387954363536258e-05	1.2105676178291972862e-05	7.7843979923939227096e-06	2.5041468950082470618e-05	7.0950250746645608185e-06
1	6	1	1.0274970111313809173e-05	-8.2483929213455434176e-06	-5.255978999150613364e-06	1.2525414770818873095e-07	2.1260903883589869317e-05	7.4968680350964121966e-06
1	6	2	-2.0000272147151837898e-05	-4.7242519277143948107e-06	3.7419826256755514385e-06	4.4139710593970896295e-06	-1.2258118034507349428e-06	-1.0879787214334070636e-05
1	6	3	1.1096679122237266064e-06	-6.3804006330994924947e-06	4.0028658433175558394e-07	1.5209612956168435064e-06	-1.1704624727380865975e-06	-9.1512238020052277724e-07
1	6	4	2.3404111022422996028e-06	2.02212348353126948e-06	-5.3973943849050631151e-07	-1.6021812762660292661e-06	2.2450638217518456656e-07	1.8977410435162265292e-06
1	6	5	-2.8064999310150100646e-07	6.01717822128537625e-07	-3.5843719711218175361e-07	1.774703933440459994e-07	4.8625463515491828444e-07	-3.3330803643856272429e-07
1	6	6	7.7456005204148894305e-07	4.6611663653246213643e-07	-2.5188409198316831417e-07	-8.078399429162043586e-09	1.2279074997625348151e-07	-6.9607706659581646922e-08
2	-6	-6	-3.7370596550561800421e-07	-1.7374689725907516773e-06	-8.0616000222105020916e-09	-1.9530638043188065006e-07	-1.1650705514632883264e-07	-3.8384994376503660218e-07
2	-6	-5	-3.3927875689908687247e-07	-3.775212332205227325e-07	-8.3321573587499057286e-08	-5.2097834931789189219e-08	-3.5725614454635876274e-08	-8.8491091370062057995e-08
2	-6	-4	2.7705385457464019868e-06	-3.2167823361038709486e-06	6.7283750328277414402e-07	-4.0363479689271756541e-07	3.7601301794903967147e-07	-1.0029389727128592056e-06
2	-6	-3	-1.4282115744484971635e-06	2.5736339641440893874e-06	-8.8362821369297507928e-07	2.5011837314847326454e-06	8.1511537775361878683e-07	-3.2866114868734056992e-06
2	-6	-2	-4.308519078748907867e-06	2.1358827399561163068e-06	-4.1888350537051435147e-06	6.8921302431813596634e-07	8.257986082366523524e-06	6.8243667001708447482e-08
2	-6	-1	-1.0293211342325609455e-05	1.2788721538636739275e-05	-3.1218086362625157353e-06	1.8181903672856480031e-06	-1.8555708670761255578e-06	1.4668300873559589684e-05
2	-6	0	4.5688658912691085896e-05	9.2118958489922601619e-06	1.5229552970897029197e-05	3.070631949664087003e-06	3.9206359290554785302e-06	3.3057431842627106513e-05
2	-6	1	6.5911720493401703707e-06	4.2396425206655420214e-05	-4.1652181396142049741e-07	1.1602549549970303706e-05	-1.5681474982448864573e-05	-1.5177553113489023273e-05
2	-6	2	1.9032929573909329618e-05	1.093441761362896444e-05	5.6847262485479679522e-06	3.7642117344569961908e-06	-1.978750828265427455e-06	3.5821758974202386727e-07
2	-6	3	-8.1410399062644049173e-06	-8.3831997365790600395e-06	-4.3128103830922890014e-06	-2.4356219228422534896e-07	-3.1982608286749748657e-06	5.101675439817590246e-06
2	-6	4	-3.767637346697211971e-07	-1.4908260359306093502e-06	-7.9884817535706814883e-07	-1.8357885655242407467e-06	-1.0098903957007415188e-06	-2.008269830321056339e-06
2	-6	5	-3.0034054784135896509e-07	2.9138951846256926104e-07	-6.9770259714415852717e-08	-1.6863943555430542335e-07	3.6411907479244553513e-08	-3.1892313005019419126e-07
2	-6	6	1.7517944446207373674e-06	1.5813214596830797939e-06	6.9624760743102923808e-08	6.4040876775260103168e-07	-5.1430672079714293591e-07	1.133016145249077141e-07
2	-5	-6	-1.1281739810114089102e-06	5.1117691179726496401e-07	-3.7746372747153923156e-07	2.9655519190560620423e-07	-6.1504887444186943773e-08	-7.6737022655583511114e-08
2	-5	-5	5.3507589971657727111e-07	-1.56443188924643297e-06	-1.6248733084004126439e-06	8.0105186563720470671e-07	1.838903668287043637e-06	-1.4268246213357777253e-06
2	-5	-4	-1.986424935822431382e-06	6.1236117643322785507e-07	-2.6753214598918702679e-06	1.7883824113990610853e-06	2.3509393569536221438e-06	-1.9292974260322123233e-06
2	-5	-3	-1.3938908755293049854e-05	-1.9988350152129234717e-05	-8.4552458411173450989e-06	-1.0705104735469771383e-05	4.7994705650002069015e-06	4.5162744576967941333e-06
2	-5	-2	2.64116988165536265e-05	-6.9669747584943611217e-06	-6.8945734242767908543e-07	5.5659632117884760841e-06	2.8135342172622824055e-05	-2.0881882787965550061e-05
2	-5	-1	9.1458637804551880051e-05	8.4821990025959169163e-05	-4.591789905669648086e-06	2.1103873112820037536e-05	0.0002058762251374519946	6.4124614487818157424e-05
2	-5	0	-1.3745362742806532371e-05	0.00013336873239016411438	-5.4981450971226126096e-06	5.3347492956065645751e-05	-0.00037716960170738715596	0.000445726714291939908
2	-5	1	-3.5712595417267790172e-05	-0.00010900172568132715858	-2.0457489109149199342e-05	-7.6100043491855007922e-05	-3.0862254711210419756e-05	-0.00016249676609662072244
2	-5	2	4.9590669604518864094e-05	-2.0350343644736297078e-05	-8.7916538909861685473e-06	7.024541822871598305e-06	-7.1569804331984295627e-05	3.7911698201915293265e-05
2	-5	3	-3.0681813216496463349e-06	2.0591918452342489898e-05	1.1166273276109106496e-05	6.5387746687605393278e-08	2.0655909674614940022e-05	-1.3618966057082317601e-05
2	-5	4	1.0653794383368837977e-06	-4.5434849565779583758e-06	-2.3729386588830818431e-06	1.5750031700124350983e-07	-3.4988630427722942028e-06	2.4686178745405338664e-06
2	-5	5	1.063045157821627929e-06	3.1712065601647736312e-06	1.142480649261581425e-06	6.7288703545612176617e-07	7.1726258613293029573e-07	-5.9559558860978764398e-07
2	-5	6	3.7288486269594513522e-07	-9.9607286933676508267e-07	-1.085439420246001103e-07	-9.3383734664845410363e-08	-2.1474823925248181248e-07	2.5420451089155049907e-07
2	-4	-6	-2.4176711042581825812e-07	3.652155382222195891e-06	-4.4126887574297995457e-07	3.9497525221024107345e-06	2.135902136867138572e-07	-1.4157832206608749809e-06
2	-4	-5	-2.1602729682700816173e-06	-3.1706510142819022577e-06	-5.8886572749121848832e-06	-1.2234826466612383457e-06	3.8468166326217149208e-06	-2.8947428838377030066e-07
2	-4	-4	5.1913729523822633636e-05	-2.0109089086393061292e-05	2.0067920881695408547e-05	-5.9782689902910739375e-06	5.8889438802159074237e-06	-4.0762755529054567086e-06
2	-4	-3	-0.0001497974349361444078	3.338642271077749558e-05	-7.6552175468234378978e-05	-5.3938874673874003625e-05	2.2046106668828878253e-06	9.417611470568367307e-05
2	-4	-2	8.53899478583821747e-05	-0.00012972935461357017477	9.9664126910820448487e-05	-0.00011862250516778227	-0.00011393830596325872227	0.00010751565572199435169
2	-4	-1	-4.3191045092687627279e-05	-3.491153867023366432e-06	4.1609235652055182313e-05	-4.4416929454719023625e-05	-0.00025281903279359601092	0.00017068541008482935825
2	-4	0	0.0002228810800930304569	0.00045832144263970600812	0.00011144054004651522845	0.00022916072131985300406	-0.00014817629366486905949	-0.00044309196796553211323
2	-4	1	2.1973330316166273023e-05	-8.1454258393269583191e-06	5.4959689773585234599e-05	3.726869951825352589e-05	0.0001758920984620084059	0.00016536564975166802359
2	-4	2	-9.9344064375881649311e-05	-5.2532213696990541149e-05	-0.00013674755245308441555	-1.2032922846996587301e-05	-0.00017415104053028718179	2.8466368002997366547e-05
2	-4	3	-1.0072267428984959567e-07	0.00011450149380777013993	1.1369963443417710949e-05	0.00017934962698764884536	1.5227099707416847963e-05	0.00016279850677835170053
2	-4	4	1.4893028783993077816e-06	1.2335687552208514164e-05	5.0315629614345313222e-06	2.325390691894762757e-05	4.2869115222348767961e-06	1.7086063142843373029e-05
2	-4	5	1.4664546639726896826e-06	2.8650942759500046096e-06	-6.1746515151469889379e-06	1.0377073805904268535e-05	-5.526303077706666854e-06	7.1556213343434128151e-06
2	-4	6	-2.7870246928456308477e-07	-1.9177915431518327814e-06	1.4143303900727845598e-06	5.2579942395722184604e-06	1.0357877498100441034e-06	4.1445933407654230929e-06
2	-3	-6	2.206379108813900441e-07	-1.6215121839099091527e-06	1.9632065784992692135e-06	-3.5681864704463277432e-06	-9.0805731895583782835e-07	1.2435891739198608913e-06
2	-3	-5	4.2409077392049520486e-06	-1.4456922749845436144e-05	1.1008371996789741314e-05	-1.1880416481983379593e-05	-4.9086601023918641383e-06	1.3454807892518527052e-06
2	-3	-4	-7.799510034758964103e-05	-1.9430496709935242492e-05	-0.00020455933177887259539	-5.5362458482785644793e-06	0.00011442194866035962602	-5.5630639687586974632e-06
2	-3	-3	0.00048217321304808451101	0.00018329559430762382404	0.00070318591456393765397	0.00061533826116507892544	-0.00038173710586521470084	-0.00049314119829332978169
2	-3	-2	-0.0008356985667776598058	0.0022164493172480803466	-0.0012006771406806843704	0.0012785068368623129544	0.00096531714424336664132	0.00029868906195461091511
2	-3	-1	-0.00046520644827392803244	0.00058295063917141029183	-0.00032186523263314826843	-0.00014954061226251399823	3.5182801351588787852e-05	0.0016145231151303625784
2	-3	0	-2.3729109177397692232e-05	-0.00060335172762069841108	-1.5819406118265128154e-05	-0.00040223448508046555317	-0.001007649970339712011	-0.0014591732856642609332
2	-3	1	-2.7895481255532166519e-05	-0.00063047752722991082675	-6.1637980375822088385e-05	-0.00060614970614358105409	-0.00012912297861640193212	-0.00055749406397092150876
2	-3	2	-0.001007271172775815694	-0.00034070261553981407094	-0.00087612691668631286976	-0.0010611276594403305003	-0.0003069192022536535564	-0.0012509888736206814085
2	-3	3	5.3483184248259725134e-05	0.00021784005922154771112	0.00019169111969212214463	0.00061173133752155434053	0.00015603566352661565669	0.00046650463137385583031
2	-3	4	-1.4131408586181721116e-05	1.9722348037512145468e-05	-2.9197888255910954991e-05	-2.7460413343859571924e-05	-1.4832711898842355685e-05	-3.0456484026650751677e-05
2	-3	5	1.1357076174946814529e-05	2.5241964514393399927e-05	3.0185848697126675303e-05	2.0994832363617846067e-05	1.3568678748297278693e-05	2.5001136124133472459e-06
2	-3	6	1.4329731482858408871e-06	4.610076704947257598e-06	1.134892529967066572e-05	-1.0073148328518579124e-05	5.1968049337400526347e-06	-6.573266399241708479e-06
2	-2	-6	-1.0001473012077429628e-05	1.3866998327176542771e-05	-6.242639327761015899e-07	3.4856790495522854463e-06	-3.1257363597671093108e-06	3.4604397592080857748e-06
2	-2	-5	-4.4321780287823880906e-05	2.1083858313510537815e-05	-9.2237098414616548779e-06	-1.9886410988918701602e-05	-1.4039228178544890072e-05	1.6388107720971695767e-05
2	-2	-4	-0.00021896801216651713739	-0.00040706309667064792925	2.5243156218515755173e-06	-0.00022300926314041048153	-0.00011074616389418435666	-9.2026916765118723859e-05
2	-2	-3	0.00098144483778835208375	-0.0018417749460615195044	-0.00028492606700155503636	0.00047469950378109179723	0.00084424726985993811621	-0.0015443162998950742733
2	-2	-2	-0.00064051419389192000304	0.00038598394193923538532	2.7740368158620261358e-06	-0.00054149196394660825422	-0.00064328823070778197793	0.00092747590588584363953
2	-2	-1	-8.6127696295933167084e-05	0.0036504025960217216344	0.00059151347029177579143	0.0028222788843663649747	-0.0013552823331754177815	0.0016562474233107137532
2	-2	0	-0.030652199024138154781	-0.011293073129809200542	-0.030652199024138154781	-0.011293073129809200542	-0.002005984773384771741	0.0002160220180996081697
2	-2	1	-0.00084959342161264306791	0.0024396408583617868945	-0.0024433439049663524534	0.0016026495852625118922	-0.0031875009667074183373	-0.001673982546198549571
2	-2	2	0.00073407895865686221409	-0.0014072053794900159316	0.00039040943952400365431	-0.0041178524037739985819	-0.00034366951913285855979	-0.0027106470242839824335
2	-2	3	0.0001428308537974197945	8.3242439172607107963e-05	-9.1828798947920966655e-05	0.0022928504764749293131	-0.00015643976849689383173	0.0014730720248682146589
2	-2	4	-5.7284296788331523118e-05	0.00027308883133993059646	3.6692628825414408183e-05	-4.6702511839240629294e-05	4.6988462806872969039e-05	-0.0001598956715895856061
2	-2	5	2.1408422913725079137e-05	7.1863994717100421127e-06	3.0796837937454904477e-05	1.6903596268743822668e-05	3.7553660094919282726e-06	3.8868787188135125608e-06
2	-2	6	2.5585756619803461754e-05	-9.7307555199628843707e-06	1.349424979830696127e-05	-3.2854503344457279495e-08	-4.0305022738321665457e-06	3.2326336722061427674e-06
2	-1	-6	2.1881931376683652125e-05	2.3646982664071482521e-05	1.7954396371317347735e-05	-1.2190592032815533182e-05	4.3015777303416591367e-06	9.9140928934930824725e-06
2	-1	-5	-3.2507597603245892964e-05	-4.5792483509413975612e-05	9.3797776806879668249e-05	1.4784447767865311509e-05	-3.176259440267428948e-05	-2.1273882957338653563e-05
2	-1	-4	3.6011769424559911376e-05	-6.3190372387949113667e-05	6.1177013574709675605e-05	1.0757816855520465737e-05	2.7116313186025355163e-06	-3.4284640407854668185e-05
2	-1	-3	-0.00072076207361441578698	-0.0010622679497843056599	-0.00027593380116334661773	-0.00067624097222355973244	-0.00038853011535516161594	-0.00048276497578168391664
2	-1	-2	0.0031845627769233031922	0.0041669972780609887061	-0.0034657705930249624315	-0.0016838919885905038066	0.0049174480734357839742	0.0050089432723562409347
2	-1	-1	0.0012754244971744886899	-0.01592255025612602376	0.0039013434231565391475	-0.018247531353886368988	-0.0013504944288075619845	-0.013597569158365682002
2	-1	0	0.0031483381366830863815	-0.0088821325092963282488	0.006296676273366172763	-0.017764265018592656498	-0.01846576513644600584	0.025439980542450273127
2	-1	1	-0.0011145278492051130526	0.0073733937995845381247	-0.0029393709323267307523	0.0053334990766365653753	-0.00071031523391650475564	-0.0094132885225325091394
2	-1	2	0.00047526339208247306246	-0.0012356566733987568024	-0.0030541729513883261564	0.000494989112454389266	-0.0020023498677766361949	0.001483151229625951327
2	-1	3	0.00050349617658938588746	-0.00057217866257724557446	0.00010867934877579736737	0.0031539327285398533612	-0.00029943766813432477541	0.0014327633512314480978
2	-1	4	0.00013109260759946395817	0.00013320611364194142288	-4.6724454298398469354e-05	0.00025685973946774968936	-7.7227417374331599814e-05	-2.38812195403329715e-06
2	-1	5	-5.3268227439681412885e-05	-4.8510451841489667286e-05	9.5788021940542087134e-05	8.44416529490739869e-05	4.046489536398097987e-05	3.6292511326410667005e-05
2	-1	6	-8.4790622589127058966e-06	-5.6669031972469748607e-06	-2.5409319520798718666e-05	-4.0819161262084608321e-06	-1.4085325004955514278e-06	1.2086483780475813404e-06
2	0	-6	8.7423476615094945102e-05	4.0498631464003169881e-06	1.390795211465433233e-05	-9.9680183729746166981e-06	2.9141158871698312775e-05	1.3499543821334391372e-06
2	0	-5	5.3064104766901858438e-05	0.00010518070141064932166	0.00012196384078137525152	-1.3233922062458065494e-05	2.122564190676074473e-05	4.2072280564259731373e-05
2	0	-4	-0.000233040304641193624	2.0250612083313367806e-07	-0.00015497235245690219843	-0.00017443540961641627223	-0.000116520152320596812	1.0125306041656683903e-07
2	0	-3	-5.0783659813370164715e-05	0.00048883455840113452465	-0.0018988767597077895952	0.00078431940643139039758	-3.3855773208913440885e-05	0.00032588970560075636784
2	0	-2	-0.026194446744300617369	0.0013176025490879311221	-0.0099119679755054462128	-0.0058459745886673209272	-0.026194446744300617369	0.0013176025490879311221
2	0	-1	-0.006839985505508026746	-0.0056279771315728846851	0.021811169745241248963	-0.0031207203559649931632	-0.013679971011016053492	-0.01125595426314576937
2	0	0	0	0	-0.016628662553877585073	-0.02170479262432461684	-0.0047337181118790672488	0.010519564379182420183
2	0	1	0.001779596762608130333	0.01846566373226934607	-0.0096937661683997450313	-0.015967376256205794566	-0.0035591935252162606659	-0.03693132746453869214
2	0	2	0.0052589886212874191115	-0.026201369216107588817	-0.0021018221925379241243	0.00064997003409535830405	-0.0052589886212874191115	0.026201369216107588817
2	0	3	0.00098612381629686603028	0.00012388390288709460411	0.0010361299328322933974	-0.0009851259461403233126	-0.00065741587753124402019	-8.2589268591396402738e-05
2	0	4	8.4065690322583522601e-05	2.7115701848980982089e-05	5.3214912240493379453e-05	0.00038471914788969826388	-4.20328451612917613e-05	-1.3557850924490491044e-05
2	0	5	0.00014844982088580658272	-9.3158780372602670132e-05	6.6672145371134456542e-05	-0.00018290700993954999917	-5.9379928354322637156e-05	3.7263512149041070763e-05
2	0	6	-2.9403612736525725857e-05	-2.2947339151108674234e-06	-2.4945526546902100902e-05	-6.6282873604371926893e-07	9.8012042455085758504e-06	7.6491130503695584308e-07
2	1	-6	-2.6521738468954686495e-05	4.1341059272642174762e-06	1.3903670935253227794e-05	-5.0656551581853018153e-06	-6.523301000442691713e-06	5.337594493905222601e-07
2	1	-5	-2.4063783680328028743e-05	9.9192699088136316313e-06	-0.00014945638512525055187	-2.7242871365848058573e-05	-3.9516790497181323227e-05	-1.4808663096441591891e-06
2	1	-4	-2.3185353955427426292e-05	-0.00017819061382919550748	-0.0001935561347790004617	-0.00020526452542128425854	-5.998171067246382349e-05	-0.00014041143826991881838
2	1	-3	0.0010532939839134689963	-0.00022586735207159205191	0.0010572762694733776456	0.00091022828652985747142	0.0010546214124334384737	0.00015283119412889113156
2	1	-2	0.0030528970661554957408	0.0030846878670103333384	-0.0054533177263747052363	0.0029317822446202537051	0.00032623820296814312267	0.0045505789893204601909
2	1	-1	-0.0010178285487766297428	-0.0023812438580979376594	-0.0023157998073049562877	-0.0016168873916717052801	-0.0043514569048582153396	-0.0063793751078675799485
2	1	0	-0.017065155007367792395	0.018560030148041251064	0.034130310014735584789	-0.037120060296082502127	-0.003323197482765791709	-0.027279639652664090799
2	1	1	-0.0028563585284525770842	0.0011828008937340044656	-0.0089367522234491490046	-0.00095568575680691147337	0.01464946928035430404	-0.0014099160306610975663
2	1	2	-0.0017324917112381385455	-0.00090819877861819024809	0.0023745840511930505629	-0.00043017512916969889714	0.00054519968564161326412	0.0011232863432030398051
2	1	3	0.00026087600337014476724	-4.5984471765768098687e-05	0.00077572692501634240604	0.0010752839625123109674	-0.00043249297725221066491	-0.00032777167299359154934
2	1	4	7.2136080400913779598e-05	-0.00010750842175450500574	0.00016415940202158579224	5.5739934863703278426e-05	-7.7107890705853344634e-05	3.9819227161326681567e-05
2	1	5	9.3427644405378489686e-05	-4.6121760928804491578e-05	2.5320058197494215693e-05	-0.000174366147149431519	-4.2435069401650234947e-05	5.3321933801408099077e-05
2	1	6	9.82532359383540584e-06	-4.6209760249826706095e-06	2.203109444395156203e-06	2.9369331630420644113e-06	-3.6422927720109947883e-06	1.050836481153879468e-06
2	2	-6	2.3185700104189122287e-05	5.5379454834980671067e-06	-3.483540720150384865e-06	-3.6265036904816038424e-06	6.5673864613462466544e-06	6.371472643388210528e-07
2	2	-5	1.6774994578339601271e-06	3.3977623468756551787e-05	2.4179891375264080404e-05	-1.3030596648028190031e-05	1.0342956333239216297e-05	8.3788107282913430084e-06
2	2	-4	-0.00041921366214714357893	-0.00017195981174809567369	0.00023921167948863828563	7.3914343819243987399e-05	-9.0000991329252660205e-05	-4.9022733964425849922e-05
2	2	-3	0.0022090241568442077306	0.00062504931100948023931	0.0010267625353820330515	0.00051992401247344583771	0.0021571911281508273327	0.00076331554898861734854
2	2	-2	-0.0011853893865657687788	0.00092477424777603607717	0.0016143018496291904138	0.0003450196635363122241	0.00042891246306342174343	0.0012697939113123482471
2	2	-1	-0.00013156521895984867043	0.0014855037315871105503	-0.0013896511528186826154	-0.0017225560010869524468	-0.0030424327435570625716	-0.0004741045389996841183
2	2	0	0.006471954744817124891	0.020150219739586534839	-0.006471954744817124891	-0.020150219739586534839	-0.0079624671744751331082	-0.003458774116657460998
2	2	1	0.00048121909415083070167	-0.0015264075304893326077	-0.0017203025328831843526	0.00094224757383406393136	0.0024781668774647071934	0.0011683199133105373526
2	2	2	6.2518755793693756625e-05	0.00074376193342488025953	0.0020077506873710962258	-0.00085778501451876543616	-0.0020702694431647900367	0.00011402308109388514953
2	2	3	-0.0019268726256705191301	0.00060344937064165423812	-0.00090311446512539165273	0.0021241209311409162824	0.0018866580605306072609	-0.0018183802011883802748
2	2	4	0.00017728705954282679013	-0.00023700023115132387206	-7.3062276553028876274e-06	-1.6496763412879725046e-05	-8.4990415943761947861e-05	0.00012674849728210179516
2	2	5	1.7411826717427523922e-05	1.7720739157691078159e-05	-1.9852978409892051311e-05	2.9407657357429844542e-06	9.7646067698581142138e-07	-8.2646019573736252147e-06
2	2	6	-5.3648131131911299115e-06	-6.8971932566521790539e-07	-4.4692785776219291056e-06	-4.9187013512620689722e-06	3.2780305636043527233e-06	1.8694735589757623278e-06
2	3	-6	-4.1706308245074882914e-06	-6.746931919711562731e-06	1.1253243287513941582e-05	-1.2649521735561760233e-06	4.2364113689211419254e-06	-2.8814533933486092044e-06
2	3	-5	1.657437178677381289e-05	1.5069168896199927203e-05	-1.8567188015049058154e-06	-6.8216160056875285714e-06	5.5157174338065816243e-06	1.9346979550674540772e-06
2	3	-4	-0.00020516639253925712848	-6.9106298649123645492e-05	-0.0001033892844195422213	-4.4961829477697491458e-05	-0.00018012515958428521328	-6.8274521432834943033e-05
2	3	-3	-0.00019601180827845580772	-0.00051310660194840555272	3.535481159940760085e-05	0.00025222681607034566544	-9.5319727252896264188e-05	-8.98442518952580183e-05
2	3	-2	0.00076035497076193023745	0.0017058434372342228588	0.00023078362711245135322	-0.0021060364182567364692	0.0011065304114306071318	-0.0014532111901508818451
2	3	-1	0.0010238090820313026311	0.00073695967849831517903	-0.00038802606002845966204	-1.046302411881142967e-05	0.00088353998397722643878	0.0014425302846401959894
2	3	0	0.00016807664577924981246	0.00014427593580503491363	-0.00011205109718616654616	-9.6183957203356613606e-05	-0.001009655266486966102	0.0010717068613382558888
2	3	1	-0.001321236107468443154	-0.0002085077876870613568	0.0013594991508439136559	0.00063635338475738175475	-0.001436025237594854443	-0.0014920445788980224965
2	3	2	0.00063841331481028461281	-0.00046666598925067595549	-0.0010107267531206593544	0.00046269128582334480195	0.00087767681487070441874	-0.00022737093948434122033
2	3	3	-6.156402828918687922e-05	7.080941743824974426e-05	-0.00018662849722486711751	5.0457568747209547225e-05	0.00022767118275099170366	-9.7663847039376047916e-05
2	3	4	-2.3665481948953267811e-06	-5.4504405235157284615e-05	-2.3963467420568333022e-05	-0.00010059949372923988236	1.9155874662873913157e-05	0.00010270182291450855407
2	3	5	-4.2424216996235639203e-06	-6.2497196792690536452e-06	2.777547354489685546e-05	1.533410653079300245e-05	-1.4968315447088688725e-05	-6.700576046768179673e-06
2	3	6	7.6011073024522895162e-07	2.99096422299383038e-06	-2.7159980295682213241e-06	-1.7332080104418877987e-06	1.1046287713690343095e-06	-1.3038406911033289397e-07
2	4	-6	-3.6416638586498061747e-06	-2.6851774641770312883e-06	-1.150689538621338273e-06	-1.5196208588569856772e-06	-1.9810143119641607657e-06	-1.9081397272970008809e-06
2	4	-5	-1.7704849026219404033e-06	1.1359955254196635069e-06	2.5778434677986783082e-06	-3.330046252690693059e-06	1.3540808131901665699e-06	-2.2096387919846891291e-06
2	4	-4	-1.0256996829565976875e-05	-3.1506563745941292584e-05	-1.3500669578080367063e-05	-1.5600185214162623644e-05	-1.8629167992863358041e-05	-3.1353467087133269936e-05
2	4	-3	0.00010800888328003918431	-1.9903644239402370689e-05	-5.8228944586100911819e-05	-1.8941952137078199342e-05	-5.6326705947750945808e-06	-3.8525032342372508398e-05
2	4	-2	0.0001902479525816232512	4.7752539705972017867e-05	-0.00011753527110526130616	-6.3513599313972364069e-05	-4.4822589628899354335e-05	-7.9274658921972703494e-05
2	4	-1	0.00028204392204545652989	-6.5327603935434559929e-05	-0.00011451180893245441628	3.6942006617079727266e-05	0.00010604060836109535399	1.7112818597449802756e-05
2	4	0	0.00051939219593258876065	9.9843308067211700369e-05	-0.00025969609796629438032	-4.9921654033605850184e-05	0.00046178008276537047157	0.00021750374308324797712
2	4	1	-8.6154734562906841217e-05	2.1675113043556037523e-05	2.9763886936349298395e-05	6.4519545784101164942e-05	5.3253921380416488853e-05	-0.00030142840922351674159
2	4	2	6.141472398177381508e-05	-0.0002521872949833509135	-3.1028454676790929523e-05	0.00015917547438077099976	6.4218537180804195474e-07	-6.6163653778191086011e-05
2	4	3	4.2363068399319900206e-05	-2.2949130746028593866e-05	-2.3138415984962089456e-06	-2.9538322581677706213e-05	-2.5156923468218321543e-05	5.4683850606256001936e-05
2	4	4	-1.6671421844199854243e-05	-4.5855288906942945619e-05	6.6034298923857309387e-06	1.8099904580965096011e-05	1.7322810297141951241e-06	4.8277398725063784931e-06
2	4	5	-2.5231992000390277826e-06	3.6229137570253079718e-06	3.2625116393413687558e-06	-6.3772551541641114373e-06	-1.6007296314574839763e-06	3.652638620521165707e-06
2	4	6	4.5607849133224525604e-07	3.057092208914127409e-07	-1.8636793135168462356e-06	1.5878570209420444429e-06	1.090426711900482405e-06	-1.1604744209251671913e-06
2	5	-6	-1.1344707207211009439e-06	-1.1558633398732675866e-06	-1.297783189560292011e-07	-1.8639104430197534417e-08	-4.8630550603705797781e-07	-4.0082036698292050013e-07
2	5	-5	3.7512921178445194556e-06	5.0284121438619205087e-07	-4.8219114979793350873e-07	-4.0781495449174757139e-06	1.0183256973398742947e-06	-3.8770130591629983007e-06
2	5	-4	-5.1912033129195826961e-06	-4.3692837428453442097e-07	-5.30716402900639917e-07	7.430765709704661411e-07	-3.2589971600855909002e-06	7.1038152657081551883e-07
2	5	-3	3.4254184852447138831e-05	-7.96478951288926443e-05	-8.6362944668042459761e-07	-1.9198184401555874592e-06	2.1396740823830716566e-05	-5.6298294152854406515e-05
2	5	-2	5.2021391731169944737e-05	5.0291224650646220047e-05	-1.5002120472838803648e-05	3.7958684596576579637e-06	1.4516090549072935617e-05	5.9780895799790364109e-05
2	5	-1	-7.4762911154804939629e-05	-2.0467997477452200831e-05	4.0578706179169946597e-06	4.5216391235497216072e-06	-0.00012923646922002488902	-1.8327799337155787696e-05
2	5	0	0.00013451955124148476796	-0.00012422715470790745662	-5.3807820496593907183e-05	4.9690861883162977227e-05	0.00025983824029465930764	-0.00022356002071513168469
2	5	1	-2.794970648148286589e-05	3.643860886911818171e-05	-1.3895554524983738337e-06	-2.9232871932273054119e-05	6.2847190225457595018e-05	7.3287141923128907173e-05
2	5	2	1.7092767158848963906e-05	-1.1254930888235342007e-05	8.8108630297999567958e-06	7.2199451260559555356e-06	-3.9119924733348850814e-05	-6.7949319269045464084e-06
2	5	3	-2.0004430968134236888e-05	-3.5590596278052693559e-05	-5.2688903640036785085e-06	3.9764604863670041123e-06	2.21177712520956238e-05	1.7099630041423455237e-05
2	5	4	-6.1966491918747039526e-07	1.0277056917545819698e-06	2.3923301328236395759e-06	-1.7173232817281840257e-07	-2.6805802064358143252e-06	-2.9918743566126796183e-07
2	5	5	8.8432309921188675958e-07	6.6944195011816260224e-07	9.2503876756570276354e-07	-1.9605245396586742964e-06	-1.2787680072504575097e-06	1.6927477596114091708e-06
2	5	6	-1.7269391432058302162e-07	-4.8196173677386953011e-07	-1.1738444236582849015e-07	1.8558391248933334348e-07	1.553850067450514311e-07	6.0006518501787323525e-09
2	6	-6	1.9665988301250661469e-07	5.0281706122455164193e-07	1.3228989594539898104e-07	8.5990459179246109758e-07	1.9784319028290120358e-07	1.0275102788673116802e-06
2	6	-5	-5.630115000433597873e-08	-6.9989277902625614024e-07	-1.4132994616114727535e-07	6.3858787945938600114e-08	-1.9211639539511114573e-07	-2.0332656607537615713e-07
2	6	-4	2.0799272354733004042e-06	-9.6014347912379279396e-07	-1.1739975950429426266e-06	-2.8432374844708598646e-06	-7.2103277482776363193e-07	-4.7449279662681868291e-06
2	6	-3	-2.3428540246998814378e-06	-1.7731320099569288859e-06	1.5205850061504907842e-06	-2.1162545732931103841e-07	1.4792673291677272767e-06	-1.6053389212965745615e-06
2	6	-2	1.0807026337777080697e-07	-1.1843368546157098366e-05	-4.8476633942171294472e-06	1.517918872011718238e-06	-1.4434919919273617482e-05	-7.2896119301219434403e-06
2	6	-1	-2.6202536889653561032e-06	9.201875873210768882e-06	1.2449985594992512827e-06	-4.0847765960530543983e-06	2.2294839790647954901e-06	-6.1049078298967894728e-06
2	6	0	3.4174719858843529384e-05	-3.6993096610277865892e-05	-1.1391573286281177026e-05	1.2331032203425955297e-05	3.9279284853933621056e-06	-9.5056914491295758202e-06
2	6	1	-9.4748057527579225535e-06	8.8253806549051857247e-06	1.2379127021247681182e-06	-2.3225905393294306916e-06	1.1522135292767236397e-05	-3.715218073833788147e-06
2	6	2	-4.3236208630390054108e-06	-1.720324139758278156e-05	1.702372493390732547e-06	3.9204601819268398253e-06	-7.8349661713319212419e-07	5.4418608518022620839e-06
2	6	3	6.474240412453879477e-06	2.0622974612597864199e-06	1.4902533522353912271e-06	2.8588040486685693747e-06	-7.2966669794400350154e-06	-7.0924730715103294137e-06
2	6	4	-3.2111273794030305088e-06	1.4304613146966640198e-06	-6.8500907856865949471e-07	-1.1447347808405587923e-07	2.6330773075545048141e-06	-5.4352044022224820429e-07
2	6	5	-1.6279854586040075972e-07	7.2014622269252000935e-07	-7.3388841922399082004e-08	-2.8939296981057574534e-07	1.5318602865103918641e-07	5.9213074695682869495e-08
2	6	6	4.2113260714192331534e-08	1.0402164488721078613e-07	-2.526030739607210764e-07	1.2992599447216925693e-06	2.3856532038932367447e-07	-1.3339338263507628446e-06
3	-6	-6	-6.1771971423921012133e-07	-5.7538239695501558332e-07	1.6007148106320943891e-07	-4.7316278178217697072e-07	-4.689313381828144731e-07	1.8547158330466920553e-07
3	-6	-5	-4.8577020763166063061e-07	-2.746494647680858259e-07	-2.9173751937397086002e-07	-2.7613392338095149456e-07	5.8622898669768680134e-08	1.6657102919629029264e-07
3	-6	-4	2.986487587248664824e-07	1.2715240645615496691e-06	3.0547961791218570918e-07	2.01550230015609959e-07	-2.3423285782462872844e-07	6.5131770339774736624e-07
3	-6	-3	2.9466511912348684367e-06	-1.9453716544382446029e-06	1.2243652405096897833e-06	-1.2510550923596594185e-06	4.9792071021548865837e-07	5.5673853028107444581e-07
3	-6	-2	-4.9450564569454872987e-07	-3.0331183630415258256e-06	-7.067737277015547362e-08	-7.0665158345151849922e-07	-5.2972635023135663425e-07	-2.4297227942077336643e-06
3	-6	-1	6.5651419653092378764e-06	-9.7202259432779389341e-07	2.8631510702491362414e-06	-5.3553655396324664137e-07	2.5165194744328974517e-06	2.9715154079609795621e-07
3	-6	0	-1.1569929455354542351e-06	1.1817594637137641235e-05	-5.7849647276772711757e-07	5.9087973185688206173e-06	-7.4834224940787959468e-06	-3.496957379865046601e-06
3	-6	1	-1.7673782444998005915e-05	-1.1539610867562189478e-05	-7.1390177206511807968e-06	-5.5055071696096309115e-06	1.0187241011086931269e-05	1.5857895850287804235e-06
3	-6	2	3.9421512152872761864e-06	5.6647184945185930774e-06	1.4609901758676960062e-06	3.0679981064800006623e-06	-1.5302562953278260493e-06	7.0691657766211184153e-07
3	-6	3	1.5366613228491830625e-06	1.3818796874349636073e-07	1.612199509345792164e-07	-8.3800819615627847055e-07	-1.2142214209800246826e-06	-1.8142043610560532224e-06
3	-6	4	1.0409291083296840542e-06	4.2253028880502743014e-08	5.4219595372869631171e-07	-2.9135475156868283371e-07	3.2597099345781327656e-08	-4.6872189901340126316e-07
3	-6	5	1.2336225790261267738e-07	1.2831140858217119576e-06	-3.3775165888506588728e-07	3.986804156876586595e-07	-4.7931934540364665527e-07	-2.9145195266783689965e-07
3	-6	6	-1.6941938765127154323e-06	-1.471309292159920704e-06	-4.1026688155969782061e-07	-4.059862218074239405e-07	4.3683005669665984259e-07	3.2966842427253641149e-07
3	-5	-6	5.2458236157576624314e-08	2.9086055287402512365e-07	-3.6923804951073697133e-08	1.3317837338986221972e-07	5.6998955538016390895e-08	3.4448298612127372105e-08
3	-5	-5	4.5473529265912903988e-06	5.6376154596450006522e-07	-4.0060534668872868732e-08	9.8036452162284051869e-08	2.7684722906236473926e-06	2.402204754164160005e-07
3	-5	-4	-1.6430327854272568192e-07	-1.0085883757241526488e-06	-3.9311424628093929396e-06	-4.076385811606700835e-06	4.7907006196046971976e-06	4.3390409827152609748e-06
3	-5	-3	3.7754092840819907773e-06	-7.7283121440386553917e-06	6.2989338687293067886e-06	-2.9013553999778791762e-06	-6.7228138304668547175e-06	-2.892719810742190945e-06
3	-5	-2	1.3176601311446184311e-05	1.6442903741862032694e-05	3.8184682986432096484e-06	2.7400458672306958463e-06	1.0218731220561252769e-05	1.7814240944716306037e-05
3	-5	-1	-3.6916316186890739989e-05	3.2509939861670745782e-05	-1.3387807972715760283e-05	1.6904559733817532745e-05	-4.3809908697093408387e-05	1.3007020915924565152e-05
3	-5	0	-4.3710815446155058188e-05	-4.8874863379856520206e-05	-2.6226489267693033557e-05	-2.9324918027913913479e-05	3.0037458406146067523e-05	-2.1516681776047996412e-05
3	-5	1	4.8272492947553085219e-05	-2.2254109547691627917e-05	1.6101198292295253075e-05	-1.3769093214132471049e-05	-6.4311487381182980117e-05	-2.0831374275874795409e-06
3	-5	2	1.0859537504874529809e-05	4.9556804357936171351e-05	1.0531281557833113851e-05	1.000665757442218906e-05	1.0038897637270987373e-05	-4.931856260084878607e-05
3	-5	3	-1.7151375388188763721e-05	-2.06493690708609271e-07	-1.5651869499045162545e-06	3.7295464572976659066e-06	1.4542730471681234513e-05	6.4224044528713861702e-06
3	-5	4	2.8247670667237564136e-06	-5.3164114211183161734e-07	1.0489345351639921923e-06	-2.8486686902221785057e-06	-8.0740713108782706987e-07	-3.1621050061938493397e-06
3	-5	5	2.5485496163320862788e-06	2.1015262208181064526e-07	-6.9704092946866720793e-06	-6.1859901635220871158e-06	-8.4995390644859249477e-06	-6.3120817367711742812e-06
3	-5	6	8.8097305495296288175e-08	-4.0096356815421911426e-07	2.4688668934917889935e-08	2.2705678733011270908e-07	-2.3474761968549898614e-08	3.8969577351887017009e-07
3	-4	-6	3.0707652403507167503e-07	-2.5344729038961773806e-07	7.0720003356917977034e-08	-3.9946862447642172908e-07	1.0639159311292384841e-07	1.3958877112280559938e-07
3	-4	-5	-1.6024608227049546925e-06	6.1918741235079171699e-07	3.210635632181043862e-06	8.6583955114096911454e-08	-3.5299849993678079475e-06	3.0224528331919752221e-07
3	-4	-4	2.1371476156810702616e-06	3.0272482579376047761e-05	-4.891010506901504838e-06	2.1328402821986707589e-05	6.4938712186623071107e-06	1.375959112545329925e-06
3	-4	-3	-2.4278673743568124788e-05	-1.972663653809845268e-05	-1.8368283929965199553e-05	-1.9770777847279515244e-06	2.1237149638547563061e-07	-1.7090532825127851212e-05
3	-4	-2	-9.0176921292465817568e-05	-4.5812500278787520499e-05	-9.1165795923095997852e-05	-6.6771760829693817436e-05	4.7066209907493276128e-05	6.482477124120634396e-05
3	-4	-1	-5.5196052329003907511e-05	5.0177381484600857447e-05	-1.9439749096566282812e-05	2.903848818336056658e-05	-8.7829160600746598061e-05	3.4378191720360312797e-05
3	-4	0	-8.1119050349957839237e-05	-2.7449500070252006681e-05	-6.0839287762468386204e-05	-2.0587125052689003317e-05	-6.1815371268307510032e-05	-2.6567252977214485406e-05
3	-4	1	-1.3896524480163162821e-05	-3.5483364840329550179e-05	-1.9104047474346608017e-06	-4.658739288745882996e-06	3.4047954450750843563e-05	8.7815137366005111778e-05
3	-4	2	0.00020042507898142657564	-3.920219321993058994e-05	0.00013980282057355993453	-2.5167124396792093512e-05	-2.1031977325020007963e-05	8.4690410363116995794e-06
3	-4	3	-9.1520145412610969736e-06	-2.8032170435093537315e-05	1.2417818602466563815e-06	-3.1403366791857036642e-05	1.080772368825663938e-05	-1.3838985287382508718e-05
3	-4	4	5.6419095405569183379e-05	-9.9984686987370870366e-06	1.0968626285667844669e-05	-9.9353343163308366175e-06	-3.1345695268509044559e-05	-2.43648279227802134e-06
3	-4	5	6.2172804150636862505e-06	7.8524504567521420174e-06	2.5574739593229821912e-07	-1.3767078127370296798e-06	-3.5257703322923734715e-06	-5.812836524240909293e-06
3	-4	6	3.8936970452300550614e-07	-6.0479267478390412756e-07	-1.494534288790063331e-06	-2.4196660852726204129e-07	-1.1910410447882115169e-06	1.4108526504044408037e-07
3	-3	-6	2.1597720649759407133e-06	2.6488314068158080843e-06	-1.5169916211078112377e-06	1.9454237307688623316e-06	1.8383818430418759755e-06	3.5170383802347292931e-07
3	-3	-5	-2.1582530379966854033e-06	1.3433012513118305027e-05	-5.8762512447653668211e-06	6.0616828458558626806e-06	2.2307989240612085119e-06	4.4227978003574655775e-06
3	-3	-4	1.508242775892127698e-05	-2.4305815896855565464e-05	7.742271313534792874e-06	-7.9420685572280482937e-06	5.5051173340398635033e-06	-1.2272810504720637454e-05
3	-3	-3	0.00016106695978860394625	0.00022161653160584433354	8.2633803762015975631e-05	0.00020759178042493206095	7.8433156026587970617e-05	1.4024751180912279366e-05
3	-3	-2	-0.0001324976952747701595	-0.00047926823603257139679	0.00011379926061054217894	-0.00013274674289895211873	-0.00036944543382796854155	-0.00051978223970042887643
3	-3	-1	1.2054777211891336793e-05	-0.0001157907059811891454	0.00013219547189786823847	-0.00021578229896066991535	-0.00036042208405793069994	0.00029997477893844233694
3	-3	0	0.00029566768705222137631	-0.00027234470669227251079	0.00029566768705222137631	-0.00027234470669227251079	0.00054782125494634060798	-0.0017692616617025615049
3	-3	1	0.00058245083901278338432	-4.9604477866872545544e-05	0.00061345224709961974473	-4.6172851712030531159e-05	9.3004224260509176111e-05	1.0294878464526051627e-05
3	-3	2	-0.00033805321920295585986	0.00024454271641096792054	-0.00027978540979681557326	0.00029154203695242532661	8.7401714109210389245e-05	7.0498980812186149759e-05
3	-3	3	0.00017035974954344738279	-0.00013377975982387601238	-0.00014317751686316031873	0.00010043483515651805999	-0.00031353726640660772862	0.00023421459498039405881
3	-3	4	-1.8954707410375352868e-05	-9.5754149428691557924e-07	4.0428156256764878379e-05	3.3615437573391309618e-06	4.4537147750355174283e-05	3.2393139387195350116e-06
3	-3	5	1.550468749972739467e-06	-5.4881337140919946889e-06	-1.0439850971012012949e-06	-8.7553552142012165086e-06	-1.5566723082443643301e-06	-1.9603329000655328377e-06
3	-3	6	-1.5319032737357190674e-06	1.8840789389709131364e-06	-9.4704159355734111171e-07	2.5542873919203668859e-06	2.9243084008918897785e-07	3.3510422647472687474e-07
3	-2	-6	-5.6251358202978994373e-06	-4.7339416083933890539e-06	-3.9944636034066984651e-06	4.1138796362189156044e-06	-1.4810800423467167557e-06	-3.7382640162696662539e-06
3	-2	-5	4.0852337509270051654e-05	-7.6044008003133140231e-06	2.0668238011363021896e-05	-1.5801609816715861921e-05	1.6244107301016825622e-05	1.7580034464983566511e-06
3	-2	-4	0.00010594836001343472262	6.5252506547561781123e-05	-7.6652801487666231083e-05	3.0440038581786409974e-05	0.00011778767075390916429	3.3719360619778132549e-05
3	-2	-3	-0.00070916255878327122495	0.00021471881552785626471	2.010098307530112024e-05	-3.4798642357035904278e-05	-0.00072256321416680534351	0.00023791791043254684949
3	-2	-2	0.00030177403616513706185	-0.00054053452479767847075	-1.5903485734340539848e-05	0.00058070517326236652158	0.00046856453998204609197	-0.0013915069604588841193
3	-2	-1	0.00026844374664585136546	-0.00058910942573768391734	0.00026572083521993227536	-0.00052321410854754316858	0.00027388956949768959986	-0.00072090006011796519802
3	-2	0	0.00033917060261640238298	0.00046830572966002486117	0.00050875590392460362868	0.00070245859449003726464	0.00079339998176672767247	-0.0009829502655764473483
3	-2	1	-0.00058038237528700551988	-0.00084276859130445497693	-0.00058904593629621325879	-0.00059697663513296383899	0.00056305525326858993362	0.0013343525036474373612
3	-2	2	0.00031382953045919312514	0.0017892264624979295918	0.00044289419257058517494	0.0013646113815990806254	-2.7850103118204509381e-05	-0.0013192283121478138707
3	-2	3	0.00010812873483193494411	0.00022500511130553430645	-0.00033634983730873764529	-0.00040168069379042958301	-0.00033236195970442669861	-0.00049279224049915404653
3	-2	4	-9.2140099983291782787e-05	-0.00013748094983250360238	-4.0716326199964800148e-05	1.2273071561992177899e-05	4.8746911887486443792e-05	0.00010924724815537379243
3	-2	5	-1.0336375472698264112e-05	-2.1137375595756974645e-05	6.9659707549437279938e-06	-2.7576358237449452583e-06	8.9882135855964503425e-06	1.1579371027956207531e-05
3	-2	6	3.5095021493608039405e-07	-3.9825588521466617626e-07	-1.8038135537969380701e-06	-2.6578783013783551703e-06	-7.7674629206701958902e-07	-6.8683149118545195982e-07
3	-1	-6	-3.2338576925577888971e-06	7.5801329848617796518e-06	6.1770688555522302293e-07	2.1489467907199670847e-07	-1.7198799938714317249e-06	3.7542507125855569794e-06
3	-1	-5	-9.7725235232500457368e-06	-8.1408750273792912706e-05	3.7338115492095237723e-06	-8.0192081771450485217e-05	-6.6102764237919315189e-06	-3.2806833809985653291e-05
3	-1	-4	1.7959071712371591249e-05	2.7764233811869717348e-05	2.981903473523287877e-05	-1.4377226692791963964e-05	6.0145451004704737443e-06	2.4417482032100280696e-05
3	-1	-3	0.00047622272366784179198	0.00036490339031737192843	4.6416548812127373237e-05	0.00015149607391884829756	0.00046075054073046599638	0.00031440469901108914451
3	-1	-2	-0.0011119858929670221707	0.00042948631696233813141	-0.00083307806987519472317	0.00046482163519873033897	-0.0012514398045129358945	0.00041181865784414205473
3	-1	-1	0.00077973542166202142178	-0.00092466658117931125986	0.0016411868345145223629	0.0030255516701939502711	0.00069801943047154201092	-0.0057995514137318838338
3	-1	0	0.00054344623862712896235	0.00058795193979964464979	0.0016303387158813867786	0.0017638558193989338409	0.0036158333920967050852	-0.0037263136681142698323
3	-1	1	-0.0012628996519117353676	0.0029719364543980253922	-0.0026497453442882578506	0.0031119201888454707354	0.0011389536114469480353	-0.0058038891743486063085
3	-1	2	0.00035042464874904754278	-0.00013176481445704781872	-0.00039478815360800741932	-5.1360399999320561408e-05	-0.00072303104992757494252	0.00017196702168591145076
3	-1	3	2.8676134949122196589e-06	-4.5735852907831209366e-05	-0.0010349908777314291604	-0.00025469289599648029139	-0.00034786457273872192948	-3.9161779090995547654e-05
3	-1	4	-7.1170720398229444245e-05	3.1826215057230368595e-05	-5.3939921360529249488e-06	6.9993580705042461707e-05	5.2029542264658848135e-05	-6.3712661166621644077e-06
3	-1	5	5.0657608467199935809e-06	-3.62721115138769706e-05	-1.5913304881324274268e-06	-2.0163624655568326495e-08	-3.3577226056584815069e-06	2.1759234183395067164e-05
3	-1	6	7.3725054653754083436e-06	-7.0055963976948853466e-06	-1.9566695522413170662e-06	-7.8793269271586899787e-06	-4.0123643247279236829e-06	2.1895770443209944847e-06
3	0	-6	3.8758704667926803652e-06	5.1568523211594004493e-06	-6.1433300912911439705e-06	1.4106620124837749796e-06	1.9379352333963401826e-06	2.5784261605797002247e-06
3	0	-5	-4.2999370881230701341e-05	-6.2472235056200206148e-05	5.9902073549483598179e-05	-7.6416475419765521261e-05	-2.5799622528738422837e-05	-3.7483341033720123689e-05
3	0	-4	-7.3901428002016595893e-05	8.1280447918511412029e-05	-2.9024087592131564927e-05	3.4296932223734890774e-05	-5.5426071001512443532e-05	6.0960335938883555634e-05
3	0	-3	0.00022550525980383312702	-0.00011552816040082171671	-0.00031941759360470397362	0.00062220988033407633941	0.00022550525980383312702	-0.00011552816040082171671
3	0	-2	-0.00020650918865003126297	0.00014939060274282481267	0.00050720943933761663582	0.0010223903682693247317	-0.00030976378297504689446	0.00022408590411423723256
3	0	-1	0.0022085595686557814472	-0.00073153515921912210754	-0.011219791532442549911	0.0042999982916828091706	0.006625678705967343908	-0.0021946054776573664311
3	0	0	0	0	0.0012568617770711094581	0.00069892275252072838965	0.0024481070772874409178	-0.0017819235187878810708
3	0	1	-0.0034179346554806988752	-0.00081700257546460516248	0.0055316737811413512274	-0.0042725146984444010989	0.010253803966442097059	0.0024510077263938155959
3	0	2	0.00031514982319972651217	0.00063370733012689257468	-0.00052158654796776858942	-9.3099882349158538035e-05	-0.00047272473479958976826	-0.00095056099519033880781
3	0	3	2.1091248372861809754e-05	-0.00031963379798018772687	0.00052849623145077764125	7.3432149787855280311e-05	-2.1091248372861809754e-05	0.00031963379798018772687
3	0	4	-5.7182072950553071444e-05	3.3507324560956482659e-05	-0.00010073945899263601195	1.3979546930203115465e-05	4.2886554712914805277e-05	-2.5130493420717358606e-05
3	0	5	-7.9371922500573590065e-06	1.7546521457736956637e-05	3.4809493225109543039e-05	8.9851585453545551141e-06	4.7623153500344150651e-06	-1.0527912874642174999e-05
3	0	6	-1.5996730733867992434e-06	6.3752802875624558551e-07	-5.4585074873709776364e-06	-3.0222516442157894604e-06	7.998365366933996217e-07	-3.1876401437812279276e-07
3	1	-6	3.6652937338004062277e-06	-3.5490680310527436896e-06	-1.7959085074974856139e-06	-3.6878948350608830211e-07	1.5333287823172888096e-06	-1.8359989294440533255e-06
3	1	-5	3.8914600740634070874e-05	2.0526165126623915154e-05	-4.9866556642587729533e-05	-6.4088660398578880823e-05	1.3375449115862895601e-05	-5.0203300374142677586e-07
3	1	-4	1.3912241568771420843e-06	-4.2734176849947447946e-05	4.7636095191207722497e-05	8.4992114561995715598e-05	1.295244191545978597e-05	-1.0802603996961655366e-05
3	1	-3	-0.00010590636668777270114	6.2514015272425527484e-05	-0.00051594588402040458906	0.0005700650814726964527	-0.00027788832802790757771	0.00025253570909665771452
3	1	-2	-0.00032681107647574146905	-4.6760655461387165544e-05	-0.00077846927732547058828	0.00057058012201282811999	-0.00087945125337634752483	0.00021514907781433330151
3	1	-1	-0.00057961041832874625208	-0.00090854145196553044543	6.754616600414798896e-05	0.0034231851543464792038	-0.0016712850889820905775	0.00069756079844988786755
3	1	0	-0.00047993364045185229203	-0.00078227555498677466342	0.0014398009213555569303	0.0023468266649603239903	-0.00054417340442786447073	0.0029115679801017049777
3	1	1	-0.00031539113882889406246	0.002511080598132531521	-0.0010287746003645684839	-0.0030062007637983688413	0.0019749480168512506713	-0.0045270410305992252881
3	1	2	0.00033418867544712826164	-0.00012840578451921676249	-0.00055603871950023490891	5.9539415341251482401e-06	-0.00022326365342057499222	0.00018963170601176256242
3	1	3	-0.00015370190259380873271	-7.1289865208940260714e-05	-2.4306240619246028729e-05	-7.7240136598546356721e-05	0.00016180398280022409256	9.7036577408455708437e-05
3	1	4	1.9198790575131975466e-05	2.0058558840555828405e-05	-4.5109383435842380816e-05	5.2965767631533349023e-05	-3.1217470723883872425e-06	-2.8285361038300206018e-05
3	1	5	-1.2087320150921825022e-05	-7.2294169670387856477e-06	3.2327807853240070628e-05	-5.4844055872960783544e-08	7.8683051990508084509e-07	4.3486189913978633706e-06
3	1	6	-5.3633642648246671885e-06	-2.0652997181615168819e-06	1.0234539846515758285e-06	2.6255642492971405554e-06	2.5111064683037376934e-06	5.9505581753123508562e-07
3	2	-6	-5.0867246714523733645e-06	7.4817497271896118713e-07	-1.9316949601722898904e-06	-1.7291030898213021778e-06	-3.1872606557836165046e-06	-2.0228021024762013236e-07
3	2	-5	-1.4431736834697148593e-05	-5.148155513394168123e-05	2.9555600720959118754e-05	2.4700196760328428934e-05	3.1631981875653584304e-06	-2.1008854376233636487e-05
3	2	-4	2.44707543890349757e-05	-1.7831006529504112831e-05	1.2870594920773270627e-06	-9.4069286179798676523e-06	1.8996595537814896259e-05	-1.807671920611801845e-05
3	2	-3	-0.00020245658733848028821	0.0014177284070172604339	-0.00047533796093553849034	-0.00023520869327533689319	-0.00051934856129550593939	0.0012609226115003692621
3	2	-2	-0.00073140446509007220072	-0.00038991843158317095099	-0.00041196014431828752427	0.00022349951518398276408	-0.0015090668419533957711	-0.0003613781321907736082
3	2	-1	-0.00061392696472864071323	-0.00022184234621254675791	0.0012819646801142442396	-3.5610306314344098708e-06	0.00072214846604256644792	-0.00067264909990050907908
3	2	0	0.00061956554660796568559	-0.00022838745931930278747	-0.00092934831991194858259	0.0003425811889789541812	-0.00088266912661973887921	0.00043463482976014030344
3	2	1	-0.00047058375989133052752	0.00017522501733815046385	0.00076366702636812024401	-0.00039050672089529288745	-0.00011558277306224872926	0.00025533838977613435624
3	2	2	5.6270737572564501867e-05	0.00062259997070676024577	0.00068907285979625013898	0.00034009214153591944135	-0.00077347896615509686806	-0.0012739920975960597558
3	2	3	-2.1728387769503640055e-05	-0.00061093540599799548135	-0.00024554104964270238301	-0.00039907163258630823409	0.00018542242086463855077	0.00087698316105553426793
3	2	4	2.0057555902004775095e-05	-2.6584877469702128161e-05	1.8376521874241044918e-05	7.4772360900863632342e-05	-2.423142786362410378e-05	-1.7447522348155222591e-05
3	2	5	1.1954927605865182495e-06	-9.8799869537763750023e-06	1.8944972080620422231e-05	1.358899921885859088e-05	-8.2952844886000809855e-06	4.9239248472238886105e-07
3	2	6	3.4715751026403573665e-06	-3.5305189434662794769e-06	-9.0272121210529003551e-07	-1.4353937918153751751e-06	-1.4348804806184155145e-06	2.2437240690049316047e-06
3	3	-6	1.5797260249204512763e-06	5.1938467731577383775e-07	3.8088835664342362739e-07	-1.3988563912816985462e-06	9.803071907819373989e-07	-4.3973585698296230129e-07
3	3	-5	-1.6806842318381800259e-05	-9.356595392990415012e-06	1.3746362448159733845e-05	1.3155346440244775974e-06	-1.8362879221332409494e-06	-4.8246364493795621523e-06
3	3	-4	-9.7208646603780414887e-06	1.6987626047472148799e-05	1.0123568660891771713e-05	-1.288853775250637755e-05	3.020280003852978802e-07	3.0743162212243297073e-06
3	3	-3	-0.00011238529359395736185	0.0003166953204995042446	0.00018070391866922832992	-2.1668901137002379698e-05	6.8318625075270968073e-05	0.00029502641936250185474
3	3	-2	-0.00031828482967952197516	-3.0763884099404162982e-05	0.00012993686023367309666	0.00013903552598674433932	-0.0002825219541687733313	0.00016240746283101027128
3	3	-1	-0.00027206009961056184469	-0.00024041061919694009714	-5.9901411295648609166e-05	0.00055814105342692928429	-0.00099588453271863140899	0.00095319130268996764277
3	3	0	0.00018678693225662219716	-8.8149015585640714469e-05	-0.00018678693225662219716	8.8149015585640714469e-05	-0.00033202633764012828106	-0.00095230957580501025914
3	3	1	2.9987550909404408627e-05	-0.0004895810259229522619	-0.00012844902979188457912	0.00078868425123795079905	0.00029538443664744047082	-0.00089730967594499550302
3	3	2	-5.448441467480383526e-05	0.00022634460895289230248	6.8772570133264178871e-05	-0.00032909323572358228395	-2.1432233187690518804e-05	0.00015412294015603497221
3	3	3	-9.5485999573434763655e-05	-9.2617373111100024271e-05	-0.00010169130846392208836	7.8939092764686287176e-06	0.00019717730803735683846	8.4723463834631397248e-05
3	3	4	2.1042094513464443825e-05	-1.1629006836886417208e-05	-2.8101445802683137069e-05	1.1702978316348985327e-05	5.2945134669140190854e-06	-5.5478609596925493383e-08
3	3	5	-9.1107905955817777561e-06	7.8625114550595094084e-06	1.2230275359174633319e-05	-5.686482645758557115e-06	-1.8716908581557127026e-06	-1.3056172855805715878e-06
3	3	6	-1.4559480186536900747e-06	1.9801328459554954439e-06	8.7051879650359059007e-07	-3.0150158958101265502e-06	2.927146110750497423e-07	5.1744152492731555316e-07
3	4	-6	-1.0179228473267624706e-07	1.0890662813221633232e-06	1.0803920159683450113e-06	-1.7060952713159485391e-06	6.6936520161255853082e-07	-5.9286370688288406646e-07
3	4	-5	3.8780445246704250051e-06	4.0178133615162373246e-07	-1.6871892063122779004e-06	1.1519980320894460442e-06	9.7707534975243289444e-07	1.1626672273625310749e-06
3	4	-4	-2.2000465664723123523e-05	1.7114866787556988682e-05	1.928769033087064682e-05	-3.1805935079687920077e-05	2.7873410823283033307e-06	-1.8969784989020181107e-05
3	4	-3	2.4377367181007536913e-05	-4.0475964121641779756e-06	2.3960623697227753254e-06	-1.3262899616566639613e-05	2.7572117007304571245e-05	-2.1731462567586362432e-05
3	4	-2	2.5920126016874573961e-05	8.4164764766177644397e-06	-2.7604504192399113139e-05	6.5115284832906020996e-06	-1.632881935948636703e-05	2.5647771681507848318e-05
3	4	-1	-6.8633899182496884849e-05	2.1871159150162464483e-05	4.5207941221487741852e-05	-2.8145905231815930086e-06	-2.5069932661539670197e-05	5.4355115357761019719e-05
3	4	0	1.1759078128203039789e-05	1.1651326665583007908e-06	-8.819308596152280265e-06	-8.7384949991872559308e-07	-0.0001340946698479904373	5.5309831986203206611e-05
3	4	1	2.6658836452011703584e-05	-1.6740173161620288777e-05	-5.4071702949154754384e-05	2.5625995257887628696e-05	0.00013631030244058391695	-5.2283461546689648453e-05
3	4	2	5.9856919562461100069e-05	-0.00013777367185216206303	-2.504290304546225924e-05	8.0881517181010027275e-05	-3.9699573252767128236e-05	4.489747341622306033e-05
3	4	3	-7.8784235901478632071e-06	1.1915557562343681821e-05	-1.7114342962007732113e-06	-3.9178712722776372611e-06	1.0160335985082226924e-05	-6.6917291993068312927e-06
3	4	4	-2.7815944422966640281e-05	-9.5814999384630424875e-06	2.1197578965192659292e-05	6.1295065513291731782e-06	-3.3562064796767759836e-07	1.0566184025181082639e-06
3	4	5	-4.4239647608135950301e-06	-1.6011277615205845656e-06	4.6295866752196819668e-06	-1.2835736669081519421e-06	-1.0492904836875886824e-06	1.9875355904388720813e-06
3	4	6	9.9224909680721605676e-07	2.9332050527637108883e-07	-1.2407841332525538659e-06	-7.6756379257550413822e-08	3.310648737647612685e-07	-9.5489333133151930791e-08
3	5	-6	4.24158113950246726e-09	2.143887981799267486e-07	-2.3532077004163506356e-07	-5.8297586198505933893e-08	-1.9397985113161132692e-07	5.8613077257875102672e-08
3	5	-5	-2.2978235420096082146e-06	-1.7644950321873251303e-06	-7.3104882616688631819e-06	-3.918223816981268103e-07	-8.6891823868746284495e-06	-1.4505194010105219414e-06
3	5	-4	1.3416983164239844952e-06	-3.8138362545173700806e-06	-2.9706715934290361303e-06	4.3663234521796632785e-06	-2.7070657544683066856e-06	2.5975271243365514318e-06
3	5	-3	1.8586313398552678765e-05	1.5916213945613441003e-05	-2.7258013557063341653e-06	-4.2314176400450954882e-06	1.4043311139042121823e-05	8.8638512122049493698e-06
3	5	-2	8.8041013036698381852e-06	1.9743148058302513123e-05	-2.8978448929827198148e-06	-1.5114881749530061024e-05	5.9615397230479562585e-06	-8.1724822863713862637e-06
3	5	-1	-1.1390290817710575159e-05	-1.0738409545506002839e-05	1.0908119723709446295e-05	1.0656331831977300576e-05	2.0369726165415506e-05	2.1066430523368496059e-05
3	5	0	-1.218478346588147103e-05	6.9676881117650816375e-06	7.3108700795288824489e-06	-4.1806128670590488131e-06	-3.8447804311014234198e-05	-2.5396772606698465521e-05
3	5	1	-2.0273234638825845904e-05	-3.9141396605896145225e-05	7.8573933202050165464e-06	1.5985102160182742127e-05	2.1532737315452453285e-05	3.7498679016774731816e-05
3	5	2	2.7559168273159063392e-05	1.2513059043965948193e-05	-1.4278020852857749786e-05	-2.2733118271927272353e-06	-5.6437002775942189287e-06	-1.3086308997967105683e-05
3	5	3	1.6020722779916520489e-05	1.0514736878553903687e-06	-5.9207312597785519346e-06	-8.3557119570453352819e-07	-6.1528373469522669822e-06	3.4114497165216558223e-07
3	5	4	-1.8301191023127894719e-06	1.2195442345092813984e-06	2.6807419358539720396e-06	2.1189013202979852101e-06	-1.9783380930828730514e-06	-3.5632848262544424026e-06
3	5	5	-6.4113497282445677403e-07	-4.5642998378276179058e-06	3.0465928651724902482e-06	7.1138296661197266921e-08	-2.6619118814778160356e-06	2.6674416060353733839e-06
3	5	6	-6.2304006749078849602e-08	-7.6664175160399625886e-07	-1.680811876515473497e-07	2.3467688301326136295e-07	1.7121965975082887847e-07	1.8775680662428034461e-07
3	6	-6	2.994146159827201256e-07	9.5690189161789177081e-07	-1.9192409624775697434e-07	5.8241459200825964986e-07	-4.221678825639689169e-08	1.0608655378172056411e-06
3	6	-5	2.4083089478943638137e-07	-1.2970822963503539324e-07	-4.2789481367655502427e-08	1.7490183124940215567e-10	9.3151159232475225908e-08	-7.7615055583521948456e-08
3	6	-4	3.0863519191072904591e-07	1.6593817913859692619e-06	4.0972169605656126374e-07	-4.2232314849204966792e-07	8.4605893801788865357e-07	6.1105162080140244453e-07
3	6	-3	5.5244562243902185748e-06	1.955735780130846334e-08	-1.0008405089344564854e-06	7.2796062219940557954e-07	3.5227752065213056039e-06	1.4754786022001195662e-06
3	6	-2	-1.5120047231793757106e-06	-1.9870148618437996181e-06	-7.656874509782348936e-07	2.5929610028998655498e-06	-4.5650694377037680349e-06	4.798360715933897434e-06
3	6	-1	-6.1669298742127621157e-07	8.0544344189357567227e-06	2.5681012085812187237e-07	-4.9278124662641876414e-06	-3.092182371150974534e-07	-5.4035715407778573744e-06
3	6	0	1.2194507105591616653e-06	7.3875817878335451174e-06	-6.0972535527958083265e-07	-3.6937908939167725587e-06	3.1809392601425764137e-06	7.1255189771770132868e-06
3	6	1	-6.7720164933684061053e-06	3.2353145175667059156e-06	4.6256722209754838534e-06	-1.9488143241351099677e-06	-7.4379838457476831102e-06	1.9869423921105420591e-06
3	6	2	-1.1643722836138686656e-06	-3.6839140209658107183e-06	1.1810141063469065297e-07	2.9083534681885971269e-06	1.3922541935167311321e-06	-3.1991893731170748797e-06
3	6	3	-6.5321149289806655706e-06	7.978820691857111308e-06	1.2530217528174145697e-06	-1.3161511789172152664e-06	4.0260714233458364311e-06	-5.3465183340226811988e-06
3	6	4	-2.3371087119459136981e-07	-3.37920071530612229e-06	6.2157843237503231875e-09	5.4013007506707219869e-08	1.6595947691031805126e-07	2.4533810252195307984e-06
3	6	5	-3.3502814009575467157e-07	-2.903131731553293577e-07	1.859023544736224492e-07	3.3981989324231532478e-08	-2.206594131089411095e-08	1.3340951670411976771e-07
3	6	6	-6.5187241859681651265e-08	-7.1091633874452451034e-07	-5.2902879776505698952e-07	-8.2573630298322360305e-08	5.6162241869489773574e-07	4.3803179967058462871e-07
4	-6	-6	-5.0947796102670593826e-07	9.2951954334736292881e-08	-3.746532644183192561e-07	6.4241171665315983525e-07	3.5001290400515270795e-08	-5.8044374709666897333e-07
4	-6	-5	8.9485273365853641581e-08	4.383434733924177036e-07	3.172030109717902676e-08	5.6089278773872126953e-08	3.35238573760680838e-08	2.8336764418528761583e-07
4	-6	-4	2.9138840582077423943e-07	6.7011074357397869978e-07	-9.1128552515836934884e-08	3.1298620139339082917e-07	4.2808123459452965499e-07	2.0063144148389242955e-07
4	-6	-3	-8.2508959323641284912e-09	1.6253967612686878897e-06	-9.1110919354870433808e-09	8.3943714049904640767e-07	7.2209892944885804522e-09	4.8832140069349103752e-07
4	-6	-2	-7.7123395112296887185e-08	-1.2366858693359373316e-06	-9.725620194471154335e-07	-8.3419661852794240704e-07	2.7634392681167522879e-06	2.9218116911952210457e-08
4	-6	-1	-2.3387686141766077186e-07	-6.1471450324915188877e-07	-2.6761201413603632251e-08	-4.7525268854329421867e-07	-7.7494023718902126746e-07	3.92658118263157704e-07
4	-6	0	3.5206110992078516553e-06	-5.1020434931230041489e-06	2.3470740661385679114e-06	-3.4013623287486694326e-06	5.818943665481257643e-06	-9.1246152029323138547e-07
4	-6	1	6.2702086185023043466e-06	-1.7635082142002742434e-06	3.6382626694682186005e-06	-8.0185693602702507355e-07	-3.2512584571999040891e-06	2.2428912406389463205e-06
4	-6	2	-1.0843032703098386617e-06	3.0912903928372872323e-06	-4.5948888971441600333e-07	1.7846836273586238421e-06	7.9013987147642963103e-07	-8.2852990359870272663e-07
4	-6	3	4.9599520563608623872e-07	7.249383192333581281e-07	1.0631487696944920763e-06	1.1291676585060805008e-06	1.4649705985408693087e-06	1.2917508913676835681e-06
4	-6	4	-1.0601616651339943553e-07	-5.6997010443978288886e-08	8.5637491906423068152e-08	-1.152566514736909622e-07	2.344724043730340179e-07	-1.1588796676655814117e-07
4	-6	5	-8.2099159488609837821e-07	-2.8279351359423849655e-07	2.975821857683319995e-08	-4.7692632464081500992e-08	6.9250313820107851604e-07	1.6900365191849298811e-07
4	-6	6	8.346521133746213525e-07	-7.2294462292785341451e-07	3.1037168927723672081e-07	-9.8428368854036568214e-07	-2.4606305297251084752e-07	-5.023206065884633705e-07
4	-5	-6	-7.4283006035703369907e-07	-4.0785011136814294695e-08	-2.1732984014706215461e-07	1.2904313390567386427e-07	-3.1411184011547071024e-07	-1.3472595234593775443e-07
4	-5	-5	0.00013062289560801577958	-4.0706543852707307305e-05	3.3972483711358124141e-05	-4.3646780101363987826e-05	7.0525832775054502237e-05	1.108154501919814266e-05
4	-5	-4	1.8379891270711343222e-06	-8.3891498313736879522e-07	5.5411239089924140208e-08	1.8836727562455642983e-06	1.7687250782087290576e-06	-3.1935059284443241681e-06
4	-5	-3	2.0063400607370878695e-06	7.5879358500139100187e-07	2.4930576996984945786e-06	3.4524415892362380816e-06	-1.4799760851813738757e-06	-4.7423445353918753257e-06
4	-5	-2	-3.0251939660886757596e-07	-1.1448561063454258116e-06	-2.375904333902015902e-06	-2.4953898593107451783e-07	5.3347220415373040737e-06	-1.6658647478631652492e-06
4	-5	-1	8.6447650837413209942e-06	-7.2429142350727294321e-06	2.3395381615997341046e-06	-5.2141245966371911711e-06	2.2881369526966612607e-05	-2.9010339571049589083e-06
4	-5	0	2.2849270396412882503e-05	6.6091040271410947889e-06	1.8279416317130304647e-05	5.2872832217128758311e-06	3.1344137043848644113e-06	1.471037003443520314e-05
4	-5	1	-1.6169111961680192438e-05	2.0921434916342365794e-05	-7.2188043017790514189e-06	1.3340278296199479681e-05	2.8582426337825515199e-05	-1.6984348184372059689e-05
4	-5	2	9.4870086044255741808e-07	-1.1335487765338030645e-06	2.0736556489425483962e-06	6.7141914721565134814e-07	3.2867374014712559427e-06	3.9456454211067340759e-06
4	-5	3	2.0958435683565953431e-06	3.4703586385803767485e-06	-1.2293547079953176667e-06	1.0398786486952501859e-06	-4.8433826044676562864e-06	-2.8940137702817523039e-06
4	-5	4	-2.092071103570552231e-06	-2.0604981095799569249e-06	-1.7465872630309620147e-06	-7.6833865135392820395e-07	-9.1162975218150366741e-08	1.1000747953875468023e-06
4	-5	5	-7.1799141222616906692e-06	2.4438093167604062552e-05	2.8426801988276527775e-05	-1.0412669628669221885e-05	3.4170733286085877599e-05	-2.9963144162752469555e-05
4	-5	6	-5.2570896066159435327e-07	1.2903223566745896382e-07	-1.8961080141036499909e-07	-4.9672472915068543314e-07	1.9246363926575876715e-07	-4.999587647372104682e-07
4	-4	-6	-4.2915326843777579441e-07	-4.5458967664117727162e-08	-2.8872753306123737493e-07	7.3677425585679923937e-08	-9.3617156917692284067e-08	-7.9424262166531767399e-08
4	-4	-5	-1.1632469149536488448e-06	-2.8557829219024279765e-07	5.5554296799984163467e-07	-6.4118307477732150902e-07	-1.3750319063627923412e-06	2.8448382606966292674e-07
4	-4	-4	-9.004714171471011093e-07	-3.767316039196853176e-06	-5.172438708572702148e-09	-1.5869626089354789646e-06	-8.9529897843852836083e-07	-2.1803534302613742114e-06
4	-4	-3	2.7789847413136699501e-05	-2.2574066847545203886e-05	7.7238771382054255432e-06	-1.5697811495812471203e-05	2.675462703324169974e-05	-9.1683404689769786049e-06
4	-4	-2	-1.9049133991876151005e-05	2.1703302280064340642e-05	-1.7270761798473352087e-05	1.872359376634250732e-05	-3.5567443868055931767e-06	5.9594170274436615624e-06
4	-4	-1	2.3684670052372252131e-05	-7.6374231042196287451e-06	2.0424742406746321753e-05	-6.4628734407091315294e-06	1.3039710582503726593e-05	-4.6981986540419914042e-06
4	-4	0	8.0815653105791532696e-06	-9.9271284715824696638e-06	8.0815653105791532696e-06	-9.9271284715824696638e-06	0.00013290179602956029561	5.8824482163509305256e-05
4	-4	1	1.6615889142820909835e-05	-2.3955208273825476424e-06	1.2180660653522153888e-05	2.0831625966473924373e-05	-1.7740913957195020403e-05	9.290858717542588806e-05
4	-4	2	-1.3182634471567833949e-05	4.0155839943173386684e-06	1.5977295472353957273e-05	1.581708606007030583e-05	5.8319859887843582442e-05	2.3603004131505936016e-05
4	-4	3	8.9782211872329558257e-06	1.1004172384294225591e-07	2.3667456265499251428e-05	1.8626138311815909583e-05	1.9585646771021725211e-05	2.4688128783963956436e-05
4	-4	4	7.3739456108429331964e-07	5.6253847169831617286e-06	1.1364596610991760582e-06	4.0353038723925970178e-06	3.9906510001488279152e-07	-1.5900808445905642874e-06
4	-4	5	-1.6698653042119261829e-06	1.8114246375172681873e-07	-2.5453067300619304592e-06	2.4140486862717205383e-07	-7.003531406800033999e-07	4.8209923900356190722e-08
4	-4	6	3.9437140909228924848e-07	-4.209183539333230466e-07	1.1846290821254921059e-07	-3.4248276977729388528e-07	-1.8393900058649335859e-07	5.2290389437352798481e-08
4	-3	-6	2.1540505464473172695e-07	-3.2898454516224502648e-07	2.2912946134725663285e-07	-4.6541938662438281046e-07	2.9038639089526171516e-08	1.3386663204028058104e-08
4	-3	-5	-3.8429772523216137011e-06	9.0631508607228769148e-07	1.3202112284855014402e-06	3.5224921176964231192e-06	-3.8665085389485917826e-06	-1.3884432017600236337e-06
4	-3	-4	1.1349179271325867539e-06	4.8965217058099760024e-06	3.275449703067605087e-06	-3.0872676925803549755e-06	-1.3216693501681171672e-06	7.211972475245242234e-06
4	-3	-3	-2.6060578977964232939e-05	-1.4857548015756340124e-05	-2.1156468840466966988e-05	-2.1941610809785155336e-05	-1.3590969796818675236e-05	2.1315467887767009899e-06
4	-3	-2	0.0002804470458562039999	-8.1675464966543003431e-05	0.00028050475402054185579	-0.00014411137475686252186	0.00014013696068159527033	5.2816132202207803029e-05
4	-3	-1	-5.488262646858819429e-05	-5.1680513019931237351e-05	-3.8260838580185098996e-05	-5.064862838133688726e-05	-0.00010474799013379748017	-5.4776166935714287623e-05
4	-3	0	2.2946499843128591442e-05	0.00013894795491376074528	3.0595333124171457514e-05	0.000185263939885014318	-1.2367988880904915263e-05	0.00017235007488542575639
4	-3	1	-7.9523294069218863293e-05	6.3640211150403131922e-05	-7.3478035213383238299e-05	3.762948557343451727e-05	9.7659070636725751825e-05	-0.00014167238788130898943
4	-3	2	-2.7414884141178102073e-05	-0.00016082874342981381618	-7.2612772596012400581e-08	-1.864617170461459116e-05	5.4720849123462181026e-05	0.00029368822930270574055
4	-3	3	-2.9560369967143118848e-06	-9.7734029394925285496e-06	-2.2645742262259802019e-05	-1.5117547291687034584e-05	-1.8704359599974054533e-05	-2.0863433723636630437e-06
4	-3	4	-1.6353511783266165142e-06	-7.0520739456713528415e-06	-6.1264296632704746032e-06	9.0712369436754007119e-06	-2.9594710691262390147e-06	1.3855501653427902952e-05
4	-3	5	3.9984712785976335393e-06	-2.719424980801086645e-06	2.1337809887274339302e-07	-5.3614552484990892972e-06	-3.0707501635544606209e-06	-1.0413331644585846012e-06
4	-3	6	-5.4463631457891711671e-07	9.1093914077171449318e-07	-9.3939124869628985241e-07	1.3941610530544017429e-06	-1.066047479622001685e-07	8.9787766012724586765e-08
4	-2	-6	-1.0735642576721869469e-06	2.6981441379055300789e-08	9.794072868186118768e-07	-9.4794265361083703445e-08	-1.0421786007209953275e-06	4.9585716039731437213e-08
4	-2	-5	-3.506453985342927706e-06	-1.0583078389853006443e-06	2.7916105818131408673e-06	5.1454020315696446515e-07	-3.9218074209995985117e-06	-1.0524623524510263015e-06
4	-2	-4	-7.9960733632527686298e-06	-3.3655558310778958472e-05	1.2697598632895417904e-06	-5.0535631782963445508e-05	-8.6309532948975400545e-06	-8.3877424192972374124e-06
4	-2	-3	4.394845609364872235e-05	-6.276909269266096891e-05	3.873886448652216313e-05	-0.00010161675264792760856	3.277203180051685438e-05	-1.5947621824929555099e-05
4	-2	-2	3.3320075093354819423e-05	6.0712507888152633662e-05	5.2062341561943254926e-06	-4.382452729235170139e-05	6.1433916030515309118e-05	0.00016524954306865698227
4	-2	-1	0.00010681344526805309613	-3.4438997231793607096e-05	0.00018912711350104450766	-8.17133167304014092e-05	4.8999554070123409861e-05	2.5670644533628403567e-05
4	-2	0	-0.00023598744652970248458	9.8615588724545164868e-05	-0.00047197489305940496917	0.00019723117744909032974	-0.00018108937803755576824	0.00049270308423754721056
4	-2	1	1.5698028183296189363e-05	5.7045614182161143559e-05	2.6719147826293564011e-05	3.0300108821430773358e-05	-9.3538170805976345116e-06	-0.00016758223908578304107
4	-2	2	-0.00014077481730079093297	-0.00013737742969837843767	-0.00013981036987696323672	-8.2523133807810232477e-05	0.00014173926472461862922	0.00019223172558894668352
4	-2	3	-8.0206549372410286015e-05	-1.2081770212414604031e-06	1.6985441155565692158e-05	1.878395865981595544e-05	0.00011826569326692418064	1.4133541801532583599e-05
4	-2	4	-2.0492447023826479363e-06	1.7148354320995340688e-06	-1.6775257463825131316e-06	-1.741758685092503902e-05	1.2104818291913914764e-06	-1.042362885756205252e-05
4	-2	5	7.4073970041454831437e-06	-6.33591463995803072e-07	-3.4687178111276960944e-07	-2.7282216713303897877e-06	-6.0646663157614940834e-06	-5.8441549733551352102e-07
4	-2	6	4.3248230082016055972e-07	1.035180957305075552e-06	2.6503616234067565321e-06	1.6780624581501436328e-06	5.9513234058881180423e-07	-1.3076648548666924529e-07
4	-1	-6	-5.8298323669746744119e-06	1.3285161145349111259e-06	-6.3505046618502975001e-07	3.7537837224068057733e-06	-3.7807131669522782476e-06	2.6004678928880647268e-07
4	-1	-5	-1.4461051420333830806e-05	-3.0213575044246082948e-06	-7.6128787051423622381e-06	-1.2068396397453649561e-05	-1.0046265395238592027e-05	-3.406724048956606418e-09
4	-1	-4	-4.1045890749829559198e-05	3.1574646220548588935e-05	8.6462550110944955909e-05	6.6861411822864556158e-05	-6.2661528277565804951e-05	1.485929326483245159e-05
4	-1	-3	-2.3648979860748737598e-05	-3.9149049034604638058e-05	-0.00010497198678189334779	9.8630834005969638187e-06	3.4586891129661320443e-06	-5.548642651300517484e-05
4	-1	-2	0.00010583641517759264413	-5.1786862181882097132e-05	2.0583622325516883373e-05	6.4777780476765959151e-05	0.00020138101919242685166	-0.00013596261460214716706
4	-1	-1	0.00022047601280850997085	5.9095872115077179151e-05	0.00070655750731538167087	0.00018737124590135221039	0.00017534654391865818544	4.9012242558956492663e-05
4	-1	0	-0.00010808550084416568022	0.00028636080345106185554	-0.00043234200337666272088	0.0011454432138042474221	-0.0013967864797964654831	-0.00054750609117564582196
4	-1	1	7.667191880331885364e-05	0.00010168841583496340678	0.0002325019245300619119	5.7739637762035413409e-05	-7.4185750683213516209e-05	-0.00034901402557781821372
4	-1	2	-4.2835782177952235231e-05	3.336360662714462727e-05	-7.3952296889983313872e-05	-6.9851767898251651274e-05	4.8695415910912813527e-05	-0.00010165309720341508695
4	-1	3	-1.8210284495765660326e-05	3.0670788322258189307e-05	1.9279315302537076521e-05	-1.844110619646956834e-05	3.0706817761866571478e-05	-4.7041419828500779707e-05
4	-1	4	-2.7754102936672222726e-05	-1.4398420181858482623e-05	-2.3280932023729025124e-05	-6.2368144113326425644e-05	2.1933869930739967292e-05	-1.1936158464731227296e-06
4	-1	5	8.9255282914415952865e-06	2.7961799896017707368e-05	6.1997841961416452701e-06	2.8427916634084581486e-05	-5.9004657939249468364e-06	-1.6683856589997249597e-05
4	-1	6	1.3096364717179529377e-06	-2.5951502631891511877e-06	2.1410408074198795547e-06	-6.5205684762241518963e-07	-5.1625084657532206799e-07	1.6214240341890314876e-06
4	0	-6	-3.6694905409389459398e-06	-4.0502658288610294494e-06	3.0260350255658235302e-07	-7.5077278273257288101e-07	-2.4463270272926304853e-06	-2.7001772192406865819e-06
4	0	-5	-6.9244813473934541489e-06	1.629996627254861588e-05	4.7767827930280675974e-06	2.263955333915483199e-05	-5.5395850779147636579e-06	1.3039973018038893043e-05
4	0	-4	-3.7621404186699854253e-05	8.1779868534358817421e-05	-0.00030429943030897986305	-7.2672750164358621808e-05	-3.7621404186699854253e-05	8.1779868534358817421e-05
4	0	-3	3.0084106220632918048e-05	-3.3734906730100066771e-05	-9.0880733613052342725e-05	-5.7730306134970100693e-05	4.0112141627510559656e-05	-4.4979875640133424621e-05
4	0	-2	2.3926134419350851161e-05	-0.00029351738359813608643	-0.00024637008615320868648	0.00039583488493151176802	4.7852268838701702322e-05	-0.00058703476719627217285
4	0	-1	-0.00017903778210399989065	-1.4177691911311165809e-05	0.00014087427760424748474	0.00028753894798823402502	-0.00071615112841599956259	-5.6710767645244663235e-05
4	0	0	0	0	-0.0015862678090389249752	0.00012720542818004569943	0.0021599206682844907489	-0.00066939038541174880701
4	0	1	8.3461491560967378841e-05	-0.00015252571906510046639	0.00069684167107053748228	0.00038065178926613906993	-0.00033384596624386951537	0.00061010287626040186557
4	0	2	-6.0865093396850577351e-05	-7.9974346663876292565e-05	0.0001106292918198705015	2.0538287214622696203e-05	0.0001217301867937011547	0.00015994869332775258513
4	0	3	2.7662851742726809695e-06	7.3646462042423438236e-05	5.1442200308509104974e-05	8.1308643571026889075e-05	-3.6883802323635744848e-06	-9.8195282723231250982e-05
4	0	4	2.5551483314501982532e-05	2.2248088640166046351e-05	8.1888161851472178899e-05	-2.9704491706962851292e-05	-2.5551483314501982532e-05	-2.2248088640166046351e-05
4	0	5	-1.6223024702663380503e-05	8.0583223207701986572e-06	-6.3635865905316463703e-06	1.1450773607088826856e-05	1.2978419762130704402e-05	-6.4466578566161589258e-06
4	0	6	6.5679048820254634687e-06	-6.8950423048613674836e-06	1.1492474402442947596e-06	-1.3028285839576165613e-06	-4.3786032546836428772e-06	4.5966948699075783224e-06
4	1	-6	2.5965651141185500174e-06	4.0071669844025465052e-06	-1.7447872729635179761e-06	4.8092977313009603152e-07	1.4402455305851138234e-06	2.7515996184567135342e-06
4	1	-5	-1.2732498371780973464e-05	1.0994588424534228007e-05	5.8451283332886200427e-06	6.5527514909319812145e-06	-9.016973030767055271e-06	1.0106221037813779156e-05
4	1	-4	1.9503531250303862249e-05	-2.5004331869910922866e-05	-0.00013261216747998685276	-1.5328425986071974604e-05	-1.3649510619692852635e-05	-2.8836438366428913976e-05
4	1	-3	-2.5917441481002203392e-05	1.2510275347663181835e-05	4.6614157287698081969e-05	2.2295512008882292142e-05	-1.9018536212103574941e-05	2.411220446651167316e-05
4	1	-2	-0.00021130117760184355261	-7.983874705154799965e-05	0.00014262912096441073538	-9.9271008149922840085e-05	-0.00035128779472148175108	-0.00020931299817805739901
4	1	-1	0.00013674737780297450311	0.00021701407512879309909	6.5520358843192122575e-05	-0.00049072077303715733523	0.00061250987005509016214	0.00037733552747801506113
4	1	0	0.00018502048553210433623	0.00014352516856937347204	-0.0007400819421284173449	-0.00057410067427749388817	0.00022083324558554487914	-0.001176959814473651925
4	1	1	0.00030374843022453986482	-0.00040204687121514021087	-0.00071442333364129769532	0.00044605251728373310508	-0.00050057038725686176395	0.0011621349675768276842
4	1	2	-5.6358534871294715813e-06	6.7309235298948147516e-05	-7.1247956652825889575e-05	5.5222896080044340942e-05	4.6895685300671893032e-05	-0.00016222991863791845534
4	1	3	-3.1407951919764943169e-05	2.8943541564582028899e-05	6.1650581266385848255e-05	8.0421582466595593571e-05	2.1327075470891310399e-05	-6.5398582908307898538e-05
4	1	4	1.3407532139040027145e-05	1.9465710835395025943e-05	-2.4114433864567451842e-05	-9.5825887474564429964e-05	-7.3789236728981633378e-06	4.4907610332460807013e-06
4	1	5	-5.4404219777897998105e-06	-1.1960247048772373613e-05	-1.1591673403731268628e-06	1.4258944790213159257e-05	4.5841710503064648821e-06	6.7164086809752668699e-06
4	1	6	9.3767769866734309024e-06	-8.0537282317600918867e-06	5.1959752870564684313e-07	2.0962400991051637701e-07	-6.3377842458998954637e-06	5.3342148195216420337e-06
4	2	-6	9.1622519895000519806e-07	-4.5035379714028963537e-07	-6.2861849157284838775e-08	6.2910716054229629545e-07	5.8986284958090851029e-07	-9.0533477912760987353e-08
4	2	-5	8.0378040619690325358e-06	1.153179239655265026e-05	-2.072648060530506606e-06	5.2341169271168057275e-07	5.601184025363023725e-06	9.4347985943267925643e-06
4	2	-4	-2.9726332242033977202e-05	-4.6762287444539589747e-05	-2.5280587664689217981e-05	4.656307321894574599e-05	-4.2366626074378586192e-05	-2.348075083506672014e-05
4	2	-3	7.0017428967465339981e-05	-4.4225487367225072683e-05	-1.0935071149617162583e-05	6.6425291343236091374e-05	8.6066524523542342661e-05	-1.4683788927476027525e-05
4	2	-2	8.5492577469474637271e-05	-0.00014803078138523855368	-5.4832835409204859576e-05	-2.0446868247135595965e-05	0.00011615231952974441497	-0.00031650843101761272705
4	2	-1	-4.0743826703631054215e-05	-3.7429068782611310572e-05	-3.6755568658551518925e-06	-2.4111326245605045046e-05	-0.00017032642054623452319	-0.00019793892762165533916
4	2	0	-2.096059277841545734e-05	5.3245199860240095358e-05	4.192118555683091468e-05	-0.00010649039972048019072	-5.965581801395830494e-05	1.7284245027799993402e-05
4	2	1	-2.789411802430281898e-05	4.1665582074195749802e-05	4.0427543039009927628e-06	-4.9775496758569458584e-06	0.00010349096348940929548	-0.00015670722894506910919
4	2	2	-0.00010755240169440346469	8.9137416471924042511e-05	-5.0144663201934877204e-05	-1.5125577563112531398e-05	0.00026524946659074179981	-0.00016314925538073556718
4	2	3	2.5142717193811128768e-05	-2.1280820138300469291e-05	-7.0035067791118592499e-06	-3.2930867947765977792e-05	-2.8854618405673598293e-05	5.0328338816244608657e-05
4	2	4	6.9754035132039855354e-06	-8.3978060439749089699e-06	1.3007326852754439074e-05	6.3619012594210122593e-06	-1.3479066939581205072e-05	5.2168554142644024167e-06
4	2	5	5.6501294936168962774e-06	-2.325213689691926592e-06	-5.4485857634258169524e-06	2.4075597419468845861e-06	-2.3406692895231904103e-06	8.9714705497478760854e-07
4	2	6	4.5905868337547919331e-07	5.1034678349706846458e-07	1.7627112083436558524e-07	1.1746292897381975503e-08	-3.647961625284413416e-07	-3.4414661996383962331e-07
4	3	-6	9.4933468710597335066e-07	-1.2166135067942886282e-07	3.2117881036205882609e-07	5.1014443153842148942e-07	7.9347919658501169976e-07	1.7396464864959150283e-07
4	3	-5	1.4726600968635945429e-06	-6.7241303528869702456e-06	-1.2859873863136233027e-06	2.195620870509142924e-06	4.0653564570270162093e-07	-4.0619317600040903574e-06
4	3	-4	-1.7697416336872318286e-06	-2.3807596601828894136e-05	-3.8957682652314496447e-06	2.6092397056126117021e-05	-4.6915678326108194857e-06	-4.2382988097343063697e-06
4	3	-3	1.856643935475265066e-05	8.952236697135920889e-06	-2.043384201669607884e-05	-6.6224207938603972697e-06	4.3214104563074556568e-06	5.313894802320829453e-06
4	3	-2	-5.6246296946863802739e-05	-9.1306264783302918558e-05	2.1476502482935735526e-05	8.9113679559081453581e-06	-8.0277840169323995412e-05	-0.0001692454776327436284
4	3	-1	2.6248064921081782312e-05	-9.15619651122683653e-06	-2.4014969434534147783e-05	2.08002834748184114e-05	3.2947351380724682513e-05	2.5776064379547884692e-05
4	3	0	-1.9814059681413752215e-05	7.5454737507800746896e-05	2.6418746241885004083e-05	-0.00010060631667706767156	8.4619902520577136942e-05	-1.2225488735333794925e-05
4	3	1	1.6234078307538920801e-05	3.3169904907354845773e-05	-8.7021594213592643212e-06	-3.8652405611839907274e-05	-3.8829834966077890241e-05	-1.6722402793899674822e-05
4	3	2	-4.7255756713051703672e-05	4.1023637695941120274e-05	-1.4751308200883096863e-05	1.1335269555495416352e-05	0.00011663847572742804925	-9.9050179725125375241e-05
4	3	3	2.5989244842275101006e-05	-3.4309381880821619651e-07	-2.2365050282386779203e-06	5.495625551325130624e-06	-3.2415821428128127233e-05	-5.0381671262475088169e-06
4	3	4	-6.8091068993935097931e-06	-2.536252076937403716e-06	1.7506508695292440563e-05	-1.2176698715461062398e-05	-6.3207746220758197824e-06	1.1668776113533199667e-05
4	3	5	1.3618884270143776291e-06	1.1138745931074866738e-06	-4.0922312831354271736e-07	-1.1880275993562594407e-07	-8.4397686462337656817e-07	-8.1981801852461366934e-07
4	3	6	-4.6732862519452956508e-07	2.1226973888033712809e-07	6.82373906782083754e-07	2.44969063376406081e-08	-2.963453659468882369e-08	-1.5376161242237839827e-07
4	4	-6	-4.1884771683457981095e-07	3.6018410334764666799e-07	3.0038112621884361649e-07	-3.9131387433084233299e-07	-7.8977727077157445329e-08	-2.0753180655463775566e-08
4	4	-5	1.5521191436506168256e-06	-9.167065502547797679e-07	-7.1756651517126021194e-07	-1.2882158507667468344e-06	6.676421027834853756e-07	-1.7639379208172212819e-06
4	4	-4	-2.2827853191701972768e-07	-1.7198205656939489892e-07	-2.2781951570982902986e-06	2.3575735941075157793e-08	-2.5064736890153099204e-06	-1.484063206283197312e-07
4	4	-3	1.6975789663880054147e-05	-1.260624514785827231e-06	-2.5106107285657405266e-05	6.6885443942025792527e-06	-1.0840423495703132003e-05	7.2372265058890024132e-06
4	4	-2	2.9679568853736452766e-05	2.027048424142117956e-05	-5.0325276416148586461e-05	-1.1601998091446398228e-05	-4.1291415124824260615e-05	1.7336972299949562665e-05
4	4	-1	-1.1393836938528915351e-05	1.4913263109188237737e-05	8.7454342504754257153e-06	-4.5579928724894958956e-06	-1.0593610752213960237e-05	4.1421080946794963976e-05
4	4	0	-1.0117551744160804746e-05	2.5195581999328501652e-06	1.0117551744160804746e-05	-2.5195581999328501652e-06	3.0159885720827153655e-05	-4.6999059260779648458e-05
4	4	1	6.6304140786834333057e-06	1.408843434477112412e-05	-1.7228397946422537349e-05	-1.9673025369879797408e-05	4.2391935470956416173e-05	2.2338364100434696542e-05
4	4	2	-1.5985496437204188918e-06	9.7847256562788233354e-06	1.5204678752238461254e-05	9.4260351745725637281e-06	-2.7212258217036084301e-05	-3.8421521661702777515e-05
4	4	3	-2.3842986021613004775e-06	-9.8595355624742141918e-06	2.4783947201379538959e-06	-6.6983779309370626887e-06	-1.2546149063553762644e-07	2.207721799121503697e-05
4	4	4	-8.2395678233032230978e-07	1.1865069919505071723e-06	9.0600172386639653378e-07	-2.4516629324897222293e-07	-8.2044941536074224001e-08	-9.413406987015348435e-07
4	4	5	5.5069589113988113684e-07	1.6896631383485271694e-06	-1.2317703135165513913e-06	-1.5372156810761693845e-07	5.4485953790133616121e-07	-1.228753256192728206e-06
4	4	6	-1.6065124032609508255e-07	-3.4618902529654238536e-07	4.2135427879700003939e-07	-1.6655556133381605013e-07	-1.738020256472699624e-07	3.4182972442023897464e-07
4	5	-6	5.1388645324592749503e-07	3.5479494614996193994e-08	-2.1600219520107767756e-07	-3.8538002157907078944e-07	1.6258913949638690558e-07	-2.9749702157256150648e-07
4	5	-5	0.0001672604919657880889	6.8213929053300700412e-05	-6.3997920566341258961e-05	-0.00010900833237351408456	6.9810473006289217577e-05	-5.4437189130873520169e-05
4	5	-4	-5.7064568108613572756e-07	-3.8327627584652251925e-07	2.2436253117794596413e-06	-1.6153841492171193388e-06	2.2338859586381885065e-06	-2.4025064623679216928e-06
4	5	-3	-2.9195424737603742507e-06	3.962609296425721114e-06	1.3916628135791736494e-06	-6.3268682148673355206e-07	-1.5732852757152095148e-06	4.2290010260897386869e-06
4	5	-2	-2.464315980334539695e-06	-5.0842000106811163402e-06	3.416782534032565989e-07	4.1563695466936530568e-06	-4.0744363271609376016e-06	2.2252384537189959094e-07
4	5	-1	9.4986711976994618302e-06	-8.6238540667887031803e-09	-9.4126147854230625135e-06	1.34511157337461535e-06	-9.0683891363174686347e-06	6.6910624506059217717e-06
4	5	0	-1.5970314676944665871e-05	-8.4551217082821387591e-07	1.2776251741555733375e-05	6.7640973666257114308e-07	1.2129404687767263648e-05	-1.9111672916262100711e-05
4	5	1	1.2234634101557989377e-05	-1.1475742108433711308e-05	-8.3062376089374217737e-06	1.0664605101877497448e-05	-7.4073483615448486387e-06	-7.4200570756526479342e-06
4	5	2	5.2456338053104807016e-06	-4.8252035698928884635e-06	-2.346430007372842516e-06	3.2257213570238720962e-06	-4.6251925921888557483e-06	1.5861037472260958394e-06
4	5	3	3.0662184616082657074e-07	3.7075689104504249788e-06	-1.8757319033631752192e-06	-1.7429442676491158993e-06	2.7173907107241902905e-06	-2.0385181011853735435e-06
4	5	4	1.2674605266409973684e-06	1.13565848141526832e-06	-3.892278743706370695e-07	-1.9509479357880149306e-07	-7.809256836777011109e-07	-8.9178998944176651982e-07
4	5	5	7.3511485284393542896e-05	2.7035332533929311516e-05	-2.1837659536655024036e-05	3.614668200428728924e-05	-3.6971528690859804182e-05	-5.7774948031430735742e-05
4	5	6	3.8528448299814899742e-07	-1.6994199127604509384e-07	-4.8627063745213452127e-08	2.5200664106185858719e-07	-2.1633376887775476832e-07	-9.6710873367518768922e-08
4	6	-6	5.9707532181486381814e-07	-6.3196018065962544532e-07	-2.5822632251635583482e-09	-1.9144928865923063036e-08	3.9546795131807898914e-07	-4.4045171597234001445e-07
4	6	-5	7.442263930365878324e-07	-2.6089245076084157013e-07	-2.2679568847412973084e-07	-2.0401384288832201715e-07	3.2322628826031455715e-07	-4.5353057207465967668e-07
4	6	-4	4.3492518856822152319e-07	2.9887954595265819807e-07	-6.0586731325124045951e-07	-1.392278357321502836e-07	-4.7387578130863921901e-07	9.0037792354432785915e-08
4	6	-3	-1.4948995922740418677e-07	9.1694916292088616626e-07	-6.3435514586191091037e-07	-1.4577279255211913447e-07	-1.4680302373603609129e-06	9.3105329879027661941e-07
4	6	-2	-8.9350071725256241513e-07	-4.7012618202821668807e-07	1.1700482365066041641e-07	7.1382766111989117321e-09	-1.4359869635531435678e-06	-9.1883753422283667568e-07
4	6	-1	-3.4213712928748973852e-06	-6.3314098085910986194e-06	2.9989540214405295258e-06	3.999323738907789252e-06	4.3082389571435859203e-06	-1.3296968009176608715e-06
4	6	0	4.4462997559798317869e-06	1.5756767150593100213e-07	-2.9641998373198875756e-06	-1.0504511433728733034e-07	-2.8417128077297796766e-06	3.9105431140096498123e-06
4	6	1	-5.5619138232398178081e-07	-1.4856650790580919329e-06	3.0289364017839784751e-07	1.3393953972438565185e-06	4.0740368822554003815e-07	-2.0937120672307718031e-06
4	6	2	2.4209377196546426571e-06	-4.8803702310135358873e-08	-1.2007962720383591926e-06	4.338019477742863186e-07	-1.2394866231942081599e-06	-1.2037984387025882778e-06
4	6	3	-1.8943183275322705319e-06	-2.2138220460550046428e-06	2.2452664326337045379e-07	6.4963414646000229126e-07	2.0767044835162867153e-06	1.6524944351533350824e-06
4	6	4	1.0885416068123957658e-07	9.5133894406835677809e-08	-1.9159436973669994772e-07	-1.6378258107590854535e-07	1.7853739392381037146e-07	1.5053997720702712699e-07
4	6	5	-4.5032515067452745361e-08	7.2707254454642497961e-08	-5.7136617374756126387e-08	-1.2328643320917866947e-07	1.045899529036695506e-07	8.9777916287300391758e-08
4	6	6	-7.0951342112362660321e-07	-2.1946217648924155832e-07	2.6546517761554660697e-07	-5.2968158758472918591e-07	2.0754376980020449712e-07	6.7598970524422352283e-07
5	-6	-6	9.1039015140088815374e-07	4.6103027832722798728e-07	-6.7801394447169418e-08	-1.7714780006879420833e-06	8.2645985394790959464e-07	2.1556698992939654678e-06
5	-6	-5	1.2129830146055060296e-06	1.5815008551843353844e-06	2.1662679450128943741e-06	5.4980714437395963383e-07	-1.3865385194099673887e-06	9.2173228193558388735e-07
5	-6	-4	7.241483549759509059e-08	-1.5200586592017758211e-07	4.7342270191287807663e-07	1.7229363586869148071e-08	-6.1961550849732321531e-07	-2.1585137778052567658e-07
5	-6	-3	4.6957910312201184231e-07	6.9180245523080329537e-08	1.8964074658369800309e-07	4.4369782598364759004e-07	4.0335034536929043295e-07	-7.720952427621612887e-07
5	-6	-2	3.559827206785764199e-07	2.446001920874586018e-07	2.7121472302434895273e-07	-5.1286585131237747605e-08	7.6312632623394231264e-08	7.6536023561235968775e-07
5	-6	-1	-6.4900158804529518412e-07	-2.9725886844692266682e-07	-4.9889021539257740565e-07	-1.1626701548546599469e-07	-2.5166664787101138082e-07	-7.8869224932181736595e-07
5	-6	0	-4.5839182597633508753e-07	4.3941379890875645152e-07	-3.8199318831361259059e-07	3.6617816575729708705e-07	-7.8946496445353549062e-08	7.7380491252898164236e-07
5	-6	1	-5.8701740488128037317e-07	5.2612740703653044408e-07	-6.1288613628347862415e-07	4.7935547272165752414e-07	-7.4222979329446998493e-07	2.4549580114729345386e-07
5	-6	2	6.8610724546181187149e-08	5.6654276061011845311e-09	-1.5580138132620456969e-08	5.6251901336656392733e-08	-2.1826722576331432885e-07	1.5459213499471620736e-07
5	-6	3	-7.786491214459495741e-08	-4.1557584865750285966e-07	1.519352705283476968e-07	-5.1087669884799625428e-07	4.336453946310203182e-07	-3.2912698326682114637e-07
5	-6	4	-4.4990735505996243899e-07	-1.4024464420119372608e-07	-8.8932692504663633627e-08	9.6717890692043464964e-09	4.2898515506795759168e-07	1.8981348885529866907e-07
5	-6	5	3.8803728559382544166e-07	-5.0250406085654636167e-07	9.2974792429635648356e-08	-9.7496915781117556823e-08	-2.7646753467826267951e-07	3.8550776191920528289e-07
5	-6	6	-1.8558434167496164067e-07	2.6163055761131252198e-06	1.9368286790315295164e-07	1.762807236971479742e-06	3.4833648596562096347e-07	-4.1744740978945799406e-07
5	-5	-6	-1.1806363170183620827e-06	1.204543139330557112e-06	-1.6000167819192255384e-07	-1.557445477021808998e-06	-8.5052886568869955884e-07	2.3016571802936383898e-06
5	-5	-5	-1.9464126590118384521e-05	2.2011575299613967338e-05	6.8004111560173650637e-05	0.00012844413843225368924	-8.7468238150292045322e-05	-0.00010643256313263970835
5	-5	-4	-1.1310533112300436028e-05	-4.53215463250019972e-05	-5.0901412109740992056e-05	2.7691273114254051423e-05	4.9488598746800692917e-05	-9.1266024299070056544e-05
5	-5	-3	3.6364948815111786641e-06	-9.8199219403948098507e-07	4.3585459924186170647e-06	8.1668346092735918184e-07	-1.2034185181790634363e-06	-2.9977927582780670507e-06
5	-5	-2	2.2592628658391644205e-06	-8.7913514763237896382e-08	1.3425398443934774756e-06	1.6317089157160880322e-08	2.2918075536142170446e-06	-2.6057650980099692852e-07
5	-5	-1	-6.3782745735180542147e-07	3.0751591541950217832e-06	-2.151771212241318899e-07	3.7560444456465913747e-06	-2.1132516806383674461e-06	-3.4044264572578479575e-06
5	-5	0	-2.2412872065326168619e-06	-4.8834800946319254579e-06	-2.2412872065326168619e-06	-4.8834800946319254579e-06	-1.1923949612723302992e-07	-4.5896662976563907163e-06
5	-5	1	-1.2381014739550266821e-06	-6.066739114079242562e-06	-9.832971959467802482e-07	-4.9326005014428025882e-06	1.2740213900412321697e-06	5.6706930631822015628e-06
5	-5	2	4.6454270046202688256e-07	-4.5068158783749439933e-07	5.8102447505344394536e-07	-1.5536234920264339125e-06	2.9120443647854281582e-07	-2.7573547604723486241e-06
5	-5	3	6.3816209446530664008e-06	-4.8612772301551664123e-06	5.468753945300330951e-06	-1.0469585067439451527e-06	-1.5214449989212253262e-06	6.3571978723520351502e-06
5	-5	4	-8.7107402482926454151e-05	-4.5127242354087316191e-05	-3.8187130249688081907e-05	5.0901233182138773742e-06	6.1150340291547960222e-05	6.2771707090376497673e-05
5	-5	5	8.6863457420367112035e-05	8.0819682687446097662e-05	8.1234603933998692036e-05	4.2364381041820108954e-05	-5.6288534863684132228e-06	-3.8455301645625981932e-05
5	-5	6	5.9448372660868257768e-08	2.989477897158423537e-07	8.1653185768620188448e-08	2.4669023985846774728e-07	1.8504010923126606693e-08	-4.3547958214478814421e-08
5	-4	-6	3.2372108356674185778e-07	-7.1074094075323399322e-08	1.9424351098676061211e-07	-2.6253043549467052213e-07	1.4027189564777780674e-07	1.1579187860034418639e-07
5	-4	-5	3.2661107769248092837e-05	1.2968029428892006793e-05	1.6947995344975615335e-05	-3.59369761206101591e-05	1.9102711493267603279e-05	4.1717610325380133395e-05
5	-4	-4	1.8526773814822447282e-06	1.1598675016699110094e-06	7.6132031723909953629e-07	1.7810619657543399839e-06	1.554526409613706374e-06	-3.3122758866695127514e-07
5	-4	-3	-2.7436059213162410893e-06	5.2088913876793801401e-06	-8.6180158162245096788e-08	4.5950055660929967194e-06	-4.4577696579774085296e-06	2.5548115580083037606e-06
5	-4	-2	3.0223156490451588932e-06	-5.4511704945055172172e-06	4.0505751123375351665e-06	-3.3408782411593707453e-06	-5.4536110206217214716e-07	-6.9461697539450511287e-06
5	-4	-1	-2.4638180458088929044e-06	8.4338118445172434409e-07	-5.4365501625335774125e-06	4.4575823456147737728e-07	9.4271104210898451281e-06	2.4338729840127126348e-06
5	-4	0	6.0447563626026707347e-06	-1.2805128095191949916e-05	7.5559454532533377831e-06	-1.6006410118989938666e-05	-6.7033298372294851239e-07	4.8983939828658505877e-06
5	-4	1	-4.8467274128574951001e-06	-1.0774611697070161974e-06	-8.6444054754114143217e-06	-9.1598464947107608532e-06	-1.0343984837358178398e-05	-3.1252080130307965814e-05
5	-4	2	4.2789575413882401545e-06	-3.1255032194331458676e-06	9.7933612026173707507e-06	-4.2715365507372840708e-06	8.8893285517641428093e-06	-7.2931505289170410789e-07
5	-4	3	1.2125597879332593345e-07	4.4816630411039113391e-06	-1.7652005306250674548e-07	4.4427630635040688835e-06	-4.3745336873888555854e-07	-1.5457543171677604577e-06
5	-4	4	3.5030882927110708798e-07	8.7811602562492673165e-07	4.6858200585377702191e-07	-9.6534479503078759982e-07	3.0695969264893208261e-08	-2.0629898270619460938e-06
5	-4	5	1.0843491140260067988e-05	-4.6128752543752861394e-05	-1.431878016700665151e-05	-0.0001403396025114614983	-2.2298515273865387163e-05	-6.6142929465416353506e-05
5	-4	6	-2.7642183621826972242e-07	-4.8900320534709020345e-08	4.926164172403855807e-08	-1.9769075396773688646e-07	2.6319262466458380298e-07	-9.1043568866233740687e-08
5	-3	-6	-1.8149199588188285054e-07	-1.5686460623377765872e-09	-8.0944309070943896946e-07	1.5283438826781753271e-07	2.5347821545315045143e-07	-7.7724399185856915406e-08
5	-3	-5	4.2213928068648319596e-06	-1.3754887830056730788e-06	-1.0395733407309448617e-07	3.4856227812197598161e-06	4.283767207308688998e-06	-3.4668624517375290108e-06
5	-3	-4	-1.397980946984153942e-07	1.4176726176349558872e-06	8.7837948823494253792e-07	-2.0272303633373778502e-06	-8.3353223454922619912e-07	3.2925135445467282467e-06
5	-3	-3	8.1056744365719549469e-06	6.4892738593822109141e-06	1.1427022229650668779e-05	1.3408662053263835872e-05	2.0824351646359242108e-06	-2.5932056209601504502e-06
5	-3	-2	-1.9886504727758156307e-05	-4.9400553146131665825e-08	-1.4131714386625968396e-05	-6.0543761773102481409e-06	-2.8518690239456439021e-05	8.9580628831000430368e-06
5	-3	-1	3.6751256873740344611e-05	4.1871678705681965118e-06	6.1465973447885391455e-05	9.2384937122964384451e-06	-6.4163597495446136902e-07	-6.7796417840483310825e-06
5	-3	0	-1.6441774938558026365e-05	-1.4795541769935484629e-05	-2.7402958230930045072e-05	-2.465923628322580941e-05	-2.9918590270276932135e-05	-3.565437474898685503e-05
5	-3	1	-1.0944000651943131468e-06	-3.1508796006738914162e-05	1.285825767815195622e-05	-4.3582660409340654806e-05	4.4046773360427439686e-05	2.679599880567260978e-05
5	-3	2	2.1759643688149468365e-06	7.8771881781833384196e-06	-3.1133115883860827128e-06	2.1997265795705059192e-05	-1.0109878304616491372e-05	1.3302928248099242739e-05
5	-3	3	4.1550341826067133284e-06	4.7468479411560863285e-06	8.5524437951205465523e-06	-1.259328751677550209e-05	1.6273868241093571775e-06	-2.0504700752035644559e-05
5	-3	4	-6.9409520199644109911e-07	-3.1272175560421983827e-06	-6.8759759656065025434e-06	-4.0249164034221109217e-06	-4.2893629717093252954e-06	8.9033464248616489303e-07
5	-3	5	1.5040555494780320801e-06	1.9698497745113979428e-06	3.0660888553753474871e-06	-4.3604043610778828193e-06	3.3559776374717633807e-07	-4.5860923911581275497e-06
5	-3	6	-1.3345738180186100531e-07	7.5169522943197657151e-09	-1.2183949291475267022e-07	-2.030899118801652718e-07	5.0294738377507844804e-08	-1.0780908285201576655e-07
5	-2	-6	1.4190141262981304882e-07	-7.3168915170272688216e-08	-2.2424148192649718488e-07	2.3536222077014476642e-07	1.9299833783367661114e-07	-1.3942816956527551109e-07
5	-2	-5	1.964218939424782005e-07	2.1400455735206106267e-07	1.8987274149855685198e-07	9.27005193605868023e-07	1.2047279734305546501e-07	-1.5679752009028614652e-07
5	-2	-4	8.006998552618432089e-07	6.1229682235935948672e-06	3.3554970570509936219e-06	2.9060384277161688508e-06	-6.768737094481927204e-07	6.2006910656339083116e-06
5	-2	-3	8.8810232882799238038e-07	-2.1182430014261553266e-06	1.9720901555752074803e-06	-5.5012926862699943977e-06	1.6544377766318224317e-07	1.3712345513640360421e-07
5	-2	-2	-1.8189523810631213878e-05	1.0078283113235082742e-05	2.9367123159803187402e-06	3.9960907883691570663e-06	-4.8410521842558354281e-05	2.1199616994718548942e-05
5	-2	-1	-2.1410184484338416397e-05	-0.0001303855655223857624	-4.0227644904307717207e-05	-0.00015485810240678407569	-2.6595632613076637408e-05	-0.00034221162279836071481
5	-2	0	5.0446501654867431208e-05	-2.4348811748365389233e-05	0.00012611625413716859496	-6.0872029370913466307e-05	-8.4735242246281920427e-05	-0.00021241182200583633307
5	-2	1	-6.6728971341128152082e-05	0.00010749173782669739453	-1.9267125874799099551e-05	6.5596223691568984423e-05	0.00029511060495604252065	-0.0004062662417503489767
5	-2	2	4.1131761495219176106e-06	1.8329084852960209344e-05	-2.8003921259348256553e-05	3.2089641404670306345e-05	-3.8286861633153049733e-05	-1.3733070727730213627e-05
5	-2	3	-1.3121187130779622202e-05	9.9236798133272959623e-06	1.3294543716494115098e-05	3.4925429433876745752e-05	3.0731674362295444245e-05	6.7441532670390022032e-06
5	-2	4	1.5335055900467299233e-06	4.0008701438887212627e-06	-6.626907307081690569e-07	6.2038916484391063238e-06	-2.2482273529124971973e-06	-1.8991418556413482047e-06
5	-2	5	-1.0699888549437919955e-06	-7.9066054524457211349e-07	-1.8155585102550699773e-08	-2.1061078932529746325e-06	1.0627266209027715356e-06	-5.1782612056617809639e-08
5	-2	6	-5.107009380372355038e-08	1.9403821374829782242e-07	-1.2003808923567906715e-07	1.1065201361356137617e-07	2.5457150912099319921e-09	-1.2481450691906105996e-07
5	-1	-6	-1.7246277990118482061e-06	-1.7767059592119081465e-06	-8.0683210890916985765e-07	-1.6493203770387615965e-07	-1.3027178143583451954e-06	-1.4530996263926108107e-06
5	-1	-5	4.9157934693732657528e-06	-6.189631460496079437e-06	-5.3152930008469666422e-06	-1.8081264791241726126e-06	5.978852069542658573e-06	-5.8280061646712446604e-06
5	-1	-4	8.2143867156428944663e-06	-1.171958022501611368e-06	1.1430011595811854893e-06	-1.3743009042094502983e-06	9.98223310465832134e-06	-1.1213723020746514236e-06
5	-1	-3	-1.7330894766693403851e-06	2.0734329423130709417e-05	6.6092701521157343853e-05	1.4431839288705016698e-05	-2.4919382968168014766e-05	2.9746602608982844593e-05
5	-1	-2	3.3925768217909578592e-05	2.9989455417140790564e-05	8.0826287395013984437e-05	-6.6898937969694309463e-06	4.4401276847266950873e-05	7.8318585441336689766e-05
5	-1	-1	5.1631247075963855933e-05	8.4024531038249961209e-05	0.00021800868537528574433	0.00032159004537848717101	4.0147550004533542108e-05	9.8532609812762621477e-05
5	-1	0	-1.3630101905682334782e-05	-6.6741312492693661516e-06	-6.8150509528411667135e-05	-3.3370656246346829064e-05	0.00013088472111874721051	0.00015591838002880210835
5	-1	1	5.3550531159442859371e-05	9.2572271868940412924e-05	7.1804531841580145402e-06	0.00015577466876192836592	-0.00026057220261305625436	-0.0003070866905827736716
5	-1	2	3.128187187375674539e-05	5.0884146816936738809e-06	2.1251594374217223378e-05	8.0861093843141032349e-05	-6.7578882497283239927e-05	2.7709510217336328508e-05
5	-1	3	-2.9420031847225316241e-05	2.3694931187210314548e-05	-1.6341590707154142015e-05	-1.5468136206959388923e-05	4.3586189509657477471e-05	-4.4647597381003653887e-05
5	-1	4	9.7467676201761086001e-06	-9.8007223509354682729e-06	2.7136522302592964716e-07	3.4736954020879909802e-06	-1.2115618219463653775e-05	1.3119326789191333298e-05
5	-1	5	-2.3521470469572108442e-06	-5.0652514479330425508e-07	1.9719613637955511896e-06	-6.8243190467078775959e-07	2.7465393197163212515e-06	3.7003876385914674551e-07
5	-1	6	2.3144337729218123285e-06	8.6859233856573953426e-07	-1.4905116364351635317e-09	-2.0476449204749729747e-07	-1.928943229374249517e-06	-7.5795436414603243303e-07
5	0	-6	-3.0741433763780017289e-07	1.1706246341903571399e-07	-3.6407418422422760798e-07	-1.0965110476979814091e-07	-2.5617861469816681074e-07	9.7552052849196430527e-08
5	0	-5	-2.3350626731750794945e-06	-4.8672627576990997792e-06	-6.5987666212490795397e-06	-3.732521852561918602e-07	-2.3350626731750794945e-06	-4.8672627576990997792e-06
5	0	-4	-9.4782052305341591629e-06	-8.9710082937849459298e-06	4.6639157035369420597e-06	1.1151120366436123105e-05	-1.1847756538167698954e-05	-1.1213760367231183259e-05
5	0	-3	2.4218644132391103154e-05	1.5976004039356174761e-05	-6.4123280995543222136e-05	-3.7205207182340416597e-05	4.0364406887318504127e-05	2.6626673398926957936e-05
5	0	-2	-9.4324284571238776082e-06	6.1323267105771280179e-05	1.7208459213907126366e-05	-9.4697810425659552277e-06	-2.3581071142809694867e-05	0.00015330816776442822078
5	0	-1	-1.3984349115294958534e-05	1.3688113230058085493e-06	-0.0002578244251339682617	-0.00012613818965377321325	-6.9921745576474796059e-05	6.84405661502904317e-06
5	0	0	4.4841394983569018519e-44	0	9.6795270122712203476e-06	6.7263589660724690277e-05	-4.614627145548192799e-05	0.00010217376028079869774
5	0	1	1.8606556946556740534e-06	1.5463713196978200946e-05	-0.00058385729540786723921	6.1243314618149142744e-05	-9.3032784732783711139e-06	-7.7318565984891001342e-05
5	0	2	9.85014304383989617e-06	-2.7740285328426940507e-05	9.1602338411696311213e-05	6.3982594733595215012e-05	-2.4625357609599741272e-05	6.9350713321067352962e-05
5	0	3	1.5171835572091461793e-05	1.5288037677139226995e-05	-5.2222991758687507752e-08	-1.6364446152614301426e-05	-2.5286392620152435193e-05	-2.548006279523204725e-05
5	0	4	9.7029041303937841782e-06	-1.6926813744654453408e-06	-4.4669290414031641306e-06	1.8223046142099931825e-05	-1.2128630162992230646e-05	2.1158517180818067818e-06
5	0	5	-2.3534387131216790615e-07	-7.4864869291630906241e-07	4.0022659280202405502e-06	-8.0269488991667636331e-06	2.3534387131216790615e-07	7.4864869291630906241e-07
5	0	6	2.6214740462025264186e-07	2.9392747895912415862e-06	-9.0256286963724017901e-07	9.9361256350719300016e-08	-2.1845617051687720155e-07	-2.449395657992701463e-06
5	1	-6	-1.0368658974800707844e-06	-1.1963472403917670675e-06	7.7144079112374303854e-09	-1.0269574002515235723e-07	-8.6276917991485268046e-07	-1.0140719903306647151e-06
5	1	-5	2.207752433775016503e-06	-3.6953937899468977465e-06	-2.2492548731143493376e-07	-1.2773266701044304877e-06	2.162767336312729601e-06	-3.9508591239677840558e-06
5	1	-4	-6.3332956936094066816e-06	6.9823754306813934028e-06	-1.5030310031518466724e-05	8.7169385392773512662e-06	-1.1674197124891375245e-05	1.0907203923171079782e-05
5	1	-3	2.1303384035385688653e-05	-9.1979651716256446216e-06	-2.9090709221897353786e-05	-4.6888764764854575331e-05	2.580873698501036316e-05	-3.0959530207660937895e-05
5	1	-2	-6.3771811778629744458e-06	1.8492724585462284029e-05	8.7528365925945651651e-05	-7.0657426271013358304e-05	2.7821230018315389287e-05	1.0903098328149032616e-05
5	1	-1	6.5539178199463916864e-05	2.1214841614415244473e-05	-0.00021131382634567171365	0.00018721466718287928352	0.00011638206465164788422	0.00029328887525495548217
5	1	0	3.805288596285525005e-06	-1.1807111795947171416e-05	-1.9026442981427625872e-05	5.9035558979735857082e-05	-8.1963604266887803108e-05	0.00021864308583447304734
5	1	1	7.1764230930716580195e-08	-0.00011104857762125852052	1.1907080534884457196e-05	0.00024646594341207417539	-1.2265901689538039819e-05	0.00030877694469421844078
5	1	2	-2.4168133729245989125e-05	-1.4572696872768338422e-05	6.6123170700388439079e-05	9.3729442460207303958e-05	2.735874897292076005e-05	-1.0432979048182805924e-05
5	1	3	6.3287377425931746043e-06	-2.688170801957000492e-06	-5.1801225784373057884e-05	7.5894376028841968886e-06	6.719179023802395801e-06	1.9504721356336018571e-06
5	1	4	6.134572535470461472e-07	6.6604778140270375035e-06	1.5201554442261354535e-05	1.2881051626028770189e-05	-4.5672101774991463971e-06	-1.1545860174040989215e-05
5	1	5	-9.5672228593853890631e-07	-4.1180426511253307296e-07	2.926448881761096181e-06	7.67655954794516766e-07	3.7143250958631973363e-07	2.5827307415362973035e-07
5	1	6	1.4780184832264920561e-06	1.6023829836323002489e-06	-1.9552001388048933318e-07	8.2055350118833927788e-07	-1.199095400375328478e-06	-1.4720780698916400517e-06
5	2	-6	-2.8475765866080660427e-07	9.3429275778565276332e-08	9.3899541006900502475e-08	5.2136759779978532467e-07	-2.0599820188170534489e-07	2.5164692908206614757e-07
5	2	-5	-1.9530087349886254129e-06	-1.5950352686534511984e-06	-1.5811192935674436659e-06	-1.1820266645724905365e-07	-2.5854564524156027099e-06	-1.6423163352363507775e-06
5	2	-4	2.4353282443298127849e-06	-3.9158500988124961251e-06	-1.1199632286589025766e-06	-1.8463720038260737478e-06	2.4841786910828145869e-06	-5.8179986254286567127e-06
5	2	-3	6.0068891257193387861e-06	6.5000748653314063152e-06	-1.1964151669727932133e-05	-9.2468160931156987326e-06	2.0353807630469432214e-06	4.6689140468085444212e-06
5	2	-2	-1.1498552204464096029e-07	1.7251038680438753118e-05	-1.3979484219001280058e-05	2.8214454749531496118e-05	-1.426694802411288183e-05	7.1342051450628380608e-05
5	2	-1	-4.2091487832904037427e-05	0.00010328311999594679341	2.6438399453313596608e-05	-0.00013786739018594674415	-0.0001575806402578930007	0.00024068081960784045163
5	2	0	5.4313593365297675237e-06	-1.4727326043794598362e-05	-1.3578398341324419656e-05	3.6818315109486496751e-05	-7.0738377981015396374e-05	2.154996153380679257e-05
5	2	1	6.8215412038957840761e-05	1.2043809210959499387e-05	-4.0000242629132845952e-05	-9.3731871375910406669e-06	-0.00026107657493652352545	-4.1472671779615413908e-05
5	2	2	-1.976830168497226367e-07	-1.2384117862714776734e-05	2.6717276357998892067e-05	1.7111650150489583148e-05	-2.6223068815874584999e-05	1.3848644506297361228e-05
5	2	3	1.499885653318462127e-06	9.0647861695923929553e-06	-1.5613514804295636109e-05	1.9137941697247229573e-05	7.9092004473329873357e-06	-2.7866604747485474076e-05
5	2	4	4.9581295569608420666e-06	-4.8326728831588012186e-06	-4.5106747360059487237e-07	4.4759702554330864596e-06	-5.9721282094007551206e-06	3.8028559762319578699e-06
5	2	5	-5.3957021705082457073e-07	7.8173468662249108166e-07	-6.8817657149597353898e-07	-1.4848804732769416187e-06	8.1484084564921396515e-07	-1.877824973117145136e-07
5	2	6	3.5194241715010137822e-07	-3.6006744922275349704e-07	-1.8783213298349724725e-07	9.8482352379809336369e-08	-2.3067463663058539944e-07	2.6722875689235813541e-07
5	3	-6	1.9251199809127623363e-07	-1.9784038709405581333e-07	3.2519175000679877371e-07	-1.1725878270237186419e-07	3.2302254007946290605e-07	-2.2349638059623242776e-07
5	3	-5	1.1228215832535979753e-05	-4.6507120840799306893e-06	1.9297768737802812438e-06	-4.6892492534863930814e-07	1.2386081956804149431e-05	-4.9320670392891136706e-06
5	3	-4	2.1477932999928601976e-06	-4.6583051526766320378e-07	9.2490138460828545618e-07	1.8486674363754448256e-06	3.3784176634472896568e-06	8.0421243319700468065e-07
5	3	-3	-7.1537121774006248007e-06	3.2443483625384981239e-06	-1.3445511195077454716e-06	-1.1184148800074731372e-05	-1.3267404748508787371e-05	-5.7769015291772336519e-06
5	3	-2	-6.6988870490485564438e-06	-8.8023876656774131528e-06	3.1617637568622583837e-05	3.976184705007126129e-06	3.0679238730312484646e-05	-1.6041692106682844959e-05
5	3	-1	3.2020057993125521643e-05	9.4346526066606635545e-06	-5.0953726545613099155e-05	-2.6040863147707504841e-05	7.2391103287883073602e-06	-3.0949326409819195058e-05
5	3	0	-4.6454667643607055533e-06	-5.2112838490908109794e-06	7.7424446072678431536e-06	8.6854730818180188637e-06	-2.0752693660438371561e-05	7.2196547945960372339e-05
5	3	1	5.8907580262817710041e-06	-4.1872855982649483876e-07	-7.0181597021239824661e-06	1.2440003702037878881e-05	-8.3993110250369076224e-06	-3.5226368306981163561e-05
5	3	2	-8.1001954792944068189e-06	1.0945969912585108353e-05	9.2812069308914818071e-08	2.6968842414846365428e-06	2.0111270594272643702e-05	-3.1410251143689726331e-05
5	3	3	-6.0511249920367951047e-07	4.5919413603116574413e-06	1.4411258422384443413e-05	-4.3450117522798649506e-06	-1.3402737590378310966e-05	-3.3082238482395638358e-06
5	3	4	-5.4985304713445775074e-07	3.5774430258533043254e-07	-2.2107094850584976428e-06	4.4196703299775829112e-07	2.3453484227119454999e-06	-7.7865565297998177226e-07
5	3	5	2.959856792266617165e-07	1.9281591347679105514e-06	-3.8926755647269337295e-06	-2.1853219785020931378e-06	2.0396196596094984153e-06	-6.169659476666548593e-07
5	3	6	-3.006951993821642598e-07	-1.6735338070055278531e-08	3.3078395574984735293e-07	5.7934661906349435792e-07	8.5187354943546548852e-08	-2.7572719447336778405e-07
5	4	-6	3.5193644348318499614e-08	-2.2952919279584579181e-07	-1.9069200379492830658e-07	1.2252300478465620287e-07	-9.7799965573020112555e-08	-1.0959232414010069567e-07
5	4	-5	1.7507661493131507869e-05	3.9835020669774486371e-06	2.7299428536000725968e-05	-7.8565120909079630944e-06	3.9347204321932089321e-05	-2.3017076057489218384e-06
5	4	-4	-3.2554512688017840682e-07	-3.2049655365694767061e-07	-5.6661727402904432178e-07	1.6253055493367098247e-07	-9.7354868262926719796e-07	-2.3809013713751357932e-07
5	4	-3	1.9832904489370096613e-06	2.1589283906199239914e-06	-3.8962286405760457054e-06	-4.2153373711739206841e-06	-1.8894874392063778188e-06	-2.0222358438653542598e-06
5	4	-2	-8.9738353365359810825e-07	-1.3594793717270009565e-07	3.7374341943361286633e-06	1.7100635088501778957e-06	5.2314095545382616325e-06	3.0802571747686055788e-06
5	4	-1	4.5977274493138053596e-07	-9.4775829339707365313e-06	-2.0783157213314226383e-06	9.6348562858666430257e-06	-6.0143991606687882969e-06	-8.8484895263871054714e-06
5	4	0	6.0257863245235103217e-06	-1.099669363819992868e-06	-7.5322329056543879021e-06	1.3745867047749910849e-06	1.8958742313963339809e-05	8.8456416907497095948e-06
5	4	1	-1.0174313790808042735e-05	-2.3283167578515187495e-06	1.6583698886752564757e-05	2.187102200150113432e-06	-1.5463226592970048741e-05	2.8931749886571391726e-06
5	4	2	3.6776937157380512813e-06	4.7818764434029396108e-06	-5.513691057558311071e-06	-6.8515603887584397143e-06	1.8331478257714933035e-06	1.7484296690095312486e-06
5	4	3	-2.7301665617416712211e-06	-8.7564312887996875378e-07	6.1186094956824091184e-06	1.6213697251376547397e-06	-3.6078683913404267894e-06	-7.0242108538359176527e-07
5	4	4	1.7218150055117481713e-06	5.8077064651059902365e-07	1.7147170597919124008e-07	1.6919604766379253387e-06	-2.3237404628688765601e-06	-2.4179237847761740389e-06
5	4	5	-1.7516700845365526832e-05	3.7786142875446012389e-05	-3.0384902409122937497e-05	-2.3610146167641493393e-05	4.1824622772663880895e-05	-1.8898025941332819707e-05
5	4	6	4.0862432764124146375e-07	-6.2341886729891692064e-08	-3.1816591420905709909e-07	3.6714782495627102439e-07	-1.2840966356166317138e-07	-1.9281364436260429714e-07
5	5	-6	1.3781610963932728504e-06	-4.8664752805312099589e-07	6.5363182391220387982e-07	-1.0762775812926298321e-06	1.6931607669212306261e-06	-1.3024375911214589175e-06
5	5	-5	0.00010611401420886790875	0.00029534021179166770107	0.00021206458491712881862	-0.00027909299194516580837	0.00031817859912599671382	1.6247219846501892698e-05
5	5	-4	-8.3076959054581033296e-05	1.0116577215023494029e-05	3.0876206137575461284e-05	-2.1621905270032464535e-05	-6.5250941146256956544e-05	-1.4381660068761213556e-05
5	5	-3	8.1374061619246398165e-07	-3.518290799200407599e-06	-1.2136411124057793034e-07	6.4907409921508650423e-06	1.1539608415864767434e-06	4.9540836549174280839e-06
5	5	-2	1.3954285925234883546e-06	1.07040389241902115e-06	-1.2010822262777191613e-06	-1.1683070064314933031e-06	4.8586591561442351267e-07	-2.4475778503118032967e-07
5	5	-1	-4.1906108892273446595e-06	3.7195126740192184868e-06	4.8473173198070402732e-06	-4.5345658993985931966e-06	3.2835321528984776449e-06	-4.0752661268968739725e-06
5	5	0	-1.4743204196281063439e-06	-9.1117393148691172496e-06	1.4743204196281063439e-06	9.1117393148691172496e-06	-1.7363864553395411021e-06	1.6092547668596925472e-08
5	5	1	1.9646134929560024942e-06	6.4593162566808482895e-06	-2.2628809547997182334e-06	-8.1919553055650731001e-06	1.4913373092185791198e-06	8.6631952444211181237e-06
5	5	2	-7.6841959250863857018e-07	4.4288189615907041727e-06	1.0827795726438577427e-06	-3.9183903507956853625e-06	-7.8589995033804777241e-07	-1.2760715269875472372e-06
5	5	3	9.901194539737597934e-06	3.738872669736999306e-06	-4.840172806536700064e-06	-6.7742571265333438206e-06	-8.4350362220014958852e-06	5.058974094660574332e-06
5	5	4	4.2415793688949882741e-05	-2.7768641199896940589e-06	-2.0352498230986365731e-05	-1.272843587524729358e-05	-2.7579119322454397957e-05	1.9381624994046235184e-05
5	5	5	-6.1721226810169116926e-05	7.942803720481623976e-05	-1.3151513371182964733e-05	-7.9065525492506377693e-05	7.4872740181352079964e-05	-3.6251171230985799092e-07
5	5	6	3.7539376126606312006e-07	2.0406293405396345436e-07	-8.7953528488018009129e-07	2.7683094424700386782e-07	4.2011793634509743191e-07	-4.0074489858413944397e-07
5	6	-6	1.2446111797287787976e-06	-2.9590788996487712022e-07	9.7300343080108267283e-07	6.0730282221021278361e-07	2.0101794139083983728e-06	3.6071291390614852558e-07
5	6	-5	9.8291912473389842422e-07	1.9485464974669193548e-06	1.0262958472556562963e-07	-5.2002909229653307303e-07	1.1060746264045771904e-06	1.3245115867110795824e-06
5	6	-4	2.2364759546727173917e-07	-2.9566612099322258256e-07	-7.4444342038148178132e-08	4.2600857121013314338e-07	1.6789298127686740015e-07	2.6943020557367148688e-07
5	6	-3	3.3038361129666084305e-07	-1.6904783435592372693e-08	-4.2619826817932355382e-07	-3.2028940950091792569e-08	-3.0175718419754579079e-07	-9.2232520959504214015e-08
5	6	-2	-4.5293481128506629301e-08	-4.1532300494365487634e-07	-1.9038167783757792543e-07	2.5676626231819812602e-07	-6.8437873633400034953e-07	-2.6800872540454278633e-07
5	6	-1	1.4546045563411302625e-06	1.5057271747263460416e-07	-1.4202516456174027525e-06	-7.2729149603692625579e-09	-1.2484870919987652022e-06	7.0922609760095741735e-07
5	6	0	-1.2017081347674365592e-06	3.7972012906732885523e-07	1.0014234456395302896e-06	-3.1643344088944073034e-07	-5.4639263442009460304e-07	-1.0152613589157218693e-06
5	6	1	9.3219749158923397026e-07	4.8052888218155446784e-07	-8.3531136136069531603e-07	-3.3788463671324826308e-07	3.5088071021800209783e-07	-3.7533659062828276072e-07
5	6	2	-4.7372638681870256742e-07	-6.9662679690725001113e-08	8.5310740971351839151e-08	-8.13095378261467223e-08	9.2838374413270092756e-07	4.1808531270525270277e-07
5	6	3	2.4071908812668555764e-07	1.1475059227712704693e-07	3.5487195625397616097e-08	-2.0588242986670646336e-07	-4.7217287146193779297e-07	2.2051387260486781321e-07
5	6	4	-9.8242110651657878612e-08	3.3764215864074008886e-08	-5.7234288721019849737e-08	1.2025659079933933882e-07	2.0865407139610212287e-07	-2.2259015602910153092e-07
5	6	5	-2.9909944190388744842e-07	1.0864596404443831502e-06	6.3033133541396287403e-08	1.9911509524320419642e-07	2.2345968165421193001e-07	-1.3253977547362280695e-06
5	6	6	7.6058923573320451828e-07	-4.0177362079372692017e-07	1.7925574765441078214e-07	9.258654374200123873e-07	-8.1308011076541449443e-07	-5.9105408675857331363e-07
6	-6	-6	-2.0243841420830841015e-06	2.7074738884789688145e-07	-8.5828453243440879656e-07	-5.3361694764690602332e-06	-1.1660996096486753049e-06	5.6069168653169573264e-06
6	-6	-5	-9.895814031923467877e-07	1.8196652055531298902e-06	3.1406687231300280259e-07	1.8454382793866694722e-06	-1.564377930606419466e-06	-3.0927688600247612281e-08
6	-6	-4	1.4512884556648390469e-06	-1.5701753208210951696e-06	1.7759602051926951035e-06	-2.1166772995219702048e-07	-4.8700762429178429666e-07	-2.0377613863033471708e-06
6	-6	-3	-3.7919128938249334449e-08	5.3689134339612336189e-08	-5.6996280385820182425e-07	-5.9477791125956840473e-07	1.0640873498399048076e-06	1.2969340911983614818e-06
6	-6	-2	4.4458007317125473729e-07	6.862095696376801516e-07	2.6453868615506416085e-07	4.9709748698152013728e-07	5.4012416104857162345e-07	5.6733624796848025473e-07
6	-6	-1	-4.7844016335167584774e-07	-9.0514121672264997839e-08	-3.2715600636344737527e-07	-3.1788613350615221174e-07	-9.077049419293705172e-07	1.3642320710033233099e-06
6	-6	0	3.4620534116870647866e-07	-8.3949980763205101675e-08	3.4620534116870647866e-07	-8.3949980763205101675e-08	-9.5591612008284898747e-07	-1.6048582987883693568e-06
6	-6	1	-4.689120067868688908e-07	-1.939880201891802786e-07	-4.8618711326737955277e-07	-1.3265783861685594303e-07	-1.0365063888306398506e-07	3.679810894339459605e-07
6	-6	2	1.7081655357251733131e-07	3.7174571949772271281e-07	-1.4081666386767268315e-07	-6.7564572285800343798e-08	-9.348996523205700434e-07	-1.3179308753505691434e-06
6	-6	3	-2.5296643561164683873e-07	-7.2488763900750911887e-08	-2.037997082338366979e-08	7.7840400537761825119e-08	4.6517292957652626509e-07	3.0065832887702544754e-07
6	-6	4	9.3498761090397261534e-07	-8.2677093528693091662e-07	1.1968176736528929646e-06	-8.0771264512884518312e-07	3.9274509412338068274e-07	2.8587435237128610183e-08
6	-6	5	-1.3312118780349233835e-07	1.7362283769001725536e-08	3.7469228626038587842e-07	1.107188103521726454e-06	6.0937616887665389189e-07	1.3077909837032696503e-06
6	-6	6	-5.2314396048617769236e-06	-2.3225993665994316994e-06	-1.4649743295734477657e-06	-2.1113761694427954437e-06	3.7664652752883289461e-06	2.1122319715663633506e-07
6	-5	-6	-2.0778444677659959098e-06	-2.7709132171466835519e-07	-2.4589837609474521384e-06	-2.8275804647660249471e-07	-2.8691333643119220437e-08	-4.1459616317499598575e-08
6	-5	-5	6.232853604640432626e-07	-5.3986084660986559126e-07	-9.7072472299351414269e-07	-2.4470227726867960728e-07	1.7186671555503659308e-06	-4.031307386631590493e-07
6	-5	-4	8.1865718877047367924e-07	9.5286130640440184828e-07	7.6562758134258789583e-07	7.9074200023415897695e-07	2.7095130647747559614e-07	4.4086445931390407769e-07
6	-5	-3	-4.3458472159890649438e-07	-8.56621713612353996e-08	-7.9764011112265324924e-07	-1.8647310329050258329e-08	4.6023074200660905801e-07	-1.4024549217405371081e-07
6	-5	-2	-1.2526865189040646329e-08	-2.6276172050562466859e-07	-1.5565551581887652841e-07	-4.0617381583777203023e-07	3.5155819398006938701e-07	2.2714937807755617569e-07
6	-5	-1	-1.8286056868547960392e-07	-2.0892621643650799058e-07	-1.837174411391762895e-07	-2.6163274004848631735e-07	-1.7857620641699614956e-07	5.4606401623383451319e-08
6	-5	0	-2.5311311588450059439e-07	1.6598417439123714164e-07	-3.0373573906140067091e-07	1.9918100926948458585e-07	1.1661976911202676825e-07	-3.9381846962780607056e-07
6	-5	1	3.4326031535562370818e-07	-1.350276214394843266e-07	2.997827221712958195e-07	-1.1265102584227991987e-07	-5.606482812772632045e-07	2.4691059942550645289e-07
6	-5	2	9.4751522783518588868e-09	5.3702949110774072986e-07	6.1545042606260675169e-08	6.4795856680125878331e-07	1.2543714968059613277e-07	8.8079436799248745676e-09
6	-5	3	-8.6702530843162954255e-08	2.3002422354676380133e-07	-5.5662030798355757797e-07	1.5601094729913937277e-07	-7.5429545161960337046e-07	-2.000302015949619902e-07
6	-5	4	1.8641124355524216264e-07	4.884709258123459418e-07	-2.2455222589381333969e-07	4.9690951157452820105e-07	-5.6030714770012995167e-07	-1.1156949925035866138e-07
6	-5	5	-9.4728204314676677081e-07	2.3358653189482758055e-07	2.3922660993463758107e-07	-2.8897132762029765483e-07	1.3759650617107576637e-06	-5.6927516589409071973e-07
6	-5	6	-5.1311520089446423474e-07	4.0332544223648258132e-07	-9.1610049764165605201e-07	-9.1680824885562833251e-07	-2.5030188047358252821e-07	-1.1673323162828394898e-06
6	-4	-6	2.0634729181723073972e-07	1.1378886093352477429e-07	6.3641616398808154362e-07	1.1724789434051332695e-06	-2.1793015084149026289e-07	-6.6786376800323075196e-07
6	-4	-5	-1.6819173099434489552e-07	1.4746071395652766936e-07	-3.6261145051769172235e-07	5.6623361624495213114e-07	8.8259083220939497959e-08	-2.7603403624812844874e-07
6	-4	-4	2.2080491697375610117e-07	-2.0567952747154959867e-07	-2.2569958167909325823e-08	-4.0414431432416702288e-07	3.5377733362854349412e-07	9.5625023116842638101e-08
6	-4	-3	-6.8249788643583687025e-07	-4.8316423648272907313e-08	-1.3535179199773256012e-06	8.901080699645575024e-07	4.3969478709809376309e-07	-1.2834436072492891732e-06
6	-4	-2	-5.1460961907358034392e-07	4.2518669302718560746e-07	-2.7882846842124388028e-06	-1.3201790403961340873e-06	4.0327405112041362563e-06	3.915918159873824997e-06
6	-4	-1	1.1598831744610919735e-06	-4.3746283524445160569e-06	1.7790557306916057556e-06	-6.9637310364867570722e-06	-1.5692387599987128706e-07	1.6071540312799344888e-06
6	-4	0	-3.5023937560632863084e-07	1.4813560242235132025e-06	-5.2535906340949291979e-07	2.2220340363352699096e-06	-2.6361671088893820188e-06	-2.6298328785968620265e-06
6	-4	1	-1.2801970624150480221e-06	8.3724600310981434344e-07	-2.824648887851726374e-06	9.4833754379620039707e-07	-3.6174131769166186337e-06	-1.2301258434740844724e-06
6	-4	2	5.7966990857902487935e-07	1.9023349487921625408e-07	-2.9478063138879067303e-07	-8.293188331300698691e-08	-2.3285709885146561959e-06	-7.3656425126366270959e-07
6	-4	3	-3.7342349560640384758e-07	-1.7419332402545298358e-07	-4.6782903034293230293e-07	-3.5912272380865746457e-07	1.2307495075556467753e-07	-1.3044365036063732777e-07
6	-4	4	1.8743421391008307665e-07	-2.852919774446808695e-07	-2.1612829153613663581e-07	3.6506057897969661745e-07	-4.9727961240126125078e-07	7.9299854514671794817e-07
6	-4	5	-2.6607668515819341153e-07	-1.7943048504529312651e-07	-3.5702309613153856306e-07	-7.9949973268298777158e-07	3.3673545284601242065e-08	-4.242832040920385078e-07
6	-4	6	1.6094116853182796521e-07	-6.2665496655959070643e-07	1.7532947594543244419e-07	-1.1808399357050995607e-06	-4.4054851234873006831e-08	-1.6057165724380902715e-07
6	-3	-6	5.3769750591128396249e-08	-1.33649404932663787e-07	-1.1293554808723120214e-06	-1.1125583490350131104e-06	6.1844749102728440031e-07	4.2262976958484276818e-07
6	-3	-5	-1.439904639442134803e-07	4.7074965276870223699e-08	3.0381231075322758921e-08	3.704739488066384581e-07	-1.9101729537824982245e-07	-1.6579441095173880642e-07
6	-3	-4	-5.241376842263342278e-08	3.0727937950075074422e-07	1.3486423713139213783e-06	8.9914803796039155277e-07	-1.0901024311193911778e-06	-2.1344195921916752177e-07
6	-3	-3	-2.5818704429031610421e-08	1.4543399572662328195e-06	-2.3091680411371764148e-06	2.5024161014485042914e-07	2.2575306322791131675e-06	2.6584383043876148392e-06
6	-3	-2	4.0474682765412340536e-06	-1.1857917162852853125e-06	1.3084476849350316758e-05	1.0520617797607387195e-06	-7.4843104444017738232e-06	-5.1354678184969636991e-06
6	-3	-1	-4.6567614370140359862e-06	-5.654204388168108554e-07	-7.4936383233197607849e-06	2.9064150566841881242e-07	-5.4596536521249327157e-06	-4.2644471499061219931e-06
6	-3	0	1.8070599494566307071e-06	-1.7465077238621369067e-06	3.6141198989132614143e-06	-3.4930154477242738135e-06	6.1470832686035015055e-06	-6.0942897092496189972e-06
6	-3	1	-1.1224193296316468312e-06	1.5189402112983100674e-07	-2.8574949462772214376e-06	3.5592663890682406848e-07	-1.8379688610417841724e-06	1.5641578994148619148e-07
6	-3	2	-5.7069607388912735191e-07	3.4960985842119848153e-08	2.6750295862732428491e-06	-3.1133501412883024844e-06	5.7246326010772462234e-06	-4.7749081694588132909e-06
6	-3	3	2.4977136800269137954e-08	-5.0829213727825670597e-07	-6.6750992353748323295e-07	3.5521449077381191235e-06	-7.1746419713802152871e-07	4.568729182294632959e-06
6	-3	4	1.0780483918077719595e-08	-1.3764189285986696673e-07	1.0727530701690586044e-06	-3.0981621199111163438e-07	7.8839407674967746492e-07	-2.5899319703533275688e-08
6	-3	5	3.6647212838026899828e-07	-1.9573198363346194067e-07	8.8977404998459748007e-07	-6.1649585140469776305e-07	9.409787593443571923e-08	-1.3501913048266432902e-07
6	-3	6	2.3296365294451935454e-08	1.3371024776998631573e-06	3.2968528363839917477e-07	3.5160019516119701553e-06	1.41546276524747642e-07	4.2089849810612202623e-07
6	-2	-6	3.0605981547863988849e-07	-1.1416256572140088642e-07	5.8152440109735531861e-08	-1.4345946361813108094e-06	2.8667566877539469135e-07	3.6403564633903600592e-07
6	-2	-5	1.1855225591681160115e-07	-4.7765725924826785832e-07	-5.1916852004148416735e-07	-4.5361507039615391294e-08	3.4993011511676757244e-07	-5.5504410828207531053e-07
6	-2	-4	-4.6960738048294300123e-08	-4.2698889254039441221e-07	-3.3174336312008672098e-07	3.3909920066662363355e-07	9.5430574487601906996e-08	-8.1003293914390340863e-07
6	-2	-3	1.5315602511321288762e-06	-1.776746240416220652e-06	-1.3798867963668858372e-06	-2.0073169773523977842e-06	3.9830450331755154006e-06	-2.215281162597509589e-06
6	-2	-2	2.7194854925812082404e-07	-4.7974309228888892406e-06	7.3104179607137534334e-06	-1.0648053656041253239e-05	-6.4945723129393908554e-06	-3.7442391126254149067e-06
6	-2	-1	6.8903736115259314531e-06	-2.136311009990491745e-06	1.5459502341338091384e-05	-3.1955497506203459569e-07	1.042323698647940595e-05	-1.2178756109818882761e-05
6	-2	0	-1.3326501669325627661e-05	-2.9141528338187127036e-06	-3.9979505007976881288e-05	-8.7424585014561372639e-06	-8.6187189162355138761e-06	-5.5625668891027463313e-06
6	-2	1	-3.1112116009731905687e-06	1.8869978511623497819e-06	-1.0163245814930230127e-05	7.3750749935761316314e-06	-1.6592220240213189596e-06	3.4281628801781641477e-06
6	-2	2	-3.8305983210833763716e-06	-6.2566043864429672914e-07	-1.3757169646793778481e-07	-2.5288361822545295878e-06	1.1354223266782190006e-05	-6.5185486632163950622e-07
6	-2	3	7.1105680298179669204e-07	1.028461777899757704e-06	-5.9295032881870441511e-06	8.1837134149444170137e-06	-5.3751157980882899789e-06	3.3988853874967626011e-06
6	-2	4	-6.1900028395705690717e-07	5.1687772684417555096e-07	1.5080408507367860596e-06	-3.9675487246957737791e-07	1.6825208513039784435e-06	-9.7369402650105198893e-07
6	-2	5	2.3681276455717351667e-07	-4.9996388645265668206e-10	1.922682054645789243e-07	-3.385341479928391967e-07	-2.0726803528277667675e-07	-1.3481370253339248541e-07
6	-2	6	5.7971348812041986278e-07	1.3652276389503069741e-06	1.9624049328273467834e-06	3.2692405922734381644e-06	7.4421489488695687568e-08	-2.7548077485916095461e-07
6	-1	-6	-2.8062853242863894589e-08	-2.821946252031265571e-07	1.2554254145297106353e-06	-9.7003211611288520345e-07	-2.3730042233114899605e-07	-1.2052260585097900555e-07
6	-1	-5	8.8434332933545479463e-07	6.3366026699167582346e-07	-1.7834817683564788458e-08	-4.1349196075151451904e-07	1.064778958739258872e-06	8.4309071254031395548e-07
6	-1	-4	8.5333230717953629237e-07	1.7073999004066824454e-07	2.2258695442944966262e-06	1.46765767728184327e-06	7.2353107469568033494e-07	-1.1080443425945845071e-07
6	-1	-3	-5.743592848639979181e-07	4.9228059136102771448e-07	-4.8989374972268377313e-06	-5.3853923742943700018e-06	4.8426059601428337228e-07	2.7796919741535121668e-06
6	-1	-2	-5.6363427246197601499e-07	-5.9622323765531734838e-06	-8.1831958645328827073e-08	-1.9855236502781168225e-06	-1.649986838063263605e-06	-1.6893935304520460558e-05
6	-1	-1	8.0457449819862211164e-06	4.1739135451262996795e-06	2.0197155802910791566e-05	9.3959177090348908537e-06	2.8077314089006535133e-05	1.5647563561722907223e-05
6	-1	0	1.7089201889057712775e-05	-8.5088565387190772537e-06	0.00010253521133434626987	-5.1053139232314460134e-05	-9.0811232115491735917e-06	-4.9210461173663577171e-07
6	-1	1	6.430799422579926329e-06	-7.297912734884001559e-06	1.6922963081045399084e-05	-3.0104152442639388511e-05	-2.1661833454434155502e-05	1.3683323966664619149e-05
6	-1	2	2.7981507733622287667e-06	8.8341002514423324672e-06	6.3137806077354821684e-06	-3.0280141490827005214e-06	-5.2375620162189452159e-06	-2.8016307828868346604e-05
6	-1	3	1.4963937946981140924e-06	-5.6898921950249435313e-06	-1.6079537780891277072e-05	-1.5744401263398162667e-06	-8.3526335163599876323e-06	1.0854971014603282629e-05
6	-1	4	-1.5712930553705576456e-06	2.0124615678292205086e-06	3.5792070601952543909e-06	-1.7876408315412818287e-06	3.2517413481046498543e-06	-3.4656025596291510612e-06
6	-1	5	5.8332972176207047699e-07	-1.1269726192954682367e-06	-4.9607865244493264252e-08	3.5539541468121084903e-07	-7.0991723916338316304e-07	1.4234462260908040221e-06
6	-1	6	1.3781263571791864712e-07	2.7979206453011902651e-08	2.308934000648786442e-07	2.0197521604495468721e-06	-9.9330402373772219655e-08	3.0864615362191257603e-07
6	0	-6	6.9848071977061739936e-08	-8.0961133208188052697e-07	-3.2520818191807641056e-07	-1.1675916595618845708e-06	6.9848071977061739936e-08	-8.0961133208188052697e-07
6	0	-5	6.7788014644026960023e-07	5.2213608050141347155e-08	-1.6789056181438056833e-07	-5.7822680265732676646e-08	8.1345617572832358381e-07	6.2656329660169621881e-08
6	0	-4	1.3011584316825336551e-06	4.0042178984032139906e-06	-2.2839748479621328562e-06	4.8348747485318070484e-07	1.9517376475238002709e-06	6.0063268476048205623e-06
6	0	-3	-4.6776716867062663533e-06	-2.7090556692751248237e-06	1.8724198259502501399e-06	6.1417527863160498533e-06	-9.3553433734125327067e-06	-5.4181113385502496473e-06
6	0	-2	6.7087152437043859863e-06	-5.7539122043292636159e-06	7.0970549399688620228e-06	8.2989537350268188283e-06	2.0126145731113157959e-05	-1.7261736612987792542e-05
6	0	-1	1.2080322652642860941e-06	-9.1911597401239762407e-06	4.1622373159412009904e-05	-2.6593795690617290144e-06	7.2481935915857161412e-06	-5.5146958440743860832e-05
6	0	0	0	0	7.3754351109125347542e-05	0.00010437614323534097848	2.5361004058348129747e-05	-7.2452231664043846123e-06
6	0	1	5.154534141375347212e-07	-3.7941454531223334154e-07	6.3861670663160547938e-06	-3.5330031817577485281e-05	-3.0927204848252081154e-06	2.2764872718734000493e-06
6	0	2	4.0413610980153246108e-06	-1.1786057679896751256e-05	-9.3014904304740360824e-06	5.3232526893934596534e-06	-1.2124083294045972985e-05	3.5358173039690252073e-05
6	0	3	3.0347190035069711779e-06	-1.2438720988256975315e-06	8.0882350493795684835e-06	1.3526389774243074063e-06	-6.0694380070139423557e-06	2.4877441976513950629e-06
6	0	4	1.0810326430441387196e-06	9.1684180888494528519e-08	-2.1765478867398829611e-06	-3.0654190063026758187e-07	-1.6215489645662080794e-06	-1.3752627133274179278e-07
6	0	5	7.2409950542978524191e-07	4.520238650889934487e-07	-2.6563945184356620887e-07	-5.8822651776533724014e-07	-8.6891940651574231147e-07	-5.4242863810679211726e-07
6	0	6	2.6432666460997585517e-07	2.4217459697623305316e-07	-2.3912210122298068007e-08	-1.672271135867645831e-07	-2.6432666460997585517e-07	-2.4217459697623305316e-07
6	1	-6	1.8128900395368830576e-07	1.325960793249822694e-06	1.1487530477816550813e-06	1.6238705284667268582e-06	3.7274784525063081931e-07	1.5966058813276104684e-06
6	1	-5	-5.8758182701162354991e-07	-2.9992619270907633722e-07	-6.4539370261360953298e-07	-3.3733858056387974507e-07	-8.3417693293667016648e-07	-4.2737914736366754309e-07
6	1	-4	-1.548404631940528906e-06	8.4397267403403597246e-07	-4.191999258660974019e-06	5.8949723074229946112e-06	-3.3706067625760371814e-06	2.7397020879068028233e-06
6	1	-3	-2.8908860800178847189e-06	-2.7414042457887681617e-07	-2.5638067849170473806e-07	-1.0914237454886500619e-05	-5.8672323861996709466e-06	-4.1863600007865869955e-06
6	1	-2	-3.465089227723745253e-06	3.8059530503088766092e-07	5.6610860123484646665e-06	-2.8166645251867517336e-06	-7.5647246769970034256e-06	-2.6654634750071283109e-07
6	1	-1	1.134784317816979002e-05	-5.4699488078470884759e-06	-2.4779946969651641222e-05	1.6723144887880568582e-05	4.3307112099367092121e-05	-1.6096547959201962274e-05
6	1	0	-1.7454741923203133397e-05	1.8461339254398802223e-06	0.00010472845153921880716	-1.107680355263928091e-05	-5.0242263294309251833e-05	-6.5249996539126016695e-07
6	1	1	-2.6135523191104295863e-06	1.9824646018219572709e-06	-4.8607624545591599844e-06	-6.0000944676513783888e-06	2.0542076369221738349e-05	-5.8946931432803652365e-06
6	1	2	1.5019876474821910341e-06	-2.0311560938881267506e-06	-2.3706307024359492217e-06	-8.030663900698643739e-06	-3.3206475912285984915e-06	1.0108800232013702121e-05
6	1	3	1.1748780336171310606e-06	2.0686924868163291102e-06	9.2947657630586247757e-06	-9.0034182070067133026e-07	-5.4480113215871370463e-06	-3.8372710333991006868e-06
6	1	4	5.5343085964783916612e-07	-1.3426053959760204489e-06	-2.343156716189145499e-07	8.3985651346862564464e-07	-7.7156737156703017787e-07	1.8039439655968741827e-06
6	1	5	2.9028198543860009566e-07	-3.4462089387695495021e-07	-5.8276734227230612681e-07	-6.7829618704514036221e-07	-2.3178491407185890002e-07	5.4920431006137403387e-07
6	1	6	-4.1217704226208553883e-07	7.6109414611890738442e-07	3.1630652555941282386e-08	-1.3141397627707532601e-06	4.0690526683609527878e-07	-5.4207085232378184108e-07
6	2	-6	7.1669468676292964189e-08	-6.7687645000487461849e-07	1.6451053258101365368e-07	5.6376621304467511066e-07	1.2650631286996419532e-07	-4.8895437898998298553e-07
6	2	-5	3.3017791474437357248e-07	9.4655715527584141773e-08	-8.6622103613550730812e-07	-1.9662568197057377212e-07	4.9725083239045357114e-08	3.4936585844871465248e-08
6	2	-4	-3.4180290539194703256e-07	7.3863675644588231263e-07	2.8727389776845672389e-07	4.4899297616268888506e-08	-3.690674092036921869e-07	1.1304047834769577908e-06
6	2	-3	4.4043689814894742419e-07	3.2807941048373024408e-06	-1.2546991121635707312e-06	-1.012342349615236601e-05	4.4407721522181091552e-08	-1.8736078776030572116e-07
6	2	-2	-2.3025149775492467e-07	-3.7888580810361735293e-06	5.5463995158857525128e-06	1.6661044680571248862e-06	4.8556450226209782646e-06	-9.7004697750513944313e-06
6	2	-1	-1.0851555606578290254e-06	-1.8118647741335104774e-06	7.9207755047053511366e-06	2.6909835834896345951e-06	9.3306176454637306618e-06	-5.489221477821794521e-06
6	2	0	-7.2697654360623452527e-07	7.4493549876658488637e-06	2.1809296308187037876e-06	-2.2348064962997546591e-05	3.9128880386374555937e-05	-1.8720666917172139462e-05
6	2	1	-6.1381557075833334843e-07	-3.5868523026851186817e-06	3.970718566053235765e-06	1.5822419703416488978e-06	-4.2585437075564712276e-06	1.8356629875427415142e-05
6	2	2	1.324781857762379781e-06	1.8087247520365403052e-06	4.4503948072629724922e-06	3.9132658645736227024e-06	-8.4247403805501126821e-06	-9.3394401206832436179e-06
6	2	3	1.5934376882528427071e-06	-4.6732949932369472499e-07	-9.3039495016960597781e-07	6.9115052357750362654e-06	-2.5666120763926149034e-06	-3.6730111585359679897e-06
6	2	4	-3.0199879207165167151e-07	6.3138980820866612599e-07	-5.9172106495559965056e-07	-5.4068897421139472281e-06	7.4885872058527733255e-07	1.7563601587439743721e-06
6	2	5	-2.2892855929075646e-07	-3.2108361295513175565e-07	-2.8176061975743917404e-07	-2.4582288615633861846e-07	3.8741851905188345338e-07	4.8362949000869346946e-07
6	2	6	-8.6415343325917141364e-07	7.1160719902247449192e-07	1.379763413140690539e-06	5.9480504509649239448e-07	4.0423229554560788299e-07	-9.0987554738797188616e-07
6	3	-6	7.3552929436064243809e-07	-4.7906887867241421409e-07	-1.6309696343479114724e-06	1.9147401442227306996e-06	-7.9955522813313324562e-08	4.7830119343895113569e-07
6	3	-5	-8.2642108406218844363e-08	-2.2196115599329566298e-08	-5.9425525968736319641e-07	3.5825069215215850125e-07	-4.5572368589988053108e-07	1.8831507657209961855e-07
6	3	-4	2.231349620614088435e-07	5.5297005750553716474e-07	-4.876976306972974127e-07	9.3115149859351673164e-07	-3.107077993085976781e-08	1.5278187102034432429e-06
6	3	-3	-8.2178535319849140436e-07	7.0940151135819955429e-07	5.4880347438943153274e-06	-1.9759092189908504448e-06	3.8444640374973329422e-06	-5.571061962744512303e-07
6	3	-2	1.4061646829586519613e-06	5.0362768218538202743e-07	-8.5661567728075897272e-06	-1.3985734122628704796e-06	-8.6307411103354289187e-06	-5.8697707183815953125e-07
6	3	-1	-3.551495035310992058e-06	2.3979092287110032297e-06	9.654717571684075212e-06	-3.8689455097753139726e-06	7.6551825031862766758e-06	2.7806188429400783071e-06
6	3	0	2.4599476834670677453e-06	6.6394554730297463869e-07	-4.9198953669341354906e-06	-1.3278910946059492774e-06	-1.7656634362103913569e-06	2.4603696181500496551e-06
6	3	1	1.9455679848097015084e-08	-1.3028365533753067213e-06	1.8411372045338559648e-06	5.1344876019690259677e-06	-5.6401456926901503223e-06	-7.5864434856552367283e-06
6	3	2	9.9715477687566342103e-08	-2.5313398617544058507e-07	-5.0379404245519298142e-06	2.8814470830848569687e-08	7.2577642037651952185e-06	7.1618025228004895692e-07
6	3	3	2.978790188077759174e-08	-1.1138555402141251816e-06	1.0479867181774845925e-07	4.7565158533275365464e-06	-1.6437447557930363611e-07	-2.5288047728992861831e-06
6	3	4	-2.2808366297334844038e-07	-2.9852184310580210872e-07	1.8939427125977849478e-06	-5.494435990123595418e-07	-1.0783315399883159973e-06	8.5986546391797289884e-07
6	3	5	1.669935013458017924e-07	-6.6369241893503481895e-09	-3.0759766051074398948e-07	1.4210158083905500462e-07	-1.5833605308515751235e-08	-7.7296639476212598179e-08
6	3	6	4.5471510632438745977e-08	2.1171787076490701025e-07	1.512690859329346018e-07	-4.4035854619340406541e-07	-1.2110605359890606011e-07	8.4614023317950241147e-09
6	4	-6	6.5192591654250503847e-08	6.1656635234450796332e-07	1.6072070517942264778e-06	3.3653724131246216118e-08	1.136663959517068169e-06	6.3900216843200540544e-07
6	4	-5	-5.1976827615702965923e-08	7.3575207082353683433e-08	-1.7204956964723656961e-07	8.5762413473219413958e-08	-2.000118488566328042e-07	1.5690017927739995129e-07
6	4	-4	-4.709329506540461679e-08	2.2561849411674438824e-08	-8.2636778916756607358e-07	1.4441350025708516489e-07	-8.9700773176567303516e-07	1.7825627437459681982e-07
6	4	-3	-1.613507863572746504e-07	-5.5898439426825053447e-09	-5.0416445430596459908e-07	-5.1356604027145319535e-07	-9.9492084512250204664e-07	-6.9593440824730255927e-07
6	4	-2	1.0917435070533387204e-07	-8.8608047904468047964e-08	-8.724781489806811342e-07	1.6130833052307027247e-06	-1.4174332458453606655e-06	2.9603424667480016099e-06
6	4	-1	-2.062480856488038955e-06	1.935022617833523502e-06	3.1293358670865803509e-06	-3.3151281350169236367e-06	1.4245832941808738271e-07	-1.6503768330665524757e-06
6	4	0	9.5982863057775650743e-07	1.3651028850721757282e-06	-1.4397429458666347611e-06	-2.0476543276082635923e-06	2.4773783639924480269e-07	-8.8943611013381482067e-07
6	4	1	4.3589649110991444498e-08	-2.5577631117002785707e-06	1.1631894984674380509e-06	3.9835350401496022262e-06	-4.9142958885357009236e-06	-5.8756149039673928088e-07
6	4	2	-7.7654501468029209698e-07	-8.0339269001004757098e-07	-4.2775635769183653352e-07	2.5345534253858143797e-07	3.185147759424549358e-06	1.9032673849529799429e-06
6	4	3	3.6739412848395608798e-07	-8.505779580954513898e-08	2.301163356119056719e-07	3.35308424013556501e-07	-1.0416100377837864757e-06	-2.7696230706565174102e-07
6	4	4	2.233115409119974167e-07	2.386185394379725693e-07	7.3100738447834554402e-08	-3.5598289603922536656e-07	-4.0806804981583067945e-07	-1.9449131177334919303e-09
6	4	5	2.4510839632464571315e-07	-1.8347044819534323954e-07	-3.4097343212749886419e-07	1.2983790647119413594e-07	-2.1351329887575771704e-08	1.1629421265745655487e-07
6	4	6	7.6736249859554975787e-08	3.2959865974450939556e-07	3.2302656933925384406e-07	-1.1294065101041109825e-06	-2.920872960857241831e-07	4.2333901365823131238e-07
6	5	-6	-7.3666303770190691336e-07	1.153813550026685237e-06	7.1378846023628567715e-07	-8.0075237567533508704e-07	-1.4183932083833550691e-07	4.8651990363057273505e-07
6	5	-5	1.7550702422223684723e-07	-1.9259660751671345657e-06	-4.9059293264452727078e-07	1.0345252348278138319e-06	-2.7998450357784299058e-07	-1.2766340553727473928e-06
6	5	-4	1.3245277463532651414e-07	5.2150100800154261396e-07	-3.5464583012382896764e-08	-3.7602436483464011697e-07	1.5434843318751116018e-07	3.122210559590137615e-07
6	5	-3	1.4802485902758375538e-07	2.1890331315159352163e-07	-4.5181463115900156826e-07	-2.7363720335454244735e-07	-4.5697466720983513831e-07	-1.825537928771701359e-08
6	5	-2	-1.0104222530126889486e-08	1.7115918408580669741e-07	2.1016580199137394928e-07	-3.3400770496332574725e-07	4.9510183738805419482e-07	-3.2154171015089427588e-07
6	5	-1	-1.4966440420472512943e-07	-5.3686014187938361011e-07	2.0129975672407859515e-07	6.6670807621465241727e-07	1.0851235839204215947e-07	1.1237952979696039923e-07
6	5	0	1.2528754092034151231e-06	4.7525975141956440854e-07	-1.50345049104409819e-06	-5.703117017034773326e-07	1.0601664835193325201e-06	6.0095478147660386317e-07
6	5	1	-4.9692921916422116231e-08	2.2809434536044058859e-07	7.6313076685124889915e-08	5.3701762358474239949e-08	-8.3407851927091791896e-08	-1.6370748839550148371e-06
6	5	2	-2.8415727114657002371e-07	-4.4143246168339512516e-08	4.3017086962557255254e-07	-9.1278681992374669449e-08	-2.2295536062422131023e-07	3.6062644348595522441e-07
6	5	3	-1.191957072289945698e-08	-5.6768111771599926688e-08	-2.8619809861461709657e-08	-1.5072839389242043449e-07	7.153882454823510003e-08	3.6475021336390055988e-07
6	5	4	1.8615988562037841888e-07	-8.920352700689877963e-08	-1.1703440829838205831e-07	1.5201931063167288064e-07	-1.329468180575900422e-07	-5.6218847779242937971e-08
6	5	5	6.5791666167036947137e-07	-1.1130472513130669356e-06	9.314524521892158778e-08	4.299694782144887969e-07	-8.8264523922336493755e-07	9.0568722336119146229e-07
6	5	6	-4.9252732065898564731e-07	-9.0483974980196429351e-08	4.195730342222907593e-07	1.4410502243852558582e-07	1.4288312547374330377e-07	-2.9603543718574883341e-08
6	6	-6	1.2332337507882299448e-06	-1.3755938233618711585e-07	-1.9707224715262174426e-06	-1.1284785084685142965e-06	-7.3748872073798739194e-07	-1.2660378908047014653e-06
6	6	-5	5.9111741572001984898e-08	3.3367582684942725168e-07	4.4311549549874467583e-07	-2.0064540903806435938e-08	6.0267268448489595317e-07	3.763335431347450186e-07
6	6	-4	-6.1683542230032953367e-07	-1.9363404679816780853e-07	-3.0039558318834199257e-07	8.2282924584790089565e-08	-1.3758465082330072894e-06	-1.6702668332006658506e-07
6	6	-3	3.891342993288001592e-07	-3.766175552392614148e-07	-2.916729663542277257e-07	-8.8181487948527777152e-08	1.9492266594914486701e-07	-9.2959808637557833097e-07
6	6	-2	5.5215142805410769332e-07	3.2779402681079030526e-07	-4.884833526435194384e-07	-4.2366415488575013893e-07	1.9100422623176455301e-07	-2.8761038422487950099e-07
6	6	-1	-1.2991170696630063682e-07	-1.062460640833646033e-07	1.5859862924596593416e-07	-1.4184832326091600012e-07	1.7212153367799167817e-07	-1.488566324065683647e-06
6	6	0	6.8682049340039220303e-07	-5.5226941010528649835e-07	-6.8682049340039220303e-07	5.5226941010528649835e-07	1.5165380848618470084e-06	6.1971651560225684076e-08
6	6	1	-2.9408679094252792891e-07	9.7347551952921104817e-07	3.8338038831603997063e-07	-1.0380400515025304293e-06	-5.3576158424107214443e-07	3.8738719183991644568e-07
6	6	2	-2.3024217630882562629e-07	-9.3631768243083686807e-07	1.5021202026515653228e-07	6.2266521766119520618e-07	2.4009046813100722909e-07	9.4095739430892519742e-07
6	6	3	-2.7476793901495496839e-08	1.855552188955963037e-07	4.3636421307493013006e-07	-1.9724500754741207806e-07	-8.1777483834686933261e-07	2.3379577303631515621e-08
6	6	4	-1.6165084225191340068e-07	-5.9896695465585696039e-07	1.857573390335721236e-07	1.0808019114465128759e-07	-3.6159745172488077754e-08	7.3633014526680852244e-07
6	6	5	3.8922228054003443112e-07	-2.8720363345413049516e-07	2.8319164779660925683e-08	-1.1942815848005324264e-07	-5.0104973438363439508e-07	4.8795815032102045359e-07
6	6	6	-8.9719964877886231357e-07	2.1788895644754425625e-07	-7.7927651308622152597e-07	-4.4745067231402672074e-07	1.6764761618650838395e-06	2.2956171586648246449e-07
