# cutoff=4 energy=1 Q=D^4*Z=0.00018605664849835498688
kx	ky	kz	ux_re	ux_im	uy_re	uy_im	uz_re	uz_im
-4	-4	-4	9.6026850365656625714e-05	-4.9548296473815895834e-05	-6.9748687444450929804e-05	3.0861098357541563951e-06	-2.6278162921205699298e-05	4.6462186638061739015e-05
-4	-4	-3	2.1543111992982597103e-06	-0.00026719189840771704605	-8.581927287829724184e-06	0.0001918151028000209023	8.5701547847086192983e-06	0.00010050239414359489899
-4	-4	-2	-0.00014465387755184546639	-7.6063048404983099322e-05	0.00010544818067291998164	5.3993705215470102663e-05	7.8411393757850942395e-05	4.4138686379025986542e-05
-4	-4	-1	-4.7117039480063020685e-05	3.3711628220687496374e-05	3.7595951275115504879e-05	-3.1220032187065176708e-05	3.8084352819790063226e-05	-9.96638413448929052e-06
-4	-4	0	-7.4572733177586012588e-06	5.6096661734694043303e-06	7.4572733177586012588e-06	-5.6096661734694043303e-06	-4.8715362828228984089e-06	-1.8904069387367156596e-05
-4	-4	1	4.644610139009544542e-05	-3.1629695978381168402e-06	-4.0524045890849002822e-05	-7.4236478314533563122e-07	2.368822199698577039e-05	-1.5621337523933812003e-05
-4	-4	2	-4.0367969688533450923e-05	0.00011617785365115953524	2.7808179210358069378e-05	-8.5438128652873338844e-05	-2.511958095635076309e-05	6.1479449996572379231e-05
-4	-4	3	-0.00013537471992867080466	-0.00014492843525784566755	0.00010289653255221906493	0.00010249090090050467171	-4.3304249835268993085e-05	-5.6583379143121334553e-05
-4	-4	4	8.0701295581519775948e-05	-1.9620521626714595862e-05	-3.5570817337319353131e-05	3.8962495041185613064e-05	4.5130478244200422817e-05	1.9341973414471013814e-05
-4	-3	-4	-6.1382368933806332367e-05	0.00014511375620157942763	6.2396973505028407628e-06	2.2294777300852264864e-05	5.6702595920929200525e-05	-0.00016183483917721862289
-4	-3	-3	-1.1898676242530870385e-05	-5.0589717381746352658e-05	0.00011217304497388268908	0.00033060581699084908795	-9.6308143317174859646e-05	-0.0002631528604818539601
-4	-3	-2	-6.6961928907998126653e-05	4.6531863957723063312e-05	0.00015472005948220535773	-0.00010614539590567183356	-9.8156231407311796849e-05	6.6154365943061637268e-05
-4	-3	-1	1.4767861962042470623e-05	1.494511677447360866e-05	-1.0864882763417114798e-05	-2.4640678852603014806e-05	-2.6476799557918536402e-05	1.4141569459914608085e-05
-4	-3	0	8.6678053603573795133e-06	-1.4166892626007561443e-05	-1.1557073813809839351e-05	1.8889190168010080794e-05	1.4463112241482222104e-05	1.4159191172095519538e-05
-4	-3	1	1.3890011653294635985e-05	4.1947990236949003287e-06	-1.6577063286285904198e-05	1.8393546832440617012e-06	5.8288567543208381222e-06	2.2297260144511787689e-05
-4	-3	2	-1.4823077078718111647e-05	6.4897671608998963436e-05	4.825734592218636497e-05	-0.00014499224588834983929	4.2739864725843324162e-05	-8.769302561452684561e-05
-4	-3	3	-4.3632361181866307753e-05	1.0657902115272153593e-05	0.00026415171177472890427	-4.8448944782923540804e-05	0.00020597523019890714253	-3.4238408629227338271e-05
-4	-3	4	-9.3521591083114678929e-05	8.4672684423460999243e-05	-2.4881015506356867276e-05	-1.2683748754598725064e-05	-0.00011218235271288232939	7.5159872857511952904e-05
-4	-2	-4	1.9012790196925359679e-05	-9.8583387149016961284e-05	-3.8131010206879102078e-05	-1.3201292051981156585e-05	5.2714906514189705228e-08	0.00010518403317500754212
-4	-2	-3	-8.4971759552019204766e-05	-3.1831928647587614232e-05	9.8102011046576363456e-05	-8.1354294904705629922e-05	4.7894338704974683831e-05	9.6678768133253914626e-05
-4	-2	-2	-2.7790408970988571372e-05	3.4322330529613520481e-05	1.9561218475576010574e-05	2.9601121603255608208e-06	3.6019599466401128782e-05	-7.1604773219552608982e-05
-4	-2	-1	8.5480483492911812232e-06	1.2084690002088843214e-05	-2.4920488581190105182e-05	-1.1463994545124481513e-05	1.564878376521548886e-05	-2.5410770918106409831e-05
-4	-2	0	8.8528140851265601972e-07	-2.7200474605560375365e-07	-1.7705628170253120394e-06	5.4400949211120750729e-07	-1.8040871549392497659e-05	-2.9925363239015978407e-06
-4	-2	1	7.8958943350994852508e-06	-8.0106484221045142386e-06	-2.4482520461276012687e-05	5.9640368238879601471e-06	-1.7381463582154080982e-05	-2.0114520040642138354e-05
-4	-2	2	1.5054183227340816453e-05	2.7696130677627976718e-05	-2.1462406414423282997e-05	1.6396799430762788871e-05	8.6459600402583516036e-06	7.1789060786018742306e-05
-4	-2	3	-6.1061417182258753548e-05	1.3125521853492253536e-05	8.0292110619035195478e-05	0.0001030359529030815878	-2.7887149163654886835e-05	8.6191331073377401096e-05
-4	-2	4	-2.528553184228565729e-06	-6.9866904279642280651e-05	3.4857534178947130736e-05	-4.0944358442275741752e-06	1.4900213905244999216e-05	-7.1914122201756068586e-05
-4	-1	-4	3.77918295684305207e-06	1.659436456340600765e-05	2.6022877421372506092e-05	1.0012562772098365641e-05	-1.0284902312186179016e-05	-1.9097505256430600331e-05
-4	-1	-3	1.6546744551603717485e-05	2.1981296730193003794e-05	-2.9990852565824913589e-05	2.7166082679415733288e-05	-1.2065375213529987145e-05	-3.8363756533395918413e-05
-4	-1	-2	1.3264543957626563731e-05	-6.8096519754040840138e-06	-3.9201201700093611365e-05	-2.3273359425794813688e-05	-6.9284870652063217794e-06	2.5255983663705574871e-05
-4	-1	-1	3.7756063827814742609e-06	-6.958424191694999352e-06	5.5369905141763545791e-06	2.6326192522387480531e-06	-2.0639416045302250776e-05	2.5201077514541248508e-05
-4	-1	0	-1.9251179568653834061e-06	-3.2303617736570393829e-06	7.7004718274615336244e-06	1.2921447094628157531e-05	7.4112242901782048241e-06	1.9913921268285881986e-07
-4	-1	1	6.5393775919389387146e-06	8.8100032270684043579e-07	4.9402951022677295061e-06	-7.5288418788924045847e-06	3.1097805470023487753e-05	-4.0048405880650424181e-06
-4	-1	2	-1.0405499628315578717e-05	2.9540609655117535667e-06	5.4318109335660297489e-06	-4.5268972186764970989e-05	-1.8095093789848143407e-05	-1.6726364162358978361e-05
-4	-1	3	-8.8800556848496702667e-06	-2.2414812370318417338e-05	-4.4574631352077284457e-05	-1.3823270455722330047e-07	-2.6698284697158654045e-05	-2.9932494061943629941e-05
-4	-1	4	6.4786009881551441308e-06	8.0083119019972821086e-06	-8.8783365860043534593e-06	1.7634752685348694149e-05	4.259016841654055766e-06	1.2417000073334455646e-05
-4	0	-4	-5.6391699463947404086e-06	3.6358917570912621381e-06	2.0326337939433417633e-06	7.0498009425192170744e-07	5.6391699463947404086e-06	-3.6358917570912621381e-06
-4	0	-3	-1.6867441721176317217e-06	2.7705340454299172133e-06	-2.4452858034590341447e-05	-4.139903130863874757e-05	2.2489922294901754878e-06	-3.6940453939065564255e-06
-4	0	-2	6.1969501549151932081e-06	-6.9888201361246841958e-07	-2.4955404853937939587e-06	9.1525442213216449229e-06	-1.2393900309830386416e-05	1.3977640272249368392e-06
-4	0	-1	3.5213130397954329011e-07	-5.6590204512330741531e-07	-1.5089658675716020076e-06	1.4828765696530117564e-05	-1.4085252159181731605e-06	2.2636081804932296612e-06
-4	0	0	0	-0	2.1522156391077879014e-07	-2.8707668572228252954e-08	5.7102688966595555692e-07	-1.8167170822596336319e-07
-4	0	1	-3.7074390916262332642e-07	-1.0153308753232541078e-07	-1.1195248948080754512e-05	8.8863870325734528729e-06	-1.4829756366504933057e-06	-4.0613235012930164313e-07
-4	0	2	3.5744623632948043007e-07	5.7334126664189840225e-06	8.2615679994433076979e-06	1.4826565312161521466e-07	7.1489247265896086013e-07	1.1466825332837968045e-05
-4	0	3	-3.2740806169866231407e-07	2.8757370631474346948e-06	4.4676810462127853469e-05	1.0346245152690737191e-05	-4.3654408226488308543e-07	3.8343160841965795931e-06
-4	0	4	5.3122757846175659837e-06	-3.5873103880559549277e-06	1.4683689535113615453e-06	1.0037281983310666689e-06	5.3122757846175659837e-06	-3.5873103880559549277e-06
-4	1	-4	1.0476260621575967321e-05	-6.1475311622713421056e-07	-1.1081338994629892552e-05	-1.7677526762987542198e-05	-1.3246595370233440035e-05	-3.8046285745197509155e-06
-4	1	-3	1.5944450851737103413e-05	1.9260940739165547693e-05	-5.010810730026586283e-05	1.2810110198286286452e-05	-3.7961970235738089902e-05	-2.1411217586125304264e-05
-4	1	-2	-1.0660585702298796019e-05	-2.8968042868068463512e-06	-2.6060902289794574452e-05	4.1590542097308211441e-05	8.2907202597003031177e-06	2.658887962226779927e-05
-4	1	-1	-1.4490859138098486891e-06	-6.5403558510977435059e-06	9.5941244226079350731e-06	2.7623883853081875576e-06	1.5390468077847328982e-05	2.8923811789699159887e-05
-4	1	0	3.7676333988526851584e-06	-4.2529818346211878571e-07	1.5070533595410740634e-05	-1.7011927338484751429e-06	3.48977030195969148e-06	-7.1250047737104563205e-06
-4	1	1	9.2708122727704665425e-07	-7.7685082752445018647e-06	-6.3930521703543864809e-06	8.9667069388880201543e-08	1.0101377079462573098e-05	-3.1163700170366888799e-05
-4	1	2	-1.4889850166695327876e-05	1.4454889584620221023e-06	-2.6778838751841286479e-05	-3.6972007238053429599e-05	-1.639028095747001082e-05	2.1376981535950759851e-05
-4	1	3	-1.3808469676203874606e-05	2.4347420463298637805e-05	3.9214755632674345976e-05	1.6554134642017774689e-05	-3.1482878112496617059e-05	2.6945182403725594436e-05
-4	1	4	1.738717102848245439e-05	2.3181472302190637894e-06	-1.8995707840316454625e-05	2.0831814676089054978e-05	2.213609798856156974e-05	-2.8898064388031995315e-06
-4	2	-4	5.7224147905409856682e-05	-4.2736551083790978614e-05	-2.6447108330698269348e-05	-2.8940397228965416426e-05	-7.0447702070758989662e-05	2.8266352469308270401e-05
-4	2	-3	5.987126422180147128e-06	6.3400888490638845929e-05	-0.00012422622092900703541	7.5011410029456287822e-05	-9.0800315848911557627e-05	-3.452691130121428065e-05
-4	2	-2	-2.9875607958741436055e-05	-1.1798356646743816105e-05	-4.0139040756739276578e-06	3.2160331105882109296e-05	5.57373118418089453e-05	5.5757044399369741505e-05
-4	2	-1	8.5750194423975312691e-06	-7.7365396761740482174e-06	2.6251316227641328683e-05	-4.5173467960428216042e-06	1.8202554685692528901e-05	2.1911465112610553049e-05
-4	2	0	-4.4595160482994626916e-07	-8.9312777300030453397e-07	-8.9190320965989253831e-07	-1.7862555460006090679e-06	-9.7435885305957003593e-06	-1.6828086414662354279e-05
-4	2	1	-1.3243012657116974139e-05	7.1516833900125561602e-06	-1.3973199844990207949e-05	2.3716996684897978943e-05	-2.5025650938487477271e-05	-1.8827259809745733245e-05
-4	2	2	6.9779825150531277434e-07	4.4573172193832274058e-05	-1.963832889956535933e-05	1.0173139312255383336e-05	2.1033925402575986573e-05	7.8973205075409173251e-05
-4	2	3	8.4175092737250197493e-05	3.7283539004435921446e-05	0.00010264400838925191435	-7.9951612199874420319e-05	4.3804118056832318164e-05	0.00010301246013916417999
-4	2	4	8.5843253533065795938e-05	-5.4723168555494531055e-05	1.7767965374624689274e-05	3.8478045993550486891e-05	7.6959270845753451301e-05	-7.3962191552269767724e-05
-4	3	-4	7.8980629389100874462e-05	-0.00010312294244840594366	-3.182825249920696192e-05	-8.5043577174005755226e-06	-0.00010285181876350609929	9.6744674160355518372e-05
-4	3	-3	-4.7628974598224896135e-05	-6.3855982122822603665e-06	-0.00026294643789002340815	-7.5598173190596606162e-05	-0.0001994411384257235647	-6.7084042240886932449e-05
-4	3	-2	6.5922011855556761914e-05	-4.8788097689648074281e-06	0.00015630240511451293532	8.3880076587289044898e-06	0.00010260958396065587915	2.2339631026022969897e-05
-4	3	-1	-9.4790889786273346753e-06	9.5886763273782065452e-06	-5.0063500870124818086e-06	1.4471114257701225305e-05	2.2897305653471894122e-05	5.0586374635908505802e-06
-4	3	0	4.1028689119038592415e-06	-1.6080379880491224993e-05	5.4704918825384787063e-06	-2.1440506507321631065e-05	-1.8768446492153851083e-05	-1.0379150749003244604e-05
-4	3	1	-5.8374731306307229189e-06	-1.920524713095261393e-05	2.6414560809074500716e-06	-2.5606546270307334779e-05	-3.1274260765245238502e-05	-1.3497128884568475589e-09
-4	3	2	-6.1843910810368529752e-05	-5.0202414008729999905e-05	-0.00014518704414155712661	-0.00011801657984247129556	9.409274459159865751e-05	7.6620041746246929978e-05
-4	3	3	-4.8523018524275479809e-05	-1.6549175378886330331e-05	-0.00034678275332202581358	-6.1013394664286230498e-05	0.00028208539528965854331	3.8947827492437790057e-05
-4	3	4	1.0915731793715907136e-05	-0.00016130696807246911492	1.5065638985362169773e-05	1.8159223142079148467e-05	-3.8349744530572024593e-07	-0.00017492638542902848135
-4	4	-4	-1.6208793052971749578e-06	-8.3151896633345143898e-05	-3.4208214484639191543e-05	-4.0279123459848754083e-05	-3.2587335179342022938e-05	4.2872773173496389815e-05
-4	4	-3	0.00019302143456111369064	4.1737572600235486712e-05	0.00014299048641070165886	2.3377738954205219435e-05	-6.6707930867216042384e-05	-2.4479778194707025294e-05
-4	4	-2	-5.7400441992210815534e-05	0.00010861553522661591931	-3.9103347843017059748e-05	8.0440004790043642116e-05	3.6594188298387504796e-05	-5.6351060873144547621e-05
-4	4	-1	-3.0841778274341821644e-05	-3.5580706231559223812e-05	-2.4162286798754168977e-05	-3.3269548293160171673e-05	2.6717965902350624221e-05	9.2446317535962187195e-06
-4	4	0	-4.7228905353511834559e-06	-8.7924428466861048167e-06	-4.7228905353511834559e-06	-8.7924428466861048167e-06	-1.9571616543040840037e-05	2.0498024662083231973e-06
-4	4	1	-1.8258110806444528997e-05	5.5529067484381279378e-05	-1.1973038409948765271e-05	4.7795021690724241454e-05	-2.5140289585983051514e-05	3.093618317462815847e-05
-4	4	2	0.0001326758599449329027	9.6404622175418438383e-05	9.6498513817062095887e-05	6.9173521471915016471e-05	7.2354692255741627168e-05	5.4462201407006837048e-05
-4	4	3	0.00021212710908061408583	-0.00016224950993526794608	0.00015644920016665245124	-0.00010979265278351639143	7.4237211885282202036e-05	-6.9942476202335406195e-05
-4	4	4	-4.0173181052201507087e-05	-0.00010076082817034051023	5.1072157506714198864e-06	-6.9787699800827191474e-05	-4.5280396802872928668e-05	-3.0973128369513318759e-05
-3	-4	-4	-5.3848196483502479184e-05	0.00010605017837757180362	7.9832201261338775586e-05	-9.214932177763882396e-05	-3.9446053898711917892e-05	1.2611687994459978021e-05
-3	-4	-3	-0.00011812854167250352747	0.00017604813778483586052	-0.00013322873697588401157	-2.9278961711353846401e-05	0.00029576685764034886267	-0.00013700952216969740317
-3	-4	-2	3.6360325519175933568e-06	0.00013338002463231504106	-6.8785705731411081161e-05	7.1384613301331032256e-06	0.00013211736263494578986	-0.00021434695960873874094
-3	-4	-1	2.5186135867276358813e-05	3.5289090209511864735e-05	3.4073170766547205501e-06	7.2595823975243823346e-06	-8.9187675908447956947e-05	-0.00013490560021863312015
-3	-4	0	3.0012017442416543197e-05	-1.0655876965356884726e-06	-2.2509013081812408245e-05	7.9919077240176646035e-07	-1.3058612519759691138e-05	-1.7746801370197450747e-05
-3	-4	1	-1.3443436933136515392e-05	2.7787157731917909898e-05	-3.6943041714156478844e-06	1.0193795956059860527e-05	-5.51075274850721411e-05	0.00012413665701999315825
-3	-4	2	-9.0050412272968832658e-06	-0.00010846150401198437359	-5.7767071097672872038e-05	1.3778274124463350334e-05	-0.00012904170403629105796	-0.00013513570776904986989
-3	-4	3	0.00012640466607880194148	0.00013528022173789331132	0.00010499705692514027207	-2.5492384960151140899e-05	0.00026640074197898896188	0.00010129037512435844323
-3	-4	4	-5.7224624896793801793e-05	-6.6331630934485591379e-05	9.4857760765413505315e-05	4.9309651170186489112e-05	5.1939292092818152276e-05	-4.3907203067770156388e-07
-3	-3	-4	0.00036236017965873032302	0.00045575036254006653577	-0.00020679040734970753081	-0.00027177948194010239681	-0.00011667732923176710094	-0.00013797816044997307711
-3	-3	-3	0.0029289333459708976476	-0.00095780041786055591501	-0.0017817099279762689881	-6.4465234468571999617e-05	-0.0011472234179946284426	0.0010222656523291278469
-3	-3	-2	7.9357807550174116812e-05	-0.0022747250319612908297	0.000237513933921452286	0.0013248505278261294045	-0.00047530761220743959067	0.0014248117562027421378
-3	-3	-1	-0.00067732558000898528214	-0.0002705176758688544931	0.00045582510142550100758	0.00012730923619389732321	0.00066450143575045271527	0.00042962531902487145546
-3	-3	0	-0.00021262226500198678331	0.00017063147505678050728	0.00021262226500198678331	-0.00017063147505678050728	0.00015424166977574815807	0.00012300888406412127858
-3	-3	1	-9.3719644510124105129e-05	-0.00054842628344148650586	2.972161539563009363e-05	0.0003427177919936667534	-0.00019199408734348204805	-0.00061712547434345931159
-3	-3	2	0.0017158259608353765725	0.00031132148803583199878	-0.000972339768555006978	-0.00043328882651630037676	0.0011152292884205545001	-0.00018295100772070256698
-3	-3	3	-0.0012000723045236779199	0.0020011002240364716802	3.1486618416418358146e-05	-0.0014545834138192561668	-0.0011685856861072597447	0.00054651681021721573023
-3	-3	4	-0.00027174778502057607638	-0.00034097949746335185937	0.00014956710102152504785	0.00019941404031721449066	-9.1635512999288257848e-05	-0.00010617409285960301298
-3	-2	-4	-3.8266490233984065857e-05	-6.1658108905148420183e-05	-8.8641438771377121814e-05	-2.7535432995081341611e-05	7.30205870611766103e-05	6.0011298176401991025e-05
-3	-2	-3	-0.00076488627224366261253	0.00033548183895431286277	0.00010715353858496705255	0.0011155632617326533169	0.00069345057985368456846	-0.0010791906801094150199
-3	-2	-2	-0.00030123927988437920267	0.00045629028011634188916	0.00016813702666229843352	0.00017200875381078554473	0.00028372189316427037049	-0.00085644417398529843269
-3	-2	-1	5.4268005027604217434e-05	0.00027598347679783107912	4.6094029865985237091e-05	-0.00033774419227760042782	-0.00025499207481478311293	-0.00015246204583829240883
-3	-2	0	2.7832624074301314188e-05	-2.7388630303017555753e-05	-4.1748936111451972976e-05	4.1082945454526331936e-05	-0.0004427265949969822964	-0.00014014527585244198411
-3	-2	1	0.00018026926730493758881	-0.00015316736349930843157	-0.00016261890474818661476	0.00027630146621058577138	0.00021556999241843950981	9.3100841923246302262e-05
-3	-2	2	-3.2709058623351027699e-05	0.00044575687486295199977	-0.00011459393527347572358	8.5810986683461978322e-05	-0.00016365752320850226174	0.00075444629897788995088
-3	-2	3	-0.00026064366887152133926	-0.00056033799907400814663	0.00075940009156877721908	-0.00062090441099765531895	0.00024562305884099678872	-0.00097427427307244498979
-3	-2	4	5.0326195864736626056e-05	-1.4659313783686718521e-05	7.9550759745651206437e-05	1.6176348646519165224e-05	7.752002677137807276e-05	-2.9063110145054554317e-06
-3	-1	-4	4.5576576095250841386e-05	-8.9480691100317822658e-06	-7.1979338360327476361e-06	4.2523330163492336394e-05	-3.2382948612429943071e-05	-3.9197807083492478228e-06
-3	-1	-3	4.4751014888088794057e-05	-0.00033595091095062727541	-7.4378962393776513204e-05	-0.00023219738295521453629	-1.9958027423496627506e-05	0.0004133500386023654361
-3	-1	-2	-5.5938354401444997769e-05	-0.00012009084340889304254	0.00024446752637355829551	-0.00028126937355849837737	-3.8326231584611647712e-05	0.00032077095189258873894
-3	-1	-1	-3.3511447658921858733e-05	2.9466268651076901427e-05	-6.0102927573046422598e-05	4.7323899003637071329e-05	0.00016063727054981197847	-0.00013572270495686776883
-3	-1	0	6.4420834609092221555e-07	-1.9032964822949463167e-05	-1.9326250382727669643e-06	5.7098894468848389501e-05	-0.00016403365462310312691	2.9293914785821307465e-05
-3	-1	1	-3.4945013874111777999e-05	3.7022846677035126091e-06	-6.0238578257998398342e-05	-8.1784037097473572908e-05	-0.00016507361988033373234	-7.0677183094363036351e-05
-3	-1	2	-2.3320403421507229558e-05	-0.00010921845611438025711	-0.00033281102032852371772	-0.00016506106222958100973	-0.00020138611529652269473	-0.00024635821528636091086
-3	-1	3	0.00011409120718477495406	0.00021321661188739701926	-4.1954505337009100269e-05	0.00021959777533994600585	0.00010010637207243859408	0.00028641587033404570595
-3	-1	4	-3.4841907898619064771e-05	9.7583248623964647837e-06	1.5964412250325759723e-05	3.4267336538064582763e-05	-2.2140327861382860341e-05	1.5885577781313493432e-05
-3	0	-4	-1.498195278676333627e-05	-1.7036618480040179626e-05	-1.0860350431482513692e-05	1.3141417746758023207e-05	1.1236464590072502202e-05	1.2777463860030135567e-05
-3	0	-3	1.554191135624536884e-05	9.7040228118447897725e-05	0.00025117158298539434599	-6.7837726142993507328e-05	-1.554191135624536884e-05	-9.7040228118447897725e-05
-3	0	-2	-6.7562316433683588661e-06	0.00032391271357261092363	3.4558421809066248976e-05	-3.1598365663079166447e-05	1.0134347465052537452e-05	-0.00048586907035891638545
-3	0	-1	2.743211757861795493e-05	1.1119178522265076846e-06	0.00022889284930761966499	8.0828005962736725921e-05	-8.2296352735853871567e-05	-3.3357535566795232656e-06
-3	0	0	0	-0	0.0001872326130229617512	0.00013369972515513053185	-0.00060089513428272399095	0.00063480101030842343585
-3	0	1	1.7690780017182553311e-05	1.7686722828695044542e-05	-0.00012496530610000061907	-0.00022245513395139536938	5.307234005154766671e-05	5.3060168486085133627e-05
-3	0	2	0.00032123470920671445437	-5.8360944604976832431e-06	1.7980059202203832594e-05	3.512831463297249392e-05	0.00048185206381007165445	-8.7541416907465257116e-06
-3	0	3	-8.2037061680100996017e-05	-4.8926202632249743733e-05	0.00011741679331263663998	-0.00022185320673776662737	-8.2037061680100996017e-05	-4.8926202632249743733e-05
-3	0	4	-1.6493167705120426875e-05	-1.5354409236850037319e-05	1.0829616584652329355e-05	-1.2974508371877676921e-05	-1.2369875778840320156e-05	-1.1515806927637529684e-05
-3	1	-4	8.3817802109084139814e-06	-3.6642408515046923632e-05	3.8838178649011419912e-05	3.2977142010964609055e-06	3.4232095040715449156e-06	2.8306234936559308374e-05
-3	1	-3	0.00017602636257450139938	0.00018771347478175942278	-1.4396278813743337304e-05	-0.00025736748818197394866	-0.00018082512217908251577	-0.00027350263750908405426
-3	1	-2	-2.1681641104226755053e-05	0.00011803612944404226969	-0.00023676012662785661392	-0.00030653821669150303677	-8.5857601657588172687e-05	-0.00033032330251181490259
-3	1	-1	-1.3202204034916942402e-05	-3.5419794484014527455e-05	-6.3335079083896430132e-05	8.9281011871784115241e-05	-2.372846697914559954e-05	0.00019554039532382769761
-3	1	0	-1.5566463840724530034e-05	-7.6249912015143391612e-06	-4.6699391522173590101e-05	-2.2874973604543016637e-05	4.2478610123379209607e-05	-0.00013711545147009041555
-3	1	1	2.6675830927266416955e-05	-3.8628981199901707118e-05	-3.5895693435620218772e-05	7.1008044368260498356e-05	0.00011592318621741947641	-0.00018689498796796560616
-3	1	2	3.540843977728332094e-06	-0.00014056057422174257957	-0.00033228395292515296036	0.0001637128992152479649	0.00017145324242916898383	-0.0002926973109402378247
-3	1	3	-0.00033387472809895635218	8.2963218359898032632e-05	0.00018785829879458266611	-0.00016810666935254537486	-0.00039649416103048392562	0.00013899877481074649995
-3	1	4	-9.5798029487351189906e-06	4.6354376465729125165e-05	3.6860189436784316199e-05	2.1319464402527779466e-05	-1.6399899570747417869e-05	2.9435916248664899855e-05
-3	2	-4	-3.7445519284108278867e-05	-3.690877590915239172e-05	4.1419655610055852236e-05	7.093309502365771819e-05	4.8793967268109133574e-05	6.3148129443693149497e-05
-3	2	-3	0.00061386857399472485007	-0.00015432421226038275431	-0.00054390188013907539953	-0.00089761845111064491633	-0.00097646982742077511642	-0.00044408808848004721701
-3	2	-2	0.00025035664276813605249	0.00037444304039418476165	3.3972128294613696445e-06	-0.00013687873116347514229	-0.00037213775132274265912	-0.00069854329175475233897
-3	2	-1	-0.00019292209775763862053	0.00013313675699851409214	-0.00018583789013951537705	0.00026650815841947604092	0.0002070905129938851346	0.00013360604584340980542
-3	2	0	3.9703732655339096346e-05	3.3250142774554787822e-06	5.9555598983008641131e-05	4.9875214161832181732e-06	0.00018905468651643251112	0.00042785010191968728078
-3	2	1	0.00027858521971465676371	-3.9872769328648821499e-05	0.00033349856500371427657	6.8773343061219948617e-05	0.00016875852913654162957	-0.00025716499410838636851
-3	2	2	-8.7071605070784770025e-05	-0.00054671037671302183565	0.00023465891069903357523	3.2188124687559774067e-05	-0.00036526631830521074382	-0.00085225368975709256143
-3	2	3	-0.00078607888707767710652	0.00031255759650123142099	-6.8253147885492018157e-05	-0.0011304436706712922295	-0.00074057678848734904021	0.0010661867102820929074
-3	2	4	-1.6186580987267902034e-05	7.1943052492755068801e-05	-3.9321180612030368778e-05	-8.5586718734982625539e-05	7.5206545655642578638e-06	9.6750648737057610982e-05
-3	3	-4	-0.00034027007317519820722	-0.00027784305230021900859	-0.00018585247458747692446	-0.00016726552285228080412	0.00011581319894079098918	8.2933147085953673678e-05
-3	3	-3	0.0020921238096988994948	-0.0010955585477864851745	0.00070019653171826407977	-0.0013200091878357936032	-0.0013919272779806355234	-0.00022445064004930840164
-3	3	-2	0.00015235297167153540867	0.0017589686956697035605	-0.0001574060288912556161	0.001068677861457478567	-0.00046463850084418656427	-0.0010354362513183374903
-3	3	-1	-0.00053310500961797229781	-0.0001792045712983346222	-0.00031847255680199240777	-0.00013283732969010040421	0.00064389735844793977854	0.00013910172482470270819
-3	3	0	0.00016213909289171637355	-0.00022651526711700234072	0.00016213909289171637355	-0.00022651526711700234072	0.00019306219164584573406	7.9818536635755093361e-05
-3	3	1	-0.00045562709917342517551	-0.00057908316250414770994	-0.00033103271966956925639	-0.00034221987432719934256	-0.00037378313851156775736	-0.00071058986453084510213
-3	3	2	-0.0022257846690385777594	0.00056471614207584028798	-0.0012101494347204568881	0.00060142291967907204973	-0.00152345285147718109	-5.5060166404847696829e-05
-3	3	3	-0.0005105408166329673857	0.0030648210762826912264	-0.00092159396327470301507	0.001555780934462865691	0.00041105314664173557516	0.0015090401418198255354
-3	3	4	0.000492116617687482342	0.00031901887988313311047	0.00028321025975728365614	0.00019074873297739348586	0.00015667976844764902795	9.6202610179304718458e-05
-3	4	-4	7.6490842750474895631e-05	-4.5700919112190611731e-05	6.3561753218086179348e-05	-9.5122937333749763142e-05	6.1936211552300025424e-06	-6.0847247999606800955e-05
-3	4	-3	0.00020017254826357617483	4.2722145901973068065e-05	-7.8931337594080600213e-05	7.9332688013394620646e-05	-0.00030541433172235032652	6.3054771449219768498e-05
-3	4	-2	-1.2807686667354602105e-05	0.00011694017392557062992	-6.1138707363598613601e-05	7.9932138484652364671e-06	-0.00010306588472616531134	-0.00015942383319142547533
-3	4	-1	-3.1680398018939877249e-05	4.437776559056912444e-06	1.0192383324053798548e-05	-3.7878288136390636871e-06	0.00013581072735303483271	-2.8464644931726991233e-05
-3	4	0	3.7625729291751127716e-06	-3.0438332580694350642e-05	2.8219296968813345787e-06	-2.2828749435520761287e-05	2.2134551042333147245e-05	-1.0563633930990131552e-05
-3	4	1	-4.2246906439185986926e-05	-1.4063346700805868936e-05	6.8086042135429780339e-06	3.7588145135493046109e-06	-0.00015397513617172988647	-5.7225298156614823558e-05
-3	4	2	-1.5123227730905428146e-05	0.00013619394787931624513	7.0549102972492191738e-05	3.9043738017416802449e-06	-0.00016378304754134252654	0.00019648217421549098519
-3	4	3	0.00021805979389774289524	-1.4463518716722078872e-05	-6.0173690031846902829e-05	-0.00012154868089899232252	0.00029829138060687208998	0.00014760138914860100991
-3	4	4	-9.9670422596007937285e-05	-6.5311169184022164233e-05	-8.3704837884149022801e-05	-9.267452800058302131e-05	8.9520209371430664493e-06	4.36911511125664083e-05
-2	-4	-4	-5.2026222820244398884e-05	-2.5340053593205737919e-05	4.2710841969723043767e-05	7.4333776703968930735e-05	-1.6697730559600840937e-05	-6.1663749907366058388e-05
-2	-4	-3	-0.00010297854267014531365	0.00012976221751112050617	-1.6214848917284759402e-05	-2.0074669501306279971e-05	9.0272160336476550452e-05	-5.9741919005671966414e-05
-2	-4	-2	8.370462968729587333e-05	0.00011218305139876221964	-4.2676736849389551478e-06	-1.722402048256267736e-05	-7.5169282317417963034e-05	-7.7735010433636864916e-05
-2	-4	-1	7.9371876498438685026e-05	-3.1723955374819411157e-05	-2.5573995647776841283e-05	1.7212986779112666172e-05	-5.6447770405770018474e-05	-5.4040363668118474586e-06
-2	-4	0	-2.0534460626401711065e-06	-5.977070239160689832e-06	1.0267230313200855532e-06	2.988535119580344916e-06	-1.2310234198165796602e-05	5.6554287220125017566e-05
-2	-4	1	-5.1149739918528757993e-05	-4.575226766649687554e-05	1.6263503687485624048e-05	2.2261617594283632053e-05	-3.7245465087115019794e-05	-2.4580649558592292194e-06
-2	-4	2	8.0200692100830189651e-05	-6.1860270662445222671e-05	-2.2701457386951897784e-06	1.4672083775386456881e-05	7.5660400623439821952e-05	-3.2516103111672308909e-05
-2	-4	3	4.8344058143398329589e-05	0.00010984365706859846321	3.3379131815682203078e-05	-1.2807913153206678132e-05	7.6734881183175161681e-05	5.6151887174790071297e-05
-2	-4	4	-4.1655225433046199691e-05	8.1965041157220032604e-06	4.6116005872554555417e-05	-5.5892484321995682106e-05	2.528839315603145896e-05	-5.1794232264134675394e-05
-2	-3	-4	-0.00019868396989115275119	3.5842584598622664004e-05	0.00016094332296184092591	-5.5916137801558952873e-05	-2.1365507275804322224e-05	2.4015811051857879264e-05
-2	-3	-3	-0.00010777730115021119488	0.00076087454417810213621	0.00047588499439470317593	-0.000997422675763845034	-0.00040403346029456237935	0.00049017297964511024038
-2	-3	-2	0.00021208167126586448563	-0.00019230716867880181587	-0.00046447919398787536035	9.9610996825390802733e-05	0.000484637119715948582	4.2890673440715611773e-05
-2	-3	-1	-0.00029374531974717224851	3.288581991538499068e-05	8.2075324590294627372e-05	-2.8683513839571647095e-05	0.00034126466572346060135	2.0278901687944963313e-05
-2	-3	0	-0.00035365410334786353706	0.00016796884929833473228	0.00023576940223190903374	-0.00011197923286555650174	-8.0290079153636748381e-05	-0.00028147923438042940503
-2	-3	1	0.00019293986058007518225	-0.00012105831020369646185	-8.6531438406937626734e-05	-2.7369927742410757975e-06	0.00012628540593933749786	-0.00025032759873011616253
-2	-3	2	0.00023197423087792512085	-4.5420911537828619054e-05	-0.00035150681540190324356	0.00019900975593157034234	-0.00029528599222492971739	0.00025309372235952687412
-2	-3	3	0.00053331591785786309091	0.0003281968381830989369	-0.00093937225448207967334	-0.00011416902329720908927	-0.0005838283092435042794	0.00010462886882485688221
-2	-3	4	-0.00012248784303616413343	9.3714566168627650377e-05	0.00011167778903401254687	-5.1077777940469074947e-05	2.2514420257427343434e-05	8.5489496289620189781e-06
-2	-2	-4	-4.6997155595881188236e-05	0.0001200030607737389833	5.4140140188739618074e-05	-6.1032763547497921044e-05	-3.5714922964292149189e-06	-2.948514861312053113e-05
-2	-2	-3	0.00054976565819686617001	0.00050092386885592830002	-0.00080336953801304043527	-0.00021591165945821362256	0.0001690692532107828164	-0.00019000813959847644261
-2	-2	-2	0.00067830782707125713941	-0.00018787518504395460525	-0.00023175070448585820813	3.4388653620582710203e-05	-0.00044655712258539895839	0.00015348653142337190182
-2	-2	-1	4.0346396132459418408e-05	-0.00032061554963297390561	3.7676656932708416515e-05	0.00011481153287961664894	-0.0001560461061303356834	0.00041160803350671448624
-2	-2	0	-0.00040324741772889240773	0.0005742487679973761654	0.00040324741772889240773	-0.0005742487679973761654	0.00044173647513152041822	0.00030440117885979425935
-2	-2	1	-0.00024000684618766200597	7.394447130463803941e-05	0.00012963589835725161355	3.5473012668667246465e-05	-0.00022074189566082081195	0.0002188349679466105582
-2	-2	2	-7.9601032507074667797e-05	-0.00053075014930764738072	0.0001337125484860855393	0.00014108195116574798449	5.4111515979010871508e-05	-0.00038966819814189939623
-2	-2	3	0.00048784502066037514637	0.00021435192864708321704	-0.00034801909037355936065	-0.00063958236132292674118	9.3217286857877172408e-05	-0.0002834869551172290161
-2	-2	4	-6.5450875233525755746e-05	6.8294667727087482977e-05	2.3279051078802014216e-05	-6.5608019991567957142e-05	-2.1085912077361870765e-05	1.3433238677597658817e-06
-2	-1	-4	1.6172046617515285224e-05	6.7750735688598345634e-06	-2.3770143593266920108e-05	-4.6658020702604208348e-05	-2.143487410440911738e-06	8.2769683912211348053e-06
-2	-1	-3	0.00013199041865342566273	-0.00024006567166554718183	-0.00030277582133932611462	-0.00022969633232310782524	1.2931661344158258535e-05	0.00023660922521806740534
-2	-1	-2	5.4130227891834890928e-05	-0.00016478701408986282779	-0.00020668467034376712351	0.00040891993587755225961	4.9212107280048677605e-05	-3.9672953848913288465e-05
-2	-1	-1	-0.0021210298642959646287	0.00063553028620503139012	0.00050021381632902109371	-6.9363845086204539963e-05	0.0037418459122629085974	-0.0012016967273238584029
-2	-1	0	-1.8555644156506246537e-05	-0.00010755443475910211252	3.7111288313012493075e-05	0.00021510886951820422505	-0.0010881370938119170905	-0.00085025097962227098349
-2	-1	1	-0.0021027356763258535019	-0.0008512906852127480762	0.00073924926310803024555	0.00032997883020739049572	-0.003466222089543676433	-0.0013726025402181056025
-2	-1	2	-5.6612331594276748636e-05	-0.00013813814187933846217	9.3893397922713921189e-05	0.00033551248815392352908	-9.6656326329197846537e-06	2.9618102197623302372e-05
-2	-1	3	0.00011376094170283786915	0.00022485136149820396292	-0.0002446158823896227969	0.00025809290044940223774	-5.6979996613156830946e-06	0.00023593187448193672119
-2	-1	4	-1.2270415154613236599e-05	5.7731048493130658722e-06	2.3106084619463473505e-05	-3.0649141008550644973e-05	-3.5868642244075002934e-07	-4.7757328274811287306e-06
-2	0	-4	5.0815164188916652505e-06	5.7228093432304532958e-07	-1.0334020888477896027e-05	-1.2971336340470824864e-05	-2.5407582094458326252e-06	-2.8614046716152266479e-07
-2	0	-3	9.4041275376931371117e-05	-2.4686086645680383877e-05	3.5893162187786811269e-05	0.00044567399443755606426	-6.2694183584620914078e-05	1.6457391097120257047e-05
-2	0	-2	0.00070454332740593642124	0.00016993030981149633007	0.00011583996827115407898	-0.00025668376664967224856	-0.00070454332740593642124	-0.00016993030981149633007
-2	0	-1	-0.00026625350301067460344	-7.507959289443247395e-05	0.0076194836513659115404	-0.01052450918796326261	0.00053250700602134920687	0.0001501591857888649479
-2	0	0	0	-0	1.3097441509288598385e-05	3.9279903233633916038e-06	-0.00015556366351785857788	-3.7660167005458990554e-05
-2	0	1	0.00010603100719004336227	0.00025219581594668606488	0.012848368467769379422	-0.0023612741157885861962	0.00021206201438008672453	0.00050439163189337212975
-2	0	2	-0.00014008172261904946673	0.00072121660119777938631	-0.0002621353013786706463	-0.00010689409998420306965	-0.00014008172261904946673	0.00072121660119777938631
-2	0	3	5.1405014636073162579e-05	-8.1694145961216848434e-05	-0.00035710938802917843553	-0.00026397342435463490209	3.4270009757382106127e-05	-5.4462763974144561105e-05
-2	0	4	-4.7257356917589088069e-06	-7.1629553105405162407e-07	-1.0336171442497570644e-05	-1.2741178839594475761e-05	-2.3628678458794544034e-06	-3.5814776552702581204e-07
-2	1	-4	-6.0531320375228139051e-07	1.269129628200975761e-05	1.5486918456913087054e-05	3.5250222432600207664e-05	4.1743862161044122469e-06	2.4669074671451739583e-06
-2	1	-3	-0.00017343064287411353338	-0.00018093104276532419295	-0.00013729527041108992888	0.0003384566405467022681	6.9855338445712374779e-05	0.00023343957535911687563
-2	1	-2	1.3886149229893156095e-05	-0.00014121069980438445582	7.9086851661520408442e-05	-0.00035503917542239397769	2.5657276600867053208e-05	-3.6308887906812519473e-05
-2	1	-1	-0.00010636211259656521886	0.0022268202316365268145	-5.3371083557857452334e-05	0.00075684695428027712414	0.00015935314163527297183	-0.0036967935089927766133
-2	1	0	0.00010458404716329796616	2.0792933284812438894e-05	0.00020916809432659593231	4.1585866569624877788e-05	-0.0011823266699584661279	0.00060833608843183640917
-2	1	1	-0.00171782740396343378	0.0013575607594554044404	-0.00042609105956825221034	0.00019478258873847654207	-0.0030095637483586153496	0.0025203389301723319593
-2	1	2	-0.0001156761199229190836	0.00013448650737066738408	-0.00036600904665507524166	0.00029105269958684947419	6.7328403404618523682e-05	-1.1039842422757366563e-05
-2	1	3	0.00027056399237759533273	2.4372926176380201025e-05	-0.00011093943644400297056	0.00037318469699099289906	0.00021735580706639786512	-0.000108146281546077499
-2	1	4	1.1699108048161752704e-05	-1.2353654810110304189e-05	5.1476412119547777313e-05	-4.2651151147235715652e-06	-7.0195490058060688236e-06	-5.1105486263742594147e-06
-2	2	-4	-9.3813889755980445695e-05	-8.8712373623195394534e-06	-6.5471103154743885569e-05	2.6507872182737916492e-05	1.4171393300618280063e-05	1.7689554772528727126e-05
-2	2	-3	0.00026520559704181249309	-0.00046478196078864975147	0.00070420374766107392793	-0.00026409529839277776997	0.00029266543374617428989	0.0001337911082639146453
-2	2	-2	0.00040320198226705177219	0.00035686869174873781223	0.00020473701711134812027	-4.4616614350887503796e-06	-0.00019846496515570365192	-0.00036133035318382651603
-2	2	-1	-0.00025232737190731944652	6.2704403418737246511e-05	-0.00014169527188392840727	-4.8057622930234553159e-05	0.0002212642000467820514	-0.00022152405269794359934
-2	2	0	0.00067956695880466927787	-6.6173788211327917393e-05	0.00067956695880466927787	-6.6173788211327917393e-05	4.8298165136950992754e-05	0.00054238684604281464392
-2	2	1	0.00032072967017276679405	8.3308575905145833555e-05	0.0001235339237885168715	-2.0312304754082160071e-05	0.0003943914927684997909	0.00020724176131845596692
-2	2	2	0.00039789466649810338031	-0.00058401168265711221085	0.00016320650875725366052	-0.00016398411784271488246	0.00023468815774084969268	-0.0004200275648143973555
-2	2	3	-0.0005216476834795324936	-0.00053376010184464424847	-0.00078825033691928077413	-0.00023765331271576934551	0.00017773510229316546614	-0.00019740452608591656583
-2	2	4	-0.00012025955538187304737	4.6717222051961853528e-05	-8.1704238382361555173e-05	7.2723043641809014341e-07	-1.9277658499755746097e-05	2.2994995807771881428e-05
-2	3	-4	9.2452057997265900098e-05	-0.00012272353870779398734	9.6526279639652217681e-05	-7.2277661232654228773e-05	2.6168680731106209824e-05	7.1535234294063280175e-06
-2	3	-3	0.00033627885096095867529	0.00052747046083645844714	0.00083305307055977682006	0.00054244903391722294923	0.00060886716991913770319	0.00019080206002625057886
-2	3	-2	-0.00010011688202241367186	-0.00017966859194835634126	-0.000291604823357127427	-0.00028160925892074307499	-0.00033729035301327742798	-0.00024274529643275827122
-2	3	-1	-2.3083670569042827705e-06	0.00023026097910248117368	-5.4374761948681454436e-05	7.4211165467809130352e-05	-0.00015850755173223577744	-0.0002378884618015349292
-2	3	0	-0.00028814539959471800528	0.00026282993970218234683	-0.00019209693306314532782	0.00017521995980145489789	0.00015601978418527002188	0.0002580833480427484187
-2	3	1	0.00028811407880721662516	0.00010657394340667746934	9.0156057159354352796e-05	8.0586473318914082363e-06	0.00030575998613637021904	0.0001889719448176807072
-2	3	2	0.00023787793499273056385	0.00012376863580949531529	0.00022630300300348663804	0.00040917213253158208177	-0.0001015765695124993932	-0.00048998956298787780736
-2	3	3	0.00060713117094454585685	0.00045995963932320436734	0.00065782662390946632699	0.00091200645138465462509	-0.00025307250994643579189	-0.00060536669183585171353
-2	3	4	0.00017694182650319193492	-9.3769091650067881846e-05	0.00013353454768964142748	-0.00010295528173178833604	-1.1679997515635103151e-05	3.0331915473807307716e-05
-2	4	-4	1.7368705923381621195e-06	4.1661322610136704379e-05	5.3118098514179292336e-05	5.7712706304241458317e-05	5.2249663218010215088e-05	3.6882044999173106128e-05
-2	4	-3	-0.0001021017226573414828	-6.3468863787631600928e-05	2.3734930432821073744e-05	-3.282481883908763636e-05	9.9714389015322424706e-05	-1.4538492603624480726e-06
-2	4	-2	9.0026809867863738512e-05	-4.8295560350625178162e-05	2.7091361254228084569e-06	-1.5089323452704374434e-05	-8.4608537617018110587e-05	1.8116913445216425906e-05
-2	4	-1	-6.5578453130438912029e-06	6.9630174277114260657e-05	-8.3316360550409532113e-06	2.6746270926625471823e-05	-2.0210853594076028745e-05	-3.227526484772662047e-05
-2	4	0	5.9802753239924470114e-06	1.1744156986317097496e-07	2.9901376619962235057e-06	5.8720784931585487479e-08	5.5164413517951260907e-05	2.1685568548609894421e-05
-2	4	1	4.5983708085145351147e-05	-7.3631911825283748976e-05	1.028078525305370239e-05	-2.9348196421984926635e-05	5.0844275158075892735e-05	-2.9871037962627794801e-05
-2	4	2	-6.8328809650883745564e-05	-0.00012456190439429900901	-1.1283597694614848673e-06	-1.7571434589305682356e-05	-6.6072090111960767359e-05	-8.9419035215687644297e-05
-2	4	3	-0.00016681846029487087751	-5.7706051185425544613e-07	-3.7045852996999501246e-06	2.6754215431353398422e-05	-0.0001062728597969806436	-3.6056994249707366852e-05
-2	4	4	-3.0664816764649183124e-05	4.8881135740861064807e-05	-8.002855621903110677e-05	3.4825215719681185437e-05	6.4696147836706518596e-05	-1.0384647849250654728e-05
-1	-4	-4	2.1645265406294300083e-05	-3.9453237080018958429e-06	-2.4569008235759111841e-05	1.5641648837246112521e-05	1.915769188418553682e-05	-1.4655317910245638772e-05
-1	-4	-3	6.2303063991204729756e-06	-1.1494687120051131255e-05	1.3416930346264829927e-05	5.288706834088934103e-06	-1.9966009261393265922e-05	-3.2200467387682017191e-06
-1	-4	-2	1.6317321459248837582e-05	-1.3672494719944493374e-05	8.7435348340729110699e-06	3.3471905952075313158e-06	-2.5645730397770239237e-05	1.418661695571836317e-07
-1	-4	-1	9.3871780885720231794e-06	-9.5263493467193332257e-06	-1.6977490327342236713e-06	-4.314904348847304072e-06	-2.5961819576351280707e-06	2.678596674210854782e-05
-1	-4	0	-1.6686314653089302172e-05	-1.0113451947249724893e-05	4.1715786632723255429e-06	2.5283629868124312233e-06	-1.8475299583318797185e-06	9.78286685190477698e-06
-1	-4	1	-3.0794321415837909077e-06	-9.9021435005663942664e-06	5.1347736884758468092e-06	-1.1550192589338806487e-06	1.7459662612319596753e-05	-1.4522220536301916861e-05
-1	-4	2	-2.4844360130621374575e-06	1.5346848977747178208e-05	7.3887816636355851111e-06	1.1925537776848777649e-06	1.3535345320740100011e-05	1.005853204424334421e-05
-1	-4	3	5.1568266845713238645e-06	-7.2804398231947353454e-06	-6.9031648945784271069e-06	-1.0218348289773784295e-05	-7.4852776312474615211e-06	-1.6051277660763290842e-05
-1	-4	4	8.4612510863953183316e-06	1.2809228129979305589e-05	-6.5439025220478435737e-06	-2.2432857079606801514e-05	-4.4285897504490135673e-06	-1.923055004711197427e-05
-1	-3	-4	7.1314616375553079153e-06	-0.00011677941170301181202	-3.6961894625138126933e-06	4.9750643587391906049e-05	9.892766874965324353e-07	-8.1181297647909731428e-06
-1	-3	-3	-0.00052786068122086314373	-0.00024676993788987083714	0.00025721488381670815429	0.00024395548877799823687	-8.1261323409753804668e-05	-0.00016169884281470793975
-1	-3	-2	-0.0002861723425665407914	0.00059236503989624036178	-4.9950282926840573728e-05	-0.00023980890490267537979	0.00021801159567353124952	6.3530837405892902348e-05
-1	-3	-1	0.00024336421842947948322	0.00022270009646629138154	-5.3739023121203643117e-05	2.4762707021899513465e-05	-8.2147149065868574195e-05	-0.00029698821753198990838
-1	-3	0	0.00060199911238624894197	-5.6603295457313535758e-05	-0.00020066637079541632302	1.8867765152437846382e-05	4.848056570553241278e-06	0.00029181320050843204822
-1	-3	1	-0.00012551776343363324376	0.00016959463589179623959	2.9590687133788466645e-05	3.3030204868668179834e-05	-3.6745702032267837044e-05	0.00026868525049780078587
-1	-3	2	-0.0003016565064421348921	-0.00041511578321735731522	-1.0651039684039959336e-05	0.00023378400080040172	-0.00016680481274712738167	0.00014311810959192390884
-1	-3	3	0.00031600323186103810354	-0.00030326677245545952078	-0.00010711084156272249971	0.00029506825600758123784	-1.7764309423764585608e-06	0.00019397933185576139757
-1	-3	4	3.1942539803075848434e-05	8.1535568674415321872e-05	-8.6220916921746962433e-06	-3.3130554767465990925e-05	1.519066181637939926e-06	-4.4640239069956593376e-06
-1	-2	-4	-4.0038498100234884685e-05	-2.5707739008506092437e-05	2.6785361587604481583e-05	5.0173614849352531889e-05	-3.3830562687435200435e-06	-1.8659872672549741141e-05
-1	-2	-3	-0.00010607253939225937014	0.0002826058818964889501	0.00035355316155965394159	-0.00029251230209522056415	-0.00020034459457568285575	0.00010080624076465072607
-1	-2	-2	-7.8470410068257967842e-05	-1.9695773428480643893e-05	4.8269306409039601665e-05	-0.00027496196819778436849	-9.0341013749106126616e-06	0.00028480985491202465316
-1	-2	-1	0.0030662918225382953565	-0.0029324258439458791153	-0.0011643456241725070894	0.0022413706939590550583	-0.00073760057419328128609	-0.0015503155439722305677
-1	-2	0	-0.0010423399345321985709	0.00071919649185205796003	0.00052116996726609928544	-0.00035959824592602898001	0.0085166966012345558801	0.010426036598443934669
-1	-2	1	-0.0037832762365944522763	0.0024936618041833898997	0.0024660349256920041476	-0.00069340532567035821371	0.0011487936147895558021	0.0011068511528426734723
-1	-2	2	4.711700520720818591e-06	0.0001499713165907689725	0.00021266276666764789621	-1.5861579686160638209e-05	0.00021501861692800830635	5.9124078609223851429e-05
-1	-2	3	0.0002472091553690784131	-1.8392015544754383531e-05	-0.00030438174603552876213	0.00018848820605072349609	-0.00012051811223399302802	0.0001195281321855641961
-1	-2	4	1.2907750180246749608e-05	3.2895147992587737496e-05	-3.9415879020623862175e-05	-2.483627852601610119e-05	-1.648100196525024538e-05	-4.1943522648611153742e-06
-1	-1	-4	-2.3668725065641974572e-05	2.5871233331626189058e-07	1.866381623545116411e-05	-9.5586518240871683774e-06	1.2512272075477028273e-06	2.3249848726927267805e-06
-1	-1	-3	-0.00012302461778371161791	0.00022340814615260800062	0.00011151540990713734562	-2.6679913797297938018e-05	3.8364026255247554544e-06	-6.5576077451770024254e-05
-1	-1	-2	-0.0010849600468922262608	-0.00084863161928856246149	-0.0028789424228721966804	0.0029754067488949849721	0.0019819512348822113622	-0.0010633875648032112011
-1	-1	-1	0.0062629114975734445983	0.00020695503091087386299	0.0016141238548193687953	0.0012202541957074199315	-0.0078770353523928138273	-0.0014272092266182938216
-1	-1	0	-0.0013489117726833872724	0.00429572168938716515	0.0013489117726833872724	-0.00429572168938716515	0.076577515605846815938	0.025274970286173460698
-1	-1	1	0.0062276177590073599627	0.0036197817296336888375	-0.00015852770973720124248	0.0012801599997356292483	0.0060690900492701583407	0.0048999417293693180858
-1	-1	2	0.0015164572747315102456	-0.00014387636321942868503	0.00080857417434569668017	0.0041708944751289896147	0.0011625157245386034087	0.0020135090559547804377
-1	-1	3	8.0194458294596152688e-06	-0.00021924469329301580068	9.8205345260249913729e-05	6.0263850806070427845e-05	3.5408263696569839611e-05	-5.2993614162315126539e-05
-1	-1	4	1.5056713434753949541e-05	9.0509814139724620665e-06	-4.4275563601628681903e-06	-1.7232182076851795539e-05	2.6572892686477701258e-06	-2.0453001657198333681e-06
-1	0	-4	3.6367308393559545919e-06	1.7356138557952107109e-05	2.4855538908770095653e-05	-7.7762513033019321421e-06	-9.0918270983898864798e-07	-4.3390346394880267774e-06
-1	0	-3	1.3135008645839492175e-05	-6.1777506604159990958e-05	0.00019513599414572511373	-3.0764588394652051266e-05	-4.378336215279830725e-06	2.0592502201386665912e-05
-1	0	-2	-0.00015336521979956061162	0.00019315617353652926808	-0.0033823999830399054632	-0.0015461698860974239667	7.6682609899780305811e-05	-9.6578086768264634039e-05
-1	0	-1	0.0031909835849744756439	-0.00051580449659492709578	-0.048213800233410590568	-0.060204357014628707978	-0.0031909835849744756439	0.00051580449659492709578
-1	0	0	0	-0	-0.0080447125575325885427	0.015427145750741878133	0.36345752411589449249	-0.10151309324212856589
-1	0	1	0.0028383555467198884163	0.0017562465140538469511	-0.0067406782499742435091	0.077402592122739477531	0.0028383555467198884163	0.0017562465140538469511
-1	0	2	0.00022214981027295142672	0.00011904906228565629244	0.0015116726358513983726	-0.0033578094644505429231	0.00011107490513647571336	5.952453114282814622e-05
-1	0	3	3.3649436891332948493e-05	5.1588168530354244572e-05	0.00011289424051999548816	-0.00017395089082580830167	1.1216478963777648368e-05	1.7196056176784747061e-05
-1	0	4	4.838530918026552846e-06	1.6972198504630118371e-05	-2.4551223858677454013e-05	8.3599958698723699787e-06	1.2096327295066382115e-06	4.2430496261575295928e-06
-1	1	-4	-1.4564848135842998203e-05	9.4581547175454242985e-06	-1.6628600432614890227e-05	-4.8804586122653325505e-06	-5.1593807419297268831e-07	-3.5846533324526890005e-06
-1	1	-3	-6.373050024664299307e-05	-0.0002087336716532470801	-0.00012145186299507390766	-1.6446810317209258501e-05	-1.9240454249476973789e-05	6.4095620445345940532e-05
-1	1	-2	-0.0013826646261590627793	-0.00052091171892255190221	-0.0011555705442338241005	0.0040824979987947093013	0.00011354704096261932585	0.0023017048588586303849
-1	1	-1	-0.001246179868470691449	0.0069295951655901615734	0.0011300478944444452851	-0.00034816629566252420801	0.0023762277629151367341	-0.0072777614612526859983
-1	1	0	0.0032187265426930613751	0.0027423811074135241543	0.0032187265426930613751	0.0027423811074135241543	-0.054356098081633594243	0.058497916607816655143
-1	1	1	-0.0057428339007748524167	0.0021786843061930610994	0.0021718749377496703035	0.00058770245158050785604	-0.0079147088385245235875	0.0015909818546125532434
-1	1	2	-0.00071714544336593714999	-0.0011739409322876635713	0.0037898881927977911242	-0.0016962138283467516689	-0.0022535168180818640829	0.00026113644802954404881
-1	1	3	0.00025212736118808204075	3.2808082363441169326e-05	6.1695033697370954963e-05	9.8280634023803714822e-05	6.3477442496903704297e-05	-2.1824183886787517424e-05
-1	1	4	8.9895177910089386577e-06	-2.1557378697190414455e-05	-2.5458784285606491415e-06	-1.9698830715823234609e-05	2.8838490548923971616e-06	-4.6463699534179464407e-07
-1	2	-4	1.6859371704627817171e-05	-2.978582132224686052e-05	-6.7025396340195370054e-06	-4.6685338610176313446e-05	-7.5661127431667227954e-06	-1.5896213974526439899e-05
-1	2	-3	-1.2804785910993018779e-05	0.00023749777310956018224	0.00014785126544293263995	0.00032609969707891829291	0.00010283577226561942781	0.00013823387368275879216
-1	2	-2	0.00010994420552764565973	0.00011803211144702059556	-0.0001372734177209974525	0.00016851276588582061338	-0.00019224552048482026882	0.00010949671016231032916
-1	2	-1	0.0039525238788230988157	-0.0021154702090197688782	0.0025035404126026224864	-0.00047059080428732543919	0.0010545569463821459402	0.0011742886004451179999
-1	2	0	-0.0012467763472963763402	-0.0003477725338449732086	-0.0006233881736481881701	-0.0001738862669224866043	0.0023131740067391958794	-0.013160284877325807013
-1	2	1	-0.0027524196994001730657	-0.0031781582764198522233	-0.0021693170759211162155	-0.0012568953750583531422	0.0015862144524420593653	-0.00066436752630314615566
-1	2	2	7.5639367438168364109e-05	-3.9607349928610111143e-05	-0.00014224662860474866386	-0.00024771708244206771263	0.00018006631232383285947	0.00022791340747776265706
-1	2	3	-0.00010689923433023596844	0.0002697544224091895284	-0.00036043262858762465392	0.00027394508515507173547	0.00020465534094833777077	-9.2711915966984633961e-05
-1	2	4	8.2175674439351756783e-06	4.5196702725647629607e-05	-1.8595190827633775607e-05	5.3884147120036565888e-05	1.1351987274800681723e-05	-1.5642897878606375542e-05
-1	3	-4	5.3013898280035663929e-05	6.9982557394152096627e-05	1.56368904950434478e-05	2.9059051335945074813e-05	-1.525806698726330344e-06	4.2986491534207836473e-06
-1	3	-3	-0.00042495216334933582757	0.00012177727377951538508	-0.00023886610046106417689	0.00022908326946532946004	-9.7215379344618905555e-05	0.00018849084487215764694
-1	3	-2	0.00032449719651463755036	-0.00040227382173034991831	0.00022924083882734872116	-5.0618464943362350046e-05	0.00018161265998370432011	0.00012520921345013144425
-1	3	-1	9.8215402263445813927e-05	0.00017820830100929825547	-3.8769989568331975158e-05	4.0307038960160554623e-06	-0.00021452537096844172585	-0.00016611618932125008993
-1	3	0	-0.00057367487738681048615	0.00021858174527541137148	-0.00019122495912893681968	7.2860581758470461676e-05	7.718173174488661306e-05	0.00025940210026388339868
-1	3	1	8.6964906887536817174e-05	0.00031404561691924295095	5.2057729410427267382e-05	3.4967681055422263929e-06	-6.9208281343744991747e-05	0.00030355531260261626753
-1	3	2	0.00064863781987589230575	0.00010418798222446710902	0.00020919320676862908858	-0.00012018558214671341887	1.052909978500254203e-05	0.00023237236433230366926
-1	3	3	0.0004680031538035491997	-0.00035174023324508558921	0.00034102419867702474894	-0.00010988104920071172898	-0.0001850231474091750157	-7.3656952143168041424e-06
-1	3	4	-2.9615419402135728666e-05	-0.00011301429006105279899	-1.170440584478401172e-05	-4.7194056171646262107e-05	1.3744495330540770474e-06	7.1419696134714942925e-06
-1	4	-4	-1.4497826543992019325e-05	7.0941123782424786245e-06	-2.4420120473509776006e-05	3.5778729567366770727e-06	-2.0795663837511772022e-05	1.8043448621760572048e-06
-1	4	-3	-1.6423057187449097036e-06	-8.839931648961302227e-06	1.1950458703154438658e-05	5.870449643571758598e-06	1.6481380177120887547e-05	1.0773910074416112771e-05
-1	4	-2	6.5400531135897644025e-06	-1.6548759697923717886e-05	7.8829744921832250467e-06	1.8194308468385945723e-06	1.2495922427571567892e-05	1.191324154263904724e-05
-1	4	-1	6.4881489406309318134e-06	-8.1417483639082561793e-06	-3.9994011335129216146e-06	-3.5313381021158524142e-06	-2.2485753474682619119e-05	-5.9836040445551543244e-06
-1	4	0	-1.3283721145383878211e-05	1.5852629228641328661e-05	-3.3209302863459695527e-06	3.9631573071603321652e-06	-1.024970059187207761e-05	-3.6136831027455398973e-06
-1	4	1	-1.3769958205492527836e-06	1.4704380982249507136e-05	-3.87710849817976138e-06	-2.2490927127280121347e-06	1.4131438172169791042e-05	2.370075183316155398e-05
-1	4	2	1.9904930638856862092e-05	-1.2188696500664203729e-05	-8.1833754901653087485e-06	-5.0245288168713320466e-06	2.6319216299759048543e-05	3.9547093834105622286e-06
-1	4	3	-1.2772787088192294781e-05	2.8386745817838138376e-07	4.7282134618175260447e-06	1.333133348493829447e-05	-1.0561880311820800218e-05	-1.768048882719159862e-05
-1	4	4	1.2091034261983828795e-06	2.1913106460839098394e-05	1.3129459550586043725e-05	2.6132974240536104168e-05	-1.2827183694036447105e-05	-2.0654697625326331263e-05
0	-4	-4	1.0886159007109381716e-05	1.009547264247649311e-05	6.2981909705346363602e-06	-7.1316977570767471791e-06	-6.2981909705346363602e-06	7.1316977570767471791e-06
0	-4	-3	3.0363110985332896884e-05	-1.4541434581727812419e-05	2.81831947516050851e-07	1.6221776092362460585e-06	-3.7577593002140113467e-07	-2.1629034789816614114e-06
0	-4	-2	-2.3290377013149919927e-06	-3.3019304434883576225e-05	-2.7924270693745113627e-06	3.3733455713957528402e-07	5.5848541387490227255e-06	-6.7466911427915056804e-07
0	-4	-1	-3.0681652350021000315e-05	-1.0226491320572332652e-05	1.0480183052366453115e-06	-3.0005282365547577128e-06	-4.1920732209465812459e-06	1.2002112946219030851e-05
0	-4	0	-2.1769072454738710881e-06	3.4093575560373695113e-06	0	-0	2.0927034428461617048e-07	1.8114985427759242072e-07
0	-4	1	1.2329430694791549558e-05	2.3693310518091560923e-05	2.8929839425511707588e-06	-1.499604202552292379e-06	1.1571935770204683035e-05	-5.998416810209169516e-06
0	-4	2	-2.2171575902785538011e-05	1.6337894943503170888e-06	-1.709605959881742107e-07	-3.8551596107757260878e-06	-3.4192119197634842139e-07	-7.7103192215514521757e-06
0	-4	3	6.8122098640531775435e-06	-2.2011431348888587186e-05	-4.2146885523968099927e-06	-1.0127965347829756473e-06	-5.6195847365290805549e-06	-1.350395379710634267e-06
0	-4	4	7.6484011354059675371e-06	6.414443183427881654e-06	-4.9408101262668736945e-06	6.0829569769893656423e-06	-4.9408101262668736945e-06	6.0829569769893656423e-06
0	-3	-4	-1.3123925214444350118e-06	1.3584847850317969051e-05	-3.1020870320074083696e-05	-5.2034716698936280837e-06	2.3265652740055564466e-05	3.9026037524202204275e-06
0	-3	-3	-9.2342438723319000582e-06	-1.2026811338941766842e-05	-9.7635024859356661837e-05	0.00016272919333919816007	9.7635024859356661837e-05	-0.00016272919333919816007
0	-3	-2	-0.00023459749019211816935	0.00015860946304661503389	6.5784755431314934169e-05	8.8456532285557381711e-05	-9.8677133146972414806e-05	-0.00013268479842833607934
0	-3	-1	-6.5006763315946793861e-05	-0.00021762493868438919893	-2.6055915175206474812e-05	5.4891919296058214127e-06	7.8167745525619427823e-05	-1.6467575788817463391e-05
0	-3	0	0.00054998892404328270696	8.2363981797943492487e-05	0	7.0064923213857003084e-46	4.0986259515462467994e-05	-0.00028999839323944217283
0	-3	1	0.00016191178817385006765	-0.00026055356179587854572	2.3180917288548570177e-05	1.1758423831934551452e-05	6.9542751865645703753e-05	3.5275271495803652662e-05
0	-3	2	-0.00017508766867810470771	-0.00022048557670271718431	6.8775453009197907582e-05	-5.3767953966904462749e-05	0.00010316317951379686815	-8.0651930950356690735e-05
0	-3	3	9.2375929894563832097e-06	-5.5099613623625572043e-06	3.2739447739892585485e-05	0.00014111634949374855276	3.2739447739892585485e-05	0.00014111634949374855276
0	-3	4	1.8023158336594488521e-06	-1.1104261060944321796e-05	-2.0858229279007982918e-05	-2.484333645725753128e-06	-1.5643671959255988035e-05	-1.863250234294314846e-06
0	-2	-4	5.1096064025299988245e-05	-2.2351541560905078621e-05	-4.0048049697662513026e-06	-8.309695760423312452e-06	2.0024024848831256513e-06	4.154847880211656226e-06
0	-2	-3	-1.1154773199918072957e-05	-0.00037620913743888835697	0.00028870458538088458657	3.883990089221575711e-06	-0.00019246972358725637298	-2.5893267261477171407e-06
0	-2	-2	-0.00022055384704893206773	-7.0013788270538654932e-05	-0.00024433221301061694864	0.00062588681726280796964	0.00024433221301061694864	-0.00062588681726280796964
0	-2	-1	-0.0036767376226275482777	0.0038412382351459533475	-9.9463430849688468423e-07	5.8632015636892407588e-06	1.9892686169937693685e-06	-1.1726403127378481518e-05
0	-2	0	0.00033412055066720251686	0.00020322235074484717456	0	-0	-0.00033368097092076180223	0.00010239703370972391163
0	-2	1	0.0050460413692284440679	-0.00029281430469324743133	3.7232626596545436112e-06	6.7699231454549120145e-05	7.4465253193090872225e-06	0.00013539846290909824029
0	-2	2	-9.2162774484635592983e-05	0.00020852930285135450397	-0.00072007767472134765179	-0.00025735885181177900168	-0.00072007767472134765179	-0.00025735885181177900168
0	-2	3	-0.00020990222893697317651	-0.00019117425170769896444	-0.00020137759282994182751	0.00023374675024855824678	-0.00013425172855329454264	0.00015583116683237215549
0	-2	4	3.7545171756920074863e-05	-1.7787500865463942408e-05	3.7693911401284062893e-06	8.1217077457887250293e-06	1.8846955700642031446e-06	4.0608538728943625146e-06
0	-1	-4	-8.4761633842883744833e-06	-5.9850378138381392381e-06	-1.4814143109849990535e-05	2.2151260772381710737e-05	3.7035357774624976337e-06	-5.5378151930954276841e-06
0	-1	-3	0.00025763005046712305962	-0.00016270491008977714612	0.00033439889049024563474	0.00048919856593133363015	-0.00011146629683008188276	-0.00016306618864377788575
0	-1	-2	0.0028334673390749535483	0.01448214554112658807	0.0021400126895339457306	-0.00045148308900997850606	-0.0010700063447669728653	0.00022574154450498925303
0	-1	-1	-0.086739678887937612939	-0.016793865335447959175	-0.00028705335706486010544	0.0012776219154356346832	0.00028705335706486010544	-0.0012776219154356346832
0	-1	0	0.21191113922048837592	-0.32991925721108006364	0	-0	-0.064007784566480679933	-0.041340003449268365732
0	-1	1	-0.048422011029757232314	-0.068359099420374394573	0.0010670935306108222853	-0.0010897087980540900391	0.0010670935306108222853	-0.0010897087980540900391
0	-1	2	-0.01402850933827826975	0.0033259047629639704007	-0.00037782391834601425536	-0.0016506498905245836715	-0.00018891195917300712768	-0.00082532494526229183574
0	-1	3	-4.3624759125886833496e-05	0.00028535722503889992142	0.00054968179887910674497	9.6751449595691157318e-05	0.00018322726629303558166	3.2250483198563719106e-05
0	-1	4	8.06284268993537284e-06	4.5683407013744843818e-06	-9.3825079012362689625e-06	1.5770834807728732518e-05	-2.3456269753090672406e-06	3.9427087019321831296e-06
0	0	-4	4.1877142769838398414e-08	-7.4075738612308708671e-07	2.7068822756138021575e-07	6.3042569248473305781e-08	0	-0
0	0	-3	0.000496468685322354439	0.00022171829448070203765	0.00029897300202482048189	-0.00065443240816246306835	-2.8025969285542801233e-45	-0
0	0	-2	0.00010427460511275159791	-8.8856822407753894796e-05	0.00035772440785432287102	0.00046070578370309097672	0	-0
0	0	-1	-0.024116609922449367548	-0.05980967880990870067	-0.36120043430017406694	0.14554654618939241728	0	-0
0	0	1	-0.024116609922449367548	0.05980967880990870067	-0.36120043430017406694	-0.14554654618939241728	0	0
0	0	2	0.00010427460511275159791	8.8856822407753894796e-05	0.00035772440785432287102	-0.00046070578370309097672	0	0
0	0	3	0.000496468685322354439	-0.00022171829448070203765	0.00029897300202482048189	0.00065443240816246306835	-2.8025969285542801233e-45	0
0	0	4	4.1877142769838398414e-08	7.4075738612308708671e-07	2.7068822756138021575e-07	-6.3042569248473305781e-08	0	0
0	1	-4	8.06284268993537284e-06	-4.5683407013744843818e-06	-9.3825079012362689625e-06	-1.5770834807728732518e-05	-2.3456269753090672406e-06	-3.9427087019321831296e-06
0	1	-3	-4.3624759125886833496e-05	-0.00028535722503889992142	0.00054968179887910674497	-9.6751449595691157318e-05	0.00018322726629303558166	-3.2250483198563719106e-05
0	1	-2	-0.01402850933827826975	-0.0033259047629639704007	-0.00037782391834601425536	0.0016506498905245836715	-0.00018891195917300712768	0.00082532494526229183574
0	1	-1	-0.048422011029757232314	0.068359099420374394573	0.0010670935306108222853	0.0010897087980540900391	0.0010670935306108222853	0.0010897087980540900391
0	1	0	0.21191113922048837592	0.32991925721108006364	0	0	-0.064007784566480679933	0.041340003449268365732
0	1	1	-0.086739678887937612939	0.016793865335447959175	-0.00028705335706486010544	-0.0012776219154356346832	0.00028705335706486010544	0.0012776219154356346832
0	1	2	0.0028334673390749535483	-0.01448214554112658807	0.0021400126895339457306	0.00045148308900997850606	-0.0010700063447669728653	-0.00022574154450498925303
0	1	3	0.00025763005046712305962	0.00016270491008977714612	0.00033439889049024563474	-0.00048919856593133363015	-0.00011146629683008188276	0.00016306618864377788575
0	1	4	-8.4761633842883744833e-06	5.9850378138381392381e-06	-1.4814143109849990535e-05	-2.2151260772381710737e-05	3.7035357774624976337e-06	5.5378151930954276841e-06
0	2	-4	3.7545171756920074863e-05	1.7787500865463942408e-05	3.7693911401284062893e-06	-8.1217077457887250293e-06	1.8846955700642031446e-06	-4.0608538728943625146e-06
0	2	-3	-0.00020990222893697317651	0.00019117425170769896444	-0.00020137759282994182751	-0.00023374675024855824678	-0.00013425172855329454264	-0.00015583116683237215549
0	2	-2	-9.2162774484635592983e-05	-0.00020852930285135450397	-0.00072007767472134765179	0.00025735885181177900168	-0.00072007767472134765179	0.00025735885181177900168
0	2	-1	0.0050460413692284440679	0.00029281430469324743133	3.7232626596545436112e-06	-6.7699231454549120145e-05	7.4465253193090872225e-06	-0.00013539846290909824029
0	2	0	0.00033412055066720251686	-0.00020322235074484717456	0	0	-0.00033368097092076180223	-0.00010239703370972391163
0	2	1	-0.0036767376226275482777	-0.0038412382351459533475	-9.9463430849688468423e-07	-5.8632015636892407588e-06	1.9892686169937693685e-06	1.1726403127378481518e-05
0	2	2	-0.00022055384704893206773	7.0013788270538654932e-05	-0.00024433221301061694864	-0.00062588681726280796964	0.00024433221301061694864	0.00062588681726280796964
0	2	3	-1.1154773199918072957e-05	0.00037620913743888835697	0.00028870458538088458657	-3.883990089221575711e-06	-0.00019246972358725637298	2.5893267261477171407e-06
0	2	4	5.1096064025299988245e-05	2.2351541560905078621e-05	-4.0048049697662513026e-06	8.309695760423312452e-06	2.0024024848831256513e-06	-4.154847880211656226e-06
0	3	-4	1.8023158336594488521e-06	1.1104261060944321796e-05	-2.0858229279007982918e-05	2.484333645725753128e-06	-1.5643671959255988035e-05	1.863250234294314846e-06
0	3	-3	9.2375929894563832097e-06	5.5099613623625572043e-06	3.2739447739892585485e-05	-0.00014111634949374855276	3.2739447739892585485e-05	-0.00014111634949374855276
0	3	-2	-0.00017508766867810470771	0.00022048557670271718431	6.8775453009197907582e-05	5.3767953966904462749e-05	0.00010316317951379686815	8.0651930950356690735e-05
0	3	-1	0.00016191178817385006765	0.00026055356179587854572	2.3180917288548570177e-05	-1.1758423831934551452e-05	6.9542751865645703753e-05	-3.5275271495803652662e-05
0	3	0	0.00054998892404328270696	-8.2363981797943492487e-05	0	-7.0064923213857003084e-46	4.0986259515462467994e-05	0.00028999839323944217283
0	3	1	-6.5006763315946793861e-05	0.00021762493868438919893	-2.6055915175206474812e-05	-5.4891919296058214127e-06	7.8167745525619427823e-05	1.6467575788817463391e-05
0	3	2	-0.00023459749019211816935	-0.00015860946304661503389	6.5784755431314934169e-05	-8.8456532285557381711e-05	-9.8677133146972414806e-05	0.00013268479842833607934
0	3	3	-9.2342438723319000582e-06	1.2026811338941766842e-05	-9.7635024859356661837e-05	-0.00016272919333919816007	9.7635024859356661837e-05	0.00016272919333919816007
0	3	4	-1.3123925214444350118e-06	-1.3584847850317969051e-05	-3.1020870320074083696e-05	5.2034716698936280837e-06	2.3265652740055564466e-05	-3.9026037524202204275e-06
0	4	-4	7.6484011354059675371e-06	-6.414443183427881654e-06	-4.9408101262668736945e-06	-6.0829569769893656423e-06	-4.9408101262668736945e-06	-6.0829569769893656423e-06
0	4	-3	6.8122098640531775435e-06	2.2011431348888587186e-05	-4.2146885523968099927e-06	1.0127965347829756473e-06	-5.6195847365290805549e-06	1.350395379710634267e-06
0	4	-2	-2.2171575902785538011e-05	-1.6337894943503170888e-06	-1.709605959881742107e-07	3.8551596107757260878e-06	-3.4192119197634842139e-07	7.7103192215514521757e-06
0	4	-1	1.2329430694791549558e-05	-2.3693310518091560923e-05	2.8929839425511707588e-06	1.499604202552292379e-06	1.1571935770204683035e-05	5.998416810209169516e-06
0	4	0	-2.1769072454738710881e-06	-3.4093575560373695113e-06	0	0	2.0927034428461617048e-07	-1.8114985427759242072e-07
0	4	1	-3.0681652350021000315e-05	1.0226491320572332652e-05	1.0480183052366453115e-06	3.0005282365547577128e-06	-4.1920732209465812459e-06	-1.2002112946219030851e-05
0	4	2	-2.3290377013149919927e-06	3.3019304434883576225e-05	-2.7924270693745113627e-06	-3.3733455713957528402e-07	5.5848541387490227255e-06	6.7466911427915056804e-07
0	4	3	3.0363110985332896884e-05	1.4541434581727812419e-05	2.81831947516050851e-07	-1.6221776092362460585e-06	-3.7577593002140113467e-07	2.1629034789816614114e-06
0	4	4	1.0886159007109381716e-05	-1.009547264247649311e-05	6.2981909705346363602e-06	7.1316977570767471791e-06	-6.2981909705346363602e-06	-7.1316977570767471791e-06
1	-4	-4	1.2091034261983828795e-06	-2.1913106460839098394e-05	1.3129459550586043725e-05	-2.6132974240536104168e-05	-1.2827183694036447105e-05	2.0654697625326331263e-05
1	-4	-3	-1.2772787088192294781e-05	-2.8386745817838138376e-07	4.7282134618175260447e-06	-1.333133348493829447e-05	-1.0561880311820800218e-05	1.768048882719159862e-05
1	-4	-2	1.9904930638856862092e-05	1.2188696500664203729e-05	-8.1833754901653087485e-06	5.0245288168713320466e-06	2.6319216299759048543e-05	-3.9547093834105622286e-06
1	-4	-1	-1.3769958205492527836e-06	-1.4704380982249507136e-05	-3.87710849817976138e-06	2.2490927127280121347e-06	1.4131438172169791042e-05	-2.370075183316155398e-05
1	-4	0	-1.3283721145383878211e-05	-1.5852629228641328661e-05	-3.3209302863459695527e-06	-3.9631573071603321652e-06	-1.024970059187207761e-05	3.6136831027455398973e-06
1	-4	1	6.4881489406309318134e-06	8.1417483639082561793e-06	-3.9994011335129216146e-06	3.5313381021158524142e-06	-2.2485753474682619119e-05	5.9836040445551543244e-06
1	-4	2	6.5400531135897644025e-06	1.6548759697923717886e-05	7.8829744921832250467e-06	-1.8194308468385945723e-06	1.2495922427571567892e-05	-1.191324154263904724e-05
1	-4	3	-1.6423057187449097036e-06	8.839931648961302227e-06	1.1950458703154438658e-05	-5.870449643571758598e-06	1.6481380177120887547e-05	-1.0773910074416112771e-05
1	-4	4	-1.4497826543992019325e-05	-7.0941123782424786245e-06	-2.4420120473509776006e-05	-3.5778729567366770727e-06	-2.0795663837511772022e-05	-1.8043448621760572048e-06
1	-3	-4	-2.9615419402135728666e-05	0.00011301429006105279899	-1.170440584478401172e-05	4.7194056171646262107e-05	1.3744495330540770474e-06	-7.1419696134714942925e-06
1	-3	-3	0.0004680031538035491997	0.00035174023324508558921	0.00034102419867702474894	0.00010988104920071172898	-0.0001850231474091750157	7.3656952143168041424e-06
1	-3	-2	0.00064863781987589230575	-0.00010418798222446710902	0.00020919320676862908858	0.00012018558214671341887	1.052909978500254203e-05	-0.00023237236433230366926
1	-3	-1	8.6964906887536817174e-05	-0.00031404561691924295095	5.2057729410427267382e-05	-3.4967681055422263929e-06	-6.9208281343744991747e-05	-0.00030355531260261626753
1	-3	0	-0.00057367487738681048615	-0.00021858174527541137148	-0.00019122495912893681968	-7.2860581758470461676e-05	7.718173174488661306e-05	-0.00025940210026388339868
1	-3	1	9.8215402263445813927e-05	-0.00017820830100929825547	-3.8769989568331975158e-05	-4.0307038960160554623e-06	-0.00021452537096844172585	0.00016611618932125008993
1	-3	2	0.00032449719651463755036	0.00040227382173034991831	0.00022924083882734872116	5.0618464943362350046e-05	0.00018161265998370432011	-0.00012520921345013144425
1	-3	3	-0.00042495216334933582757	-0.00012177727377951538508	-0.00023886610046106417689	-0.00022908326946532946004	-9.7215379344618905555e-05	-0.00018849084487215764694
1	-3	4	5.3013898280035663929e-05	-6.9982557394152096627e-05	1.56368904950434478e-05	-2.9059051335945074813e-05	-1.525806698726330344e-06	-4.2986491534207836473e-06
1	-2	-4	8.2175674439351756783e-06	-4.5196702725647629607e-05	-1.8595190827633775607e-05	-5.3884147120036565888e-05	1.1351987274800681723e-05	1.5642897878606375542e-05
1	-2	-3	-0.00010689923433023596844	-0.0002697544224091895284	-0.00036043262858762465392	-0.00027394508515507173547	0.00020465534094833777077	9.2711915966984633961e-05
1	-2	-2	7.5639367438168364109e-05	3.9607349928610111143e-05	-0.00014224662860474866386	0.00024771708244206771263	0.00018006631232383285947	-0.00022791340747776265706
1	-2	-1	-0.0027524196994001730657	0.0031781582764198522233	-0.0021693170759211162155	0.0012568953750583531422	0.0015862144524420593653	0.00066436752630314615566
1	-2	0	-0.0012467763472963763402	0.0003477725338449732086	-0.0006233881736481881701	0.0001738862669224866043	0.0023131740067391958794	0.013160284877325807013
1	-2	1	0.0039525238788230988157	0.0021154702090197688782	0.0025035404126026224864	0.00047059080428732543919	0.0010545569463821459402	-0.0011742886004451179999
1	-2	2	0.00010994420552764565973	-0.00011803211144702059556	-0.0001372734177209974525	-0.00016851276588582061338	-0.00019224552048482026882	-0.00010949671016231032916
1	-2	3	-1.2804785910993018779e-05	-0.00023749777310956018224	0.00014785126544293263995	-0.00032609969707891829291	0.00010283577226561942781	-0.00013823387368275879216
1	-2	4	1.6859371704627817171e-05	2.978582132224686052e-05	-6.7025396340195370054e-06	4.6685338610176313446e-05	-7.5661127431667227954e-06	1.5896213974526439899e-05
1	-1	-4	8.9895177910089386577e-06	2.1557378697190414455e-05	-2.5458784285606491415e-06	1.9698830715823234609e-05	2.8838490548923971616e-06	4.6463699534179464407e-07
1	-1	-3	0.00025212736118808204075	-3.2808082363441169326e-05	6.1695033697370954963e-05	-9.8280634023803714822e-05	6.3477442496903704297e-05	2.1824183886787517424e-05
1	-1	-2	-0.00071714544336593714999	0.0011739409322876635713	0.0037898881927977911242	0.0016962138283467516689	-0.0022535168180818640829	-0.00026113644802954404881
1	-1	-1	-0.0057428339007748524167	-0.0021786843061930610994	0.0021718749377496703035	-0.00058770245158050785604	-0.0079147088385245235875	-0.0015909818546125532434
1	-1	0	0.0032187265426930613751	-0.0027423811074135241543	0.0032187265426930613751	-0.0027423811074135241543	-0.054356098081633594243	-0.058497916607816655143
1	-1	1	-0.001246179868470691449	-0.0069295951655901615734	0.0011300478944444452851	0.00034816629566252420801	0.0023762277629151367341	0.0072777614612526859983
1	-1	2	-0.0013826646261590627793	0.00052091171892255190221	-0.0011555705442338241005	-0.0040824979987947093013	0.00011354704096261932585	-0.0023017048588586303849
1	-1	3	-6.373050024664299307e-05	0.0002087336716532470801	-0.00012145186299507390766	1.6446810317209258501e-05	-1.9240454249476973789e-05	-6.4095620445345940532e-05
1	-1	4	-1.4564848135842998203e-05	-9.4581547175454242985e-06	-1.6628600432614890227e-05	4.8804586122653325505e-06	-5.1593807419297268831e-07	3.5846533324526890005e-06
1	0	-4	4.838530918026552846e-06	-1.6972198504630118371e-05	-2.4551223858677454013e-05	-8.3599958698723699787e-06	1.2096327295066382115e-06	-4.2430496261575295928e-06
1	0	-3	3.3649436891332948493e-05	-5.1588168530354244572e-05	0.00011289424051999548816	0.00017395089082580830167	1.1216478963777648368e-05	-1.7196056176784747061e-05
1	0	-2	0.00022214981027295142672	-0.00011904906228565629244	0.0015116726358513983726	0.0033578094644505429231	0.00011107490513647571336	-5.952453114282814622e-05
1	0	-1	0.0028383555467198884163	-0.0017562465140538469511	-0.0067406782499742435091	-0.077402592122739477531	0.0028383555467198884163	-0.0017562465140538469511
1	0	0	0	0	-0.0080447125575325885427	-0.015427145750741878133	0.36345752411589449249	0.10151309324212856589
1	0	1	0.0031909835849744756439	0.00051580449659492709578	-0.048213800233410590568	0.060204357014628707978	-0.0031909835849744756439	-0.00051580449659492709578
1	0	2	-0.00015336521979956061162	-0.00019315617353652926808	-0.0033823999830399054632	0.0015461698860974239667	7.6682609899780305811e-05	9.6578086768264634039e-05
1	0	3	1.3135008645839492175e-05	6.1777506604159990958e-05	0.00019513599414572511373	3.0764588394652051266e-05	-4.378336215279830725e-06	-2.0592502201386665912e-05
1	0	4	3.6367308393559545919e-06	-1.7356138557952107109e-05	2.4855538908770095653e-05	7.7762513033019321421e-06	-9.0918270983898864798e-07	4.3390346394880267774e-06
1	1	-4	1.5056713434753949541e-05	-9.0509814139724620665e-06	-4.4275563601628681903e-06	1.7232182076851795539e-05	2.6572892686477701258e-06	2.0453001657198333681e-06
1	1	-3	8.0194458294596152688e-06	0.00021924469329301580068	9.8205345260249913729e-05	-6.0263850806070427845e-05	3.5408263696569839611e-05	5.2993614162315126539e-05
1	1	-2	0.0015164572747315102456	0.00014387636321942868503	0.00080857417434569668017	-0.0041708944751289896147	0.0011625157245386034087	-0.0020135090559547804377
1	1	-1	0.0062276177590073599627	-0.0036197817296336888375	-0.00015852770973720124248	-0.0012801599997356292483	0.0060690900492701583407	-0.0048999417293693180858
1	1	0	-0.0013489117726833872724	-0.00429572168938716515	0.0013489117726833872724	0.00429572168938716515	0.076577515605846815938	-0.025274970286173460698
1	1	1	0.0062629114975734445983	-0.00020695503091087386299	0.0016141238548193687953	-0.0012202541957074199315	-0.0078770353523928138273	0.0014272092266182938216
1	1	2	-0.0010849600468922262608	0.00084863161928856246149	-0.0028789424228721966804	-0.0029754067488949849721	0.0019819512348822113622	0.0010633875648032112011
1	1	3	-0.00012302461778371161791	-0.00022340814615260800062	0.00011151540990713734562	2.6679913797297938018e-05	3.8364026255247554544e-06	6.5576077451770024254e-05
1	1	4	-2.3668725065641974572e-05	-2.5871233331626189058e-07	1.866381623545116411e-05	9.5586518240871683774e-06	1.2512272075477028273e-06	-2.3249848726927267805e-06
1	2	-4	1.2907750180246749608e-05	-3.2895147992587737496e-05	-3.9415879020623862175e-05	2.483627852601610119e-05	-1.648100196525024538e-05	4.1943522648611153742e-06
1	2	-3	0.0002472091553690784131	1.8392015544754383531e-05	-0.00030438174603552876213	-0.00018848820605072349609	-0.00012051811223399302802	-0.0001195281321855641961
1	2	-2	4.711700520720818591e-06	-0.0001499713165907689725	0.00021266276666764789621	1.5861579686160638209e-05	0.00021501861692800830635	-5.9124078609223851429e-05
1	2	-1	-0.0037832762365944522763	-0.0024936618041833898997	0.0024660349256920041476	0.00069340532567035821371	0.0011487936147895558021	-0.0011068511528426734723
1	2	0	-0.0010423399345321985709	-0.00071919649185205796003	0.00052116996726609928544	0.00035959824592602898001	0.0085166966012345558801	-0.010426036598443934669
1	2	1	0.0030662918225382953565	0.0029324258439458791153	-0.0011643456241725070894	-0.0022413706939590550583	-0.00073760057419328128609	0.0015503155439722305677
1	2	2	-7.8470410068257967842e-05	1.9695773428480643893e-05	4.8269306409039601665e-05	0.00027496196819778436849	-9.0341013749106126616e-06	-0.00028480985491202465316
1	2	3	-0.00010607253939225937014	-0.0002826058818964889501	0.00035355316155965394159	0.00029251230209522056415	-0.00020034459457568285575	-0.00010080624076465072607
1	2	4	-4.0038498100234884685e-05	2.5707739008506092437e-05	2.6785361587604481583e-05	-5.0173614849352531889e-05	-3.3830562687435200435e-06	1.8659872672549741141e-05
1	3	-4	3.1942539803075848434e-05	-8.1535568674415321872e-05	-8.6220916921746962433e-06	3.3130554767465990925e-05	1.519066181637939926e-06	4.4640239069956593376e-06
1	3	-3	0.00031600323186103810354	0.00030326677245545952078	-0.00010711084156272249971	-0.00029506825600758123784	-1.7764309423764585608e-06	-0.00019397933185576139757
1	3	-2	-0.0003016565064421348921	0.00041511578321735731522	-1.0651039684039959336e-05	-0.00023378400080040172	-0.00016680481274712738167	-0.00014311810959192390884
1	3	-1	-0.00012551776343363324376	-0.00016959463589179623959	2.9590687133788466645e-05	-3.3030204868668179834e-05	-3.6745702032267837044e-05	-0.00026868525049780078587
1	3	0	0.00060199911238624894197	5.6603295457313535758e-05	-0.00020066637079541632302	-1.8867765152437846382e-05	4.848056570553241278e-06	-0.00029181320050843204822
1	3	1	0.00024336421842947948322	-0.00022270009646629138154	-5.3739023121203643117e-05	-2.4762707021899513465e-05	-8.2147149065868574195e-05	0.00029698821753198990838
1	3	2	-0.0002861723425665407914	-0.00059236503989624036178	-4.9950282926840573728e-05	0.00023980890490267537979	0.00021801159567353124952	-6.3530837405892902348e-05
1	3	3	-0.00052786068122086314373	0.00024676993788987083714	0.00025721488381670815429	-0.00024395548877799823687	-8.1261323409753804668e-05	0.00016169884281470793975
1	3	4	7.1314616375553079153e-06	0.00011677941170301181202	-3.6961894625138126933e-06	-4.9750643587391906049e-05	9.892766874965324353e-07	8.1181297647909731428e-06
1	4	-4	8.4612510863953183316e-06	-1.2809228129979305589e-05	-6.5439025220478435737e-06	2.2432857079606801514e-05	-4.4285897504490135673e-06	1.923055004711197427e-05
1	4	-3	5.1568266845713238645e-06	7.2804398231947353454e-06	-6.9031648945784271069e-06	1.0218348289773784295e-05	-7.4852776312474615211e-06	1.6051277660763290842e-05
1	4	-2	-2.4844360130621374575e-06	-1.5346848977747178208e-05	7.3887816636355851111e-06	-1.1925537776848777649e-06	1.3535345320740100011e-05	-1.005853204424334421e-05
1	4	-1	-3.0794321415837909077e-06	9.9021435005663942664e-06	5.1347736884758468092e-06	1.1550192589338806487e-06	1.7459662612319596753e-05	1.4522220536301916861e-05
1	4	0	-1.6686314653089302172e-05	1.0113451947249724893e-05	4.1715786632723255429e-06	-2.5283629868124312233e-06	-1.8475299583318797185e-06	-9.78286685190477698e-06
1	4	1	9.3871780885720231794e-06	9.5263493467193332257e-06	-1.6977490327342236713e-06	4.314904348847304072e-06	-2.5961819576351280707e-06	-2.678596674210854782e-05
1	4	2	1.6317321459248837582e-05	1.3672494719944493374e-05	8.7435348340729110699e-06	-3.3471905952075313158e-06	-2.5645730397770239237e-05	-1.418661695571836317e-07
1	4	3	6.2303063991204729756e-06	1.1494687120051131255e-05	1.3416930346264829927e-05	-5.288706834088934103e-06	-1.9966009261393265922e-05	3.2200467387682017191e-06
1	4	4	2.1645265406294300083e-05	3.9453237080018958429e-06	-2.4569008235759111841e-05	-1.5641648837246112521e-05	1.915769188418553682e-05	1.4655317910245638772e-05
2	-4	-4	-3.0664816764649183124e-05	-4.8881135740861064807e-05	-8.002855621903110677e-05	-3.4825215719681185437e-05	6.4696147836706518596e-05	1.0384647849250654728e-05
2	-4	-3	-0.00016681846029487087751	5.7706051185425544613e-07	-3.7045852996999501246e-06	-2.6754215431353398422e-05	-0.0001062728597969806436	3.6056994249707366852e-05
2	-4	-2	-6.8328809650883745564e-05	0.00012456190439429900901	-1.1283597694614848673e-06	1.7571434589305682356e-05	-6.6072090111960767359e-05	8.9419035215687644297e-05
2	-4	-1	4.5983708085145351147e-05	7.3631911825283748976e-05	1.028078525305370239e-05	2.9348196421984926635e-05	5.0844275158075892735e-05	2.9871037962627794801e-05
2	-4	0	5.9802753239924470114e-06	-1.1744156986317097496e-07	2.9901376619962235057e-06	-5.8720784931585487479e-08	5.5164413517951260907e-05	-2.1685568548609894421e-05
2	-4	1	-6.5578453130438912029e-06	-6.9630174277114260657e-05	-8.3316360550409532113e-06	-2.6746270926625471823e-05	-2.0210853594076028745e-05	3.227526484772662047e-05
2	-4	2	9.0026809867863738512e-05	4.8295560350625178162e-05	2.7091361254228084569e-06	1.5089323452704374434e-05	-8.4608537617018110587e-05	-1.8116913445216425906e-05
2	-4	3	-0.0001021017226573414828	6.3468863787631600928e-05	2.3734930432821073744e-05	3.282481883908763636e-05	9.9714389015322424706e-05	1.4538492603624480726e-06
2	-4	4	1.7368705923381621195e-06	-4.1661322610136704379e-05	5.3118098514179292336e-05	-5.7712706304241458317e-05	5.2249663218010215088e-05	-3.6882044999173106128e-05
2	-3	-4	0.00017694182650319193492	9.3769091650067881846e-05	0.00013353454768964142748	0.00010295528173178833604	-1.1679997515635103151e-05	-3.0331915473807307716e-05
2	-3	-3	0.00060713117094454585685	-0.00045995963932320436734	0.00065782662390946632699	-0.00091200645138465462509	-0.00025307250994643579189	0.00060536669183585171353
2	-3	-2	0.00023787793499273056385	-0.00012376863580949531529	0.00022630300300348663804	-0.00040917213253158208177	-0.0001015765695124993932	0.00048998956298787780736
2	-3	-1	0.00028811407880721662516	-0.00010657394340667746934	9.0156057159354352796e-05	-8.0586473318914082363e-06	0.00030575998613637021904	-0.0001889719448176807072
2	-3	0	-0.00028814539959471800528	-0.00026282993970218234683	-0.00019209693306314532782	-0.00017521995980145489789	0.00015601978418527002188	-0.0002580833480427484187
2	-3	1	-2.3083670569042827705e-06	-0.00023026097910248117368	-5.4374761948681454436e-05	-7.4211165467809130352e-05	-0.00015850755173223577744	0.0002378884618015349292
2	-3	2	-0.00010011688202241367186	0.00017966859194835634126	-0.000291604823357127427	0.00028160925892074307499	-0.00033729035301327742798	0.00024274529643275827122
2	-3	3	0.00033627885096095867529	-0.00052747046083645844714	0.00083305307055977682006	-0.00054244903391722294923	0.00060886716991913770319	-0.00019080206002625057886
2	-3	4	9.2452057997265900098e-05	0.00012272353870779398734	9.6526279639652217681e-05	7.2277661232654228773e-05	2.6168680731106209824e-05	-7.1535234294063280175e-06
2	-2	-4	-0.00012025955538187304737	-4.6717222051961853528e-05	-8.1704238382361555173e-05	-7.2723043641809014341e-07	-1.9277658499755746097e-05	-2.2994995807771881428e-05
2	-2	-3	-0.0005216476834795324936	0.00053376010184464424847	-0.00078825033691928077413	0.00023765331271576934551	0.00017773510229316546614	0.00019740452608591656583
2	-2	-2	0.00039789466649810338031	0.00058401168265711221085	0.00016320650875725366052	0.00016398411784271488246	0.00023468815774084969268	0.0004200275648143973555
2	-2	-1	0.00032072967017276679405	-8.3308575905145833555e-05	0.0001235339237885168715	2.0312304754082160071e-05	0.0003943914927684997909	-0.00020724176131845596692
2	-2	0	0.00067956695880466927787	6.6173788211327917393e-05	0.00067956695880466927787	6.6173788211327917393e-05	4.8298165136950992754e-05	-0.00054238684604281464392
2	-2	1	-0.00025232737190731944652	-6.2704403418737246511e-05	-0.00014169527188392840727	4.8057622930234553159e-05	0.0002212642000467820514	0.00022152405269794359934
2	-2	2	0.00040320198226705177219	-0.00035686869174873781223	0.00020473701711134812027	4.4616614350887503796e-06	-0.00019846496515570365192	0.00036133035318382651603
2	-2	3	0.00026520559704181249309	0.00046478196078864975147	0.00070420374766107392793	0.00026409529839277776997	0.00029266543374617428989	-0.0001337911082639146453
2	-2	4	-9.3813889755980445695e-05	8.8712373623195394534e-06	-6.5471103154743885569e-05	-2.6507872182737916492e-05	1.4171393300618280063e-05	-1.7689554772528727126e-05
2	-1	-4	1.1699108048161752704e-05	1.2353654810110304189e-05	5.1476412119547777313e-05	4.2651151147235715652e-06	-7.0195490058060688236e-06	5.1105486263742594147e-06
2	-1	-3	0.00027056399237759533273	-2.4372926176380201025e-05	-0.00011093943644400297056	-0.00037318469699099289906	0.00021735580706639786512	0.000108146281546077499
2	-1	-2	-0.0001156761199229190836	-0.00013448650737066738408	-0.00036600904665507524166	-0.00029105269958684947419	6.7328403404618523682e-05	1.1039842422757366563e-05
2	-1	-1	-0.00171782740396343378	-0.0013575607594554044404	-0.00042609105956825221034	-0.00019478258873847654207	-0.0030095637483586153496	-0.0025203389301723319593
2	-1	0	0.00010458404716329796616	-2.0792933284812438894e-05	0.00020916809432659593231	-4.1585866569624877788e-05	-0.0011823266699584661279	-0.00060833608843183640917
2	-1	1	-0.00010636211259656521886	-0.0022268202316365268145	-5.3371083557857452334e-05	-0.00075684695428027712414	0.00015935314163527297183	0.0036967935089927766133
2	-1	2	1.3886149229893156095e-05	0.00014121069980438445582	7.9086851661520408442e-05	0.00035503917542239397769	2.5657276600867053208e-05	3.6308887906812519473e-05
2	-1	3	-0.00017343064287411353338	0.00018093104276532419295	-0.00013729527041108992888	-0.0003384566405467022681	6.9855338445712374779e-05	-0.00023343957535911687563
2	-1	4	-6.0531320375228139051e-07	-1.269129628200975761e-05	1.5486918456913087054e-05	-3.5250222432600207664e-05	4.1743862161044122469e-06	-2.4669074671451739583e-06
2	0	-4	-4.7257356917589088069e-06	7.1629553105405162407e-07	-1.0336171442497570644e-05	1.2741178839594475761e-05	-2.3628678458794544034e-06	3.5814776552702581204e-07
2	0	-3	5.1405014636073162579e-05	8.1694145961216848434e-05	-0.00035710938802917843553	0.00026397342435463490209	3.4270009757382106127e-05	5.4462763974144561105e-05
2	0	-2	-0.00014008172261904946673	-0.00072121660119777938631	-0.0002621353013786706463	0.00010689409998420306965	-0.00014008172261904946673	-0.00072121660119777938631
2	0	-1	0.00010603100719004336227	-0.00025219581594668606488	0.012848368467769379422	0.0023612741157885861962	0.00021206201438008672453	-0.00050439163189337212975
2	0	0	0	0	1.3097441509288598385e-05	-3.9279903233633916038e-06	-0.00015556366351785857788	3.7660167005458990554e-05
2	0	1	-0.00026625350301067460344	7.507959289443247395e-05	0.0076194836513659115404	0.01052450918796326261	0.00053250700602134920687	-0.0001501591857888649479
2	0	2	0.00070454332740593642124	-0.00016993030981149633007	0.00011583996827115407898	0.00025668376664967224856	-0.00070454332740593642124	0.00016993030981149633007
2	0	3	9.4041275376931371117e-05	2.4686086645680383877e-05	3.5893162187786811269e-05	-0.00044567399443755606426	-6.2694183584620914078e-05	-1.6457391097120257047e-05
2	0	4	5.0815164188916652505e-06	-5.7228093432304532958e-07	-1.0334020888477896027e-05	1.2971336340470824864e-05	-2.5407582094458326252e-06	2.8614046716152266479e-07
2	1	-4	-1.2270415154613236599e-05	-5.7731048493130658722e-06	2.3106084619463473505e-05	3.0649141008550644973e-05	-3.5868642244075002934e-07	4.7757328274811287306e-06
2	1	-3	0.00011376094170283786915	-0.00022485136149820396292	-0.0002446158823896227969	-0.00025809290044940223774	-5.6979996613156830946e-06	-0.00023593187448193672119
2	1	-2	-5.6612331594276748636e-05	0.00013813814187933846217	9.3893397922713921189e-05	-0.00033551248815392352908	-9.6656326329197846537e-06	-2.9618102197623302372e-05
2	1	-1	-0.0021027356763258535019	0.0008512906852127480762	0.00073924926310803024555	-0.00032997883020739049572	-0.003466222089543676433	0.0013726025402181056025
2	1	0	-1.8555644156506246537e-05	0.00010755443475910211252	3.7111288313012493075e-05	-0.00021510886951820422505	-0.0010881370938119170905	0.00085025097962227098349
2	1	1	-0.0021210298642959646287	-0.00063553028620503139012	0.00050021381632902109371	6.9363845086204539963e-05	0.0037418459122629085974	0.0012016967273238584029
2	1	2	5.4130227891834890928e-05	0.00016478701408986282779	-0.00020668467034376712351	-0.00040891993587755225961	4.9212107280048677605e-05	3.9672953848913288465e-05
2	1	3	0.00013199041865342566273	0.00024006567166554718183	-0.00030277582133932611462	0.00022969633232310782524	1.2931661344158258535e-05	-0.00023660922521806740534
2	1	4	1.6172046617515285224e-05	-6.7750735688598345634e-06	-2.3770143593266920108e-05	4.6658020702604208348e-05	-2.143487410440911738e-06	-8.2769683912211348053e-06
2	2	-4	-6.5450875233525755746e-05	-6.8294667727087482977e-05	2.3279051078802014216e-05	6.5608019991567957142e-05	-2.1085912077361870765e-05	-1.3433238677597658817e-06
2	2	-3	0.00048784502066037514637	-0.00021435192864708321704	-0.00034801909037355936065	0.00063958236132292674118	9.3217286857877172408e-05	0.0002834869551172290161
2	2	-2	-7.9601032507074667797e-05	0.00053075014930764738072	0.0001337125484860855393	-0.00014108195116574798449	5.4111515979010871508e-05	0.00038966819814189939623
2	2	-1	-0.00024000684618766200597	-7.394447130463803941e-05	0.00012963589835725161355	-3.5473012668667246465e-05	-0.00022074189566082081195	-0.0002188349679466105582
2	2	0	-0.00040324741772889240773	-0.0005742487679973761654	0.00040324741772889240773	0.0005742487679973761654	0.00044173647513152041822	-0.00030440117885979425935
2	2	1	4.0346396132459418408e-05	0.00032061554963297390561	3.7676656932708416515e-05	-0.00011481153287961664894	-0.0001560461061303356834	-0.00041160803350671448624
2	2	2	0.00067830782707125713941	0.00018787518504395460525	-0.00023175070448585820813	-3.4388653620582710203e-05	-0.00044655712258539895839	-0.00015348653142337190182
2	2	3	0.00054976565819686617001	-0.00050092386885592830002	-0.00080336953801304043527	0.00021591165945821362256	0.0001690692532107828164	0.00019000813959847644261
2	2	4	-4.6997155595881188236e-05	-0.0001200030607737389833	5.4140140188739618074e-05	6.1032763547497921044e-05	-3.5714922964292149189e-06	2.948514861312053113e-05
2	3	-4	-0.00012248784303616413343	-9.3714566168627650377e-05	0.00011167778903401254687	5.1077777940469074947e-05	2.2514420257427343434e-05	-8.5489496289620189781e-06
2	3	-3	0.00053331591785786309091	-0.0003281968381830989369	-0.00093937225448207967334	0.00011416902329720908927	-0.0005838283092435042794	-0.00010462886882485688221
2	3	-2	0.00023197423087792512085	4.5420911537828619054e-05	-0.00035150681540190324356	-0.00019900975593157034234	-0.00029528599222492971739	-0.00025309372235952687412
2	3	-1	0.00019293986058007518225	0.00012105831020369646185	-8.6531438406937626734e-05	2.7369927742410757975e-06	0.00012628540593933749786	0.00025032759873011616253
2	3	0	-0.00035365410334786353706	-0.00016796884929833473228	0.00023576940223190903374	0.00011197923286555650174	-8.0290079153636748381e-05	0.00028147923438042940503
2	3	1	-0.00029374531974717224851	-3.288581991538499068e-05	8.2075324590294627372e-05	2.8683513839571647095e-05	0.00034126466572346060135	-2.0278901687944963313e-05
2	3	2	0.00021208167126586448563	0.00019230716867880181587	-0.00046447919398787536035	-9.9610996825390802733e-05	0.000484637119715948582	-4.2890673440715611773e-05
2	3	3	-0.00010777730115021119488	-0.00076087454417810213621	0.00047588499439470317593	0.000997422675763845034	-0.00040403346029456237935	-0.00049017297964511024038
2	3	4	-0.00019868396989115275119	-3.5842584598622664004e-05	0.00016094332296184092591	5.5916137801558952873e-05	-2.1365507275804322224e-05	-2.4015811051857879264e-05
2	4	-4	-4.1655225433046199691e-05	-8.1965041157220032604e-06	4.6116005872554555417e-05	5.5892484321995682106e-05	2.528839315603145896e-05	5.1794232264134675394e-05
2	4	-3	4.8344058143398329589e-05	-0.00010984365706859846321	3.3379131815682203078e-05	1.2807913153206678132e-05	7.6734881183175161681e-05	-5.6151887174790071297e-05
2	4	-2	8.0200692100830189651e-05	6.1860270662445222671e-05	-2.2701457386951897784e-06	-1.4672083775386456881e-05	7.5660400623439821952e-05	3.2516103111672308909e-05
2	4	-1	-5.1149739918528757993e-05	4.575226766649687554e-05	1.6263503687485624048e-05	-2.2261617594283632053e-05	-3.7245465087115019794e-05	2.4580649558592292194e-06
2	4	0	-2.0534460626401711065e-06	5.977070239160689832e-06	1.0267230313200855532e-06	-2.988535119580344916e-06	-1.2310234198165796602e-05	-5.6554287220125017566e-05
2	4	1	7.9371876498438685026e-05	3.1723955374819411157e-05	-2.5573995647776841283e-05	-1.7212986779112666172e-05	-5.6447770405770018474e-05	5.4040363668118474586e-06
2	4	2	8.370462968729587333e-05	-0.00011218305139876221964	-4.2676736849389551478e-06	1.722402048256267736e-05	-7.5169282317417963034e-05	7.7735010433636864916e-05
2	4	3	-0.00010297854267014531365	-0.00012976221751112050617	-1.6214848917284759402e-05	2.0074669501306279971e-05	9.0272160336476550452e-05	5.9741919005671966414e-05
2	4	4	-5.2026222820244398884e-05	2.5340053593205737919e-05	4.2710841969723043767e-05	-7.4333776703968930735e-05	-1.6697730559600840937e-05	6.1663749907366058388e-05
3	-4	-4	-9.9670422596007937285e-05	6.5311169184022164233e-05	-8.3704837884149022801e-05	9.267452800058302131e-05	8.9520209371430664493e-06	-4.36911511125664083e-05
3	-4	-3	0.00021805979389774289524	1.4463518716722078872e-05	-6.0173690031846902829e-05	0.00012154868089899232252	0.00029829138060687208998	-0.00014760138914860100991
3	-4	-2	-1.5123227730905428146e-05	-0.00013619394787931624513	7.0549102972492191738e-05	-3.9043738017416802449e-06	-0.00016378304754134252654	-0.00019648217421549098519
3	-4	-1	-4.2246906439185986926e-05	1.4063346700805868936e-05	6.8086042135429780339e-06	-3.7588145135493046109e-06	-0.00015397513617172988647	5.7225298156614823558e-05
3	-4	0	3.7625729291751127716e-06	3.0438332580694350642e-05	2.8219296968813345787e-06	2.2828749435520761287e-05	2.2134551042333147245e-05	1.0563633930990131552e-05
3	-4	1	-3.1680398018939877249e-05	-4.437776559056912444e-06	1.0192383324053798548e-05	3.7878288136390636871e-06	0.00013581072735303483271	2.8464644931726991233e-05
3	-4	2	-1.2807686667354602105e-05	-0.00011694017392557062992	-6.1138707363598613601e-05	-7.9932138484652364671e-06	-0.00010306588472616531134	0.00015942383319142547533
3	-4	3	0.00020017254826357617483	-4.2722145901973068065e-05	-7.8931337594080600213e-05	-7.9332688013394620646e-05	-0.00030541433172235032652	-6.3054771449219768498e-05
3	-4	4	7.6490842750474895631e-05	4.5700919112190611731e-05	6.3561753218086179348e-05	9.5122937333749763142e-05	6.1936211552300025424e-06	6.0847247999606800955e-05
3	-3	-4	0.000492116617687482342	-0.00031901887988313311047	0.00028321025975728365614	-0.00019074873297739348586	0.00015667976844764902795	-9.6202610179304718458e-05
3	-3	-3	-0.0005105408166329673857	-0.0030648210762826912264	-0.00092159396327470301507	-0.001555780934462865691	0.00041105314664173557516	-0.0015090401418198255354
3	-3	-2	-0.0022257846690385777594	-0.00056471614207584028798	-0.0012101494347204568881	-0.00060142291967907204973	-0.00152345285147718109	5.5060166404847696829e-05
3	-3	-1	-0.00045562709917342517551	0.00057908316250414770994	-0.00033103271966956925639	0.00034221987432719934256	-0.00037378313851156775736	0.00071058986453084510213
3	-3	0	0.00016213909289171637355	0.00022651526711700234072	0.00016213909289171637355	0.00022651526711700234072	0.00019306219164584573406	-7.9818536635755093361e-05
3	-3	1	-0.00053310500961797229781	0.0001792045712983346222	-0.00031847255680199240777	0.00013283732969010040421	0.00064389735844793977854	-0.00013910172482470270819
3	-3	2	0.00015235297167153540867	-0.0017589686956697035605	-0.0001574060288912556161	-0.001068677861457478567	-0.00046463850084418656427	0.0010354362513183374903
3	-3	3	0.0020921238096988994948	0.0010955585477864851745	0.00070019653171826407977	0.0013200091878357936032	-0.0013919272779806355234	0.00022445064004930840164
3	-3	4	-0.00034027007317519820722	0.00027784305230021900859	-0.00018585247458747692446	0.00016726552285228080412	0.00011581319894079098918	-8.2933147085953673678e-05
3	-2	-4	-1.6186580987267902034e-05	-7.1943052492755068801e-05	-3.9321180612030368778e-05	8.5586718734982625539e-05	7.5206545655642578638e-06	-9.6750648737057610982e-05
3	-2	-3	-0.00078607888707767710652	-0.00031255759650123142099	-6.8253147885492018157e-05	0.0011304436706712922295	-0.00074057678848734904021	-0.0010661867102820929074
3	-2	-2	-8.7071605070784770025e-05	0.00054671037671302183565	0.00023465891069903357523	-3.2188124687559774067e-05	-0.00036526631830521074382	0.00085225368975709256143
3	-2	-1	0.00027858521971465676371	3.9872769328648821499e-05	0.00033349856500371427657	-6.8773343061219948617e-05	0.00016875852913654162957	0.00025716499410838636851
3	-2	0	3.9703732655339096346e-05	-3.3250142774554787822e-06	5.9555598983008641131e-05	-4.9875214161832181732e-06	0.00018905468651643251112	-0.00042785010191968728078
3	-2	1	-0.00019292209775763862053	-0.00013313675699851409214	-0.00018583789013951537705	-0.00026650815841947604092	0.0002070905129938851346	-0.00013360604584340980542
3	-2	2	0.00025035664276813605249	-0.00037444304039418476165	3.3972128294613696445e-06	0.00013687873116347514229	-0.00037213775132274265912	0.00069854329175475233897
3	-2	3	0.00061386857399472485007	0.00015432421226038275431	-0.00054390188013907539953	0.00089761845111064491633	-0.00097646982742077511642	0.00044408808848004721701
3	-2	4	-3.7445519284108278867e-05	3.690877590915239172e-05	4.1419655610055852236e-05	-7.093309502365771819e-05	4.8793967268109133574e-05	-6.3148129443693149497e-05
3	-1	-4	-9.5798029487351189906e-06	-4.6354376465729125165e-05	3.6860189436784316199e-05	-2.1319464402527779466e-05	-1.6399899570747417869e-05	-2.9435916248664899855e-05
3	-1	-3	-0.00033387472809895635218	-8.2963218359898032632e-05	0.00018785829879458266611	0.00016810666935254537486	-0.00039649416103048392562	-0.00013899877481074649995
3	-1	-2	3.540843977728332094e-06	0.00014056057422174257957	-0.00033228395292515296036	-0.0001637128992152479649	0.00017145324242916898383	0.0002926973109402378247
3	-1	-1	2.6675830927266416955e-05	3.8628981199901707118e-05	-3.5895693435620218772e-05	-7.1008044368260498356e-05	0.00011592318621741947641	0.00018689498796796560616
3	-1	0	-1.5566463840724530034e-05	7.6249912015143391612e-06	-4.6699391522173590101e-05	2.2874973604543016637e-05	4.2478610123379209607e-05	0.00013711545147009041555
3	-1	1	-1.3202204034916942402e-05	3.5419794484014527455e-05	-6.3335079083896430132e-05	-8.9281011871784115241e-05	-2.372846697914559954e-05	-0.00019554039532382769761
3	-1	2	-2.1681641104226755053e-05	-0.00011803612944404226969	-0.00023676012662785661392	0.00030653821669150303677	-8.5857601657588172687e-05	0.00033032330251181490259
3	-1	3	0.00017602636257450139938	-0.00018771347478175942278	-1.4396278813743337304e-05	0.00025736748818197394866	-0.00018082512217908251577	0.00027350263750908405426
3	-1	4	8.3817802109084139814e-06	3.6642408515046923632e-05	3.8838178649011419912e-05	-3.2977142010964609055e-06	3.4232095040715449156e-06	-2.8306234936559308374e-05
3	0	-4	-1.6493167705120426875e-05	1.5354409236850037319e-05	1.0829616584652329355e-05	1.2974508371877676921e-05	-1.2369875778840320156e-05	1.1515806927637529684e-05
3	0	-3	-8.2037061680100996017e-05	4.8926202632249743733e-05	0.00011741679331263663998	0.00022185320673776662737	-8.2037061680100996017e-05	4.8926202632249743733e-05
3	0	-2	0.00032123470920671445437	5.8360944604976832431e-06	1.7980059202203832594e-05	-3.512831463297249392e-05	0.00048185206381007165445	8.7541416907465257116e-06
3	0	-1	1.7690780017182553311e-05	-1.7686722828695044542e-05	-0.00012496530610000061907	0.00022245513395139536938	5.307234005154766671e-05	-5.3060168486085133627e-05
3	0	0	0	0	0.0001872326130229617512	-0.00013369972515513053185	-0.00060089513428272399095	-0.00063480101030842343585
3	0	1	2.743211757861795493e-05	-1.1119178522265076846e-06	0.00022889284930761966499	-8.0828005962736725921e-05	-8.2296352735853871567e-05	3.3357535566795232656e-06
3	0	2	-6.7562316433683588661e-06	-0.00032391271357261092363	3.4558421809066248976e-05	3.1598365663079166447e-05	1.0134347465052537452e-05	0.00048586907035891638545
3	0	3	1.554191135624536884e-05	-9.7040228118447897725e-05	0.00025117158298539434599	6.7837726142993507328e-05	-1.554191135624536884e-05	9.7040228118447897725e-05
3	0	4	-1.498195278676333627e-05	1.7036618480040179626e-05	-1.0860350431482513692e-05	-1.3141417746758023207e-05	1.1236464590072502202e-05	-1.2777463860030135567e-05
3	1	-4	-3.4841907898619064771e-05	-9.7583248623964647837e-06	1.5964412250325759723e-05	-3.4267336538064582763e-05	-2.2140327861382860341e-05	-1.5885577781313493432e-05
3	1	-3	0.00011409120718477495406	-0.00021321661188739701926	-4.1954505337009100269e-05	-0.00021959777533994600585	0.00010010637207243859408	-0.00028641587033404570595
3	1	-2	-2.3320403421507229558e-05	0.00010921845611438025711	-0.00033281102032852371772	0.00016506106222958100973	-0.00020138611529652269473	0.00024635821528636091086
3	1	-1	-3.4945013874111777999e-05	-3.7022846677035126091e-06	-6.0238578257998398342e-05	8.1784037097473572908e-05	-0.00016507361988033373234	7.0677183094363036351e-05
3	1	0	6.4420834609092221555e-07	1.9032964822949463167e-05	-1.9326250382727669643e-06	-5.7098894468848389501e-05	-0.00016403365462310312691	-2.9293914785821307465e-05
3	1	1	-3.3511447658921858733e-05	-2.9466268651076901427e-05	-6.0102927573046422598e-05	-4.7323899003637071329e-05	0.00016063727054981197847	0.00013572270495686776883
3	1	2	-5.5938354401444997769e-05	0.00012009084340889304254	0.00024446752637355829551	0.00028126937355849837737	-3.8326231584611647712e-05	-0.00032077095189258873894
3	1	3	4.4751014888088794057e-05	0.00033595091095062727541	-7.4378962393776513204e-05	0.00023219738295521453629	-1.9958027423496627506e-05	-0.0004133500386023654361
3	1	4	4.5576576095250841386e-05	8.9480691100317822658e-06	-7.1979338360327476361e-06	-4.2523330163492336394e-05	-3.2382948612429943071e-05	3.9197807083492478228e-06
3	2	-4	5.0326195864736626056e-05	1.4659313783686718521e-05	7.9550759745651206437e-05	-1.6176348646519165224e-05	7.752002677137807276e-05	2.9063110145054554317e-06
3	2	-3	-0.00026064366887152133926	0.00056033799907400814663	0.00075940009156877721908	0.00062090441099765531895	0.00024562305884099678872	0.00097427427307244498979
3	2	-2	-3.2709058623351027699e-05	-0.00044575687486295199977	-0.00011459393527347572358	-8.5810986683461978322e-05	-0.00016365752320850226174	-0.00075444629897788995088
3	2	-1	0.00018026926730493758881	0.00015316736349930843157	-0.00016261890474818661476	-0.00027630146621058577138	0.00021556999241843950981	-9.3100841923246302262e-05
3	2	0	2.7832624074301314188e-05	2.7388630303017555753e-05	-4.1748936111451972976e-05	-4.1082945454526331936e-05	-0.0004427265949969822964	0.00014014527585244198411
3	2	1	5.4268005027604217434e-05	-0.00027598347679783107912	4.6094029865985237091e-05	0.00033774419227760042782	-0.00025499207481478311293	0.00015246204583829240883
3	2	2	-0.00030123927988437920267	-0.00045629028011634188916	0.00016813702666229843352	-0.00017200875381078554473	0.00028372189316427037049	0.00085644417398529843269
3	2	3	-0.00076488627224366261253	-0.00033548183895431286277	0.00010715353858496705255	-0.0011155632617326533169	0.00069345057985368456846	0.0010791906801094150199
3	2	4	-3.8266490233984065857e-05	6.1658108905148420183e-05	-8.8641438771377121814e-05	2.7535432995081341611e-05	7.30205870611766103e-05	-6.0011298176401991025e-05
3	3	-4	-0.00027174778502057607638	0.00034097949746335185937	0.00014956710102152504785	-0.00019941404031721449066	-9.1635512999288257848e-05	0.00010617409285960301298
3	3	-3	-0.0012000723045236779199	-0.0020011002240364716802	3.1486618416418358146e-05	0.0014545834138192561668	-0.0011685856861072597447	-0.00054651681021721573023
3	3	-2	0.0017158259608353765725	-0.00031132148803583199878	-0.000972339768555006978	0.00043328882651630037676	0.0011152292884205545001	0.00018295100772070256698
3	3	-1	-9.3719644510124105129e-05	0.00054842628344148650586	2.972161539563009363e-05	-0.0003427177919936667534	-0.00019199408734348204805	0.00061712547434345931159
3	3	0	-0.00021262226500198678331	-0.00017063147505678050728	0.00021262226500198678331	0.00017063147505678050728	0.00015424166977574815807	-0.00012300888406412127858
3	3	1	-0.00067732558000898528214	0.0002705176758688544931	0.00045582510142550100758	-0.00012730923619389732321	0.00066450143575045271527	-0.00042962531902487145546
3	3	2	7.9357807550174116812e-05	0.0022747250319612908297	0.000237513933921452286	-0.0013248505278261294045	-0.00047530761220743959067	-0.0014248117562027421378
3	3	3	0.0029289333459708976476	0.00095780041786055591501	-0.0017817099279762689881	6.4465234468571999617e-05	-0.0011472234179946284426	-0.0010222656523291278469
3	3	4	0.00036236017965873032302	-0.00045575036254006653577	-0.00020679040734970753081	0.00027177948194010239681	-0.00011667732923176710094	0.00013797816044997307711
3	4	-4	-5.7224624896793801793e-05	6.6331630934485591379e-05	9.4857760765413505315e-05	-4.9309651170186489112e-05	5.1939292092818152276e-05	4.3907203067770156388e-07
3	4	-3	0.00012640466607880194148	-0.00013528022173789331132	0.00010499705692514027207	2.5492384960151140899e-05	0.00026640074197898896188	-0.00010129037512435844323
3	4	-2	-9.0050412272968832658e-06	0.00010846150401198437359	-5.7767071097672872038e-05	-1.3778274124463350334e-05	-0.00012904170403629105796	0.00013513570776904986989
3	4	-1	-1.3443436933136515392e-05	-2.7787157731917909898e-05	-3.6943041714156478844e-06	-1.0193795956059860527e-05	-5.51075274850721411e-05	-0.00012413665701999315825
3	4	0	3.0012017442416543197e-05	1.0655876965356884726e-06	-2.2509013081812408245e-05	-7.9919077240176646035e-07	-1.3058612519759691138e-05	1.7746801370197450747e-05
3	4	1	2.5186135867276358813e-05	-3.5289090209511864735e-05	3.4073170766547205501e-06	-7.2595823975243823346e-06	-8.9187675908447956947e-05	0.00013490560021863312015
3	4	2	3.6360325519175933568e-06	-0.00013338002463231504106	-6.8785705731411081161e-05	-7.1384613301331032256e-06	0.00013211736263494578986	0.00021434695960873874094
3	4	3	-0.00011812854167250352747	-0.00017604813778483586052	-0.00013322873697588401157	2.9278961711353846401e-05	0.00029576685764034886267	0.00013700952216969740317
3	4	4	-5.3848196483502479184e-05	-0.00010605017837757180362	7.9832201261338775586e-05	9.214932177763882396e-05	-3.9446053898711917892e-05	-1.2611687994459978021e-05
4	-4	-4	-4.0173181052201507087e-05	0.00010076082817034051023	5.1072157506714198864e-06	6.9787699800827191474e-05	-4.5280396802872928668e-05	3.0973128369513318759e-05
4	-4	-3	0.00021212710908061408583	0.00016224950993526794608	0.00015644920016665245124	0.00010979265278351639143	7.4237211885282202036e-05	6.9942476202335406195e-05
4	-4	-2	0.0001326758599449329027	-9.6404622175418438383e-05	9.6498513817062095887e-05	-6.9173521471915016471e-05	7.2354692255741627168e-05	-5.4462201407006837048e-05
4	-4	-1	-1.8258110806444528997e-05	-5.5529067484381279378e-05	-1.1973038409948765271e-05	-4.7795021690724241454e-05	-2.5140289585983051514e-05	-3.093618317462815847e-05
4	-4	0	-4.7228905353511834559e-06	8.7924428466861048167e-06	-4.7228905353511834559e-06	8.7924428466861048167e-06	-1.9571616543040840037e-05	-2.0498024662083231973e-06
4	-4	1	-3.0841778274341821644e-05	3.5580706231559223812e-05	-2.4162286798754168977e-05	3.3269548293160171673e-05	2.6717965902350624221e-05	-9.2446317535962187195e-06
4	-4	2	-5.7400441992210815534e-05	-0.00010861553522661591931	-3.9103347843017059748e-05	-8.0440004790043642116e-05	3.6594188298387504796e-05	5.6351060873144547621e-05
4	-4	3	0.00019302143456111369064	-4.1737572600235486712e-05	0.00014299048641070165886	-2.3377738954205219435e-05	-6.6707930867216042384e-05	2.4479778194707025294e-05
4	-4	4	-1.6208793052971749578e-06	8.3151896633345143898e-05	-3.4208214484639191543e-05	4.0279123459848754083e-05	-3.2587335179342022938e-05	-4.2872773173496389815e-05
4	-3	-4	1.0915731793715907136e-05	0.00016130696807246911492	1.5065638985362169773e-05	-1.8159223142079148467e-05	-3.8349744530572024593e-07	0.00017492638542902848135
4	-3	-3	-4.8523018524275479809e-05	1.6549175378886330331e-05	-0.00034678275332202581358	6.1013394664286230498e-05	0.00028208539528965854331	-3.8947827492437790057e-05
4	-3	-2	-6.1843910810368529752e-05	5.0202414008729999905e-05	-0.00014518704414155712661	0.00011801657984247129556	9.409274459159865751e-05	-7.6620041746246929978e-05
4	-3	-1	-5.8374731306307229189e-06	1.920524713095261393e-05	2.6414560809074500716e-06	2.5606546270307334779e-05	-3.1274260765245238502e-05	1.3497128884568475589e-09
4	-3	0	4.1028689119038592415e-06	1.6080379880491224993e-05	5.4704918825384787063e-06	2.1440506507321631065e-05	-1.8768446492153851083e-05	1.0379150749003244604e-05
4	-3	1	-9.4790889786273346753e-06	-9.5886763273782065452e-06	-5.0063500870124818086e-06	-1.4471114257701225305e-05	2.2897305653471894122e-05	-5.0586374635908505802e-06
4	-3	2	6.5922011855556761914e-05	4.8788097689648074281e-06	0.00015630240511451293532	-8.3880076587289044898e-06	0.00010260958396065587915	-2.2339631026022969897e-05
4	-3	3	-4.7628974598224896135e-05	6.3855982122822603665e-06	-0.00026294643789002340815	7.5598173190596606162e-05	-0.0001994411384257235647	6.7084042240886932449e-05
4	-3	4	7.8980629389100874462e-05	0.00010312294244840594366	-3.182825249920696192e-05	8.5043577174005755226e-06	-0.00010285181876350609929	-9.6744674160355518372e-05
4	-2	-4	8.5843253533065795938e-05	5.4723168555494531055e-05	1.7767965374624689274e-05	-3.8478045993550486891e-05	7.6959270845753451301e-05	7.3962191552269767724e-05
4	-2	-3	8.4175092737250197493e-05	-3.7283539004435921446e-05	0.00010264400838925191435	7.9951612199874420319e-05	4.3804118056832318164e-05	-0.00010301246013916417999
4	-2	-2	6.9779825150531277434e-07	-4.4573172193832274058e-05	-1.963832889956535933e-05	-1.0173139312255383336e-05	2.1033925402575986573e-05	-7.8973205075409173251e-05
4	-2	-1	-1.3243012657116974139e-05	-7.1516833900125561602e-06	-1.3973199844990207949e-05	-2.3716996684897978943e-05	-2.5025650938487477271e-05	1.8827259809745733245e-05
4	-2	0	-4.4595160482994626916e-07	8.9312777300030453397e-07	-8.9190320965989253831e-07	1.7862555460006090679e-06	-9.7435885305957003593e-06	1.6828086414662354279e-05
4	-2	1	8.5750194423975312691e-06	7.7365396761740482174e-06	2.6251316227641328683e-05	4.5173467960428216042e-06	1.8202554685692528901e-05	-2.1911465112610553049e-05
4	-2	2	-2.9875607958741436055e-05	1.1798356646743816105e-05	-4.0139040756739276578e-06	-3.2160331105882109296e-05	5.57373118418089453e-05	-5.5757044399369741505e-05
4	-2	3	5.987126422180147128e-06	-6.3400888490638845929e-05	-0.00012422622092900703541	-7.5011410029456287822e-05	-9.0800315848911557627e-05	3.452691130121428065e-05
4	-2	4	5.7224147905409856682e-05	4.2736551083790978614e-05	-2.6447108330698269348e-05	2.8940397228965416426e-05	-7.0447702070758989662e-05	-2.8266352469308270401e-05
4	-1	-4	1.738717102848245439e-05	-2.3181472302190637894e-06	-1.8995707840316454625e-05	-2.0831814676089054978e-05	2.213609798856156974e-05	2.8898064388031995315e-06
4	-1	-3	-1.3808469676203874606e-05	-2.4347420463298637805e-05	3.9214755632674345976e-05	-1.6554134642017774689e-05	-3.1482878112496617059e-05	-2.6945182403725594436e-05
4	-1	-2	-1.4889850166695327876e-05	-1.4454889584620221023e-06	-2.6778838751841286479e-05	3.6972007238053429599e-05	-1.639028095747001082e-05	-2.1376981535950759851e-05
4	-1	-1	9.2708122727704665425e-07	7.7685082752445018647e-06	-6.3930521703543864809e-06	-8.9667069388880201543e-08	1.0101377079462573098e-05	3.1163700170366888799e-05
4	-1	0	3.7676333988526851584e-06	4.2529818346211878571e-07	1.5070533595410740634e-05	1.7011927338484751429e-06	3.48977030195969148e-06	7.1250047737104563205e-06
4	-1	1	-1.4490859138098486891e-06	6.5403558510977435059e-06	9.5941244226079350731e-06	-2.7623883853081875576e-06	1.5390468077847328982e-05	-2.8923811789699159887e-05
4	-1	2	-1.0660585702298796019e-05	2.8968042868068463512e-06	-2.6060902289794574452e-05	-4.1590542097308211441e-05	8.2907202597003031177e-06	-2.658887962226779927e-05
4	-1	3	1.5944450851737103413e-05	-1.9260940739165547693e-05	-5.010810730026586283e-05	-1.2810110198286286452e-05	-3.7961970235738089902e-05	2.1411217586125304264e-05
4	-1	4	1.0476260621575967321e-05	6.1475311622713421056e-07	-1.1081338994629892552e-05	1.7677526762987542198e-05	-1.3246595370233440035e-05	3.8046285745197509155e-06
4	0	-4	5.3122757846175659837e-06	3.5873103880559549277e-06	1.4683689535113615453e-06	-1.0037281983310666689e-06	5.3122757846175659837e-06	3.5873103880559549277e-06
4	0	-3	-3.2740806169866231407e-07	-2.8757370631474346948e-06	4.4676810462127853469e-05	-1.0346245152690737191e-05	-4.3654408226488308543e-07	-3.8343160841965795931e-06
4	0	-2	3.5744623632948043007e-07	-5.7334126664189840225e-06	8.2615679994433076979e-06	-1.4826565312161521466e-07	7.1489247265896086013e-07	-1.1466825332837968045e-05
4	0	-1	-3.7074390916262332642e-07	1.0153308753232541078e-07	-1.1195248948080754512e-05	-8.8863870325734528729e-06	-1.4829756366504933057e-06	4.0613235012930164313e-07
4	0	0	0	0	2.1522156391077879014e-07	2.8707668572228252954e-08	5.7102688966595555692e-07	1.8167170822596336319e-07
4	0	1	3.5213130397954329011e-07	5.6590204512330741531e-07	-1.5089658675716020076e-06	-1.4828765696530117564e-05	-1.4085252159181731605e-06	-2.2636081804932296612e-06
4	0	2	6.1969501549151932081e-06	6.9888201361246841958e-07	-2.4955404853937939587e-06	-9.1525442213216449229e-06	-1.2393900309830386416e-05	-1.3977640272249368392e-06
4	0	3	-1.6867441721176317217e-06	-2.7705340454299172133e-06	-2.4452858034590341447e-05	4.139903130863874757e-05	2.2489922294901754878e-06	3.6940453939065564255e-06
4	0	4	-5.6391699463947404086e-06	-3.6358917570912621381e-06	2.0326337939433417633e-06	-7.0498009425192170744e-07	5.6391699463947404086e-06	3.6358917570912621381e-06
4	1	-4	6.4786009881551441308e-06	-8.0083119019972821086e-06	-8.8783365860043534593e-06	-1.7634752685348694149e-05	4.259016841654055766e-06	-1.2417000073334455646e-05
4	1	-3	-8.8800556848496702667e-06	2.2414812370318417338e-05	-4.4574631352077284457e-05	1.3823270455722330047e-07	-2.6698284697158654045e-05	2.9932494061943629941e-05
4	1	-2	-1.0405499628315578717e-05	-2.9540609655117535667e-06	5.4318109335660297489e-06	4.5268972186764970989e-05	-1.8095093789848143407e-05	1.6726364162358978361e-05
4	1	-1	6.5393775919389387146e-06	-8.8100032270684043579e-07	4.9402951022677295061e-06	7.5288418788924045847e-06	3.1097805470023487753e-05	4.0048405880650424181e-06
4	1	0	-1.9251179568653834061e-06	3.2303617736570393829e-06	7.7004718274615336244e-06	-1.2921447094628157531e-05	7.4112242901782048241e-06	-1.9913921268285881986e-07
4	1	1	3.7756063827814742609e-06	6.958424191694999352e-06	5.5369905141763545791e-06	-2.6326192522387480531e-06	-2.0639416045302250776e-05	-2.5201077514541248508e-05
4	1	2	1.3264543957626563731e-05	6.8096519754040840138e-06	-3.9201201700093611365e-05	2.3273359425794813688e-05	-6.9284870652063217794e-06	-2.5255983663705574871e-05
4	1	3	1.6546744551603717485e-05	-2.1981296730193003794e-05	-2.9990852565824913589e-05	-2.7166082679415733288e-05	-1.2065375213529987145e-05	3.8363756533395918413e-05
4	1	4	3.77918295684305207e-06	-1.659436456340600765e-05	2.6022877421372506092e-05	-1.0012562772098365641e-05	-1.0284902312186179016e-05	1.9097505256430600331e-05
4	2	-4	-2.528553184228565729e-06	6.9866904279642280651e-05	3.4857534178947130736e-05	4.0944358442275741752e-06	1.4900213905244999216e-05	7.1914122201756068586e-05
4	2	-3	-6.1061417182258753548e-05	-1.3125521853492253536e-05	8.0292110619035195478e-05	-0.0001030359529030815878	-2.7887149163654886835e-05	-8.6191331073377401096e-05
4	2	-2	1.5054183227340816453e-05	-2.7696130677627976718e-05	-2.1462406414423282997e-05	-1.6396799430762788871e-05	8.6459600402583516036e-06	-7.1789060786018742306e-05
4	2	-1	7.8958943350994852508e-06	8.0106484221045142386e-06	-2.4482520461276012687e-05	-5.9640368238879601471e-06	-1.7381463582154080982e-05	2.0114520040642138354e-05
4	2	0	8.8528140851265601972e-07	2.7200474605560375365e-07	-1.7705628170253120394e-06	-5.4400949211120750729e-07	-1.8040871549392497659e-05	2.9925363239015978407e-06
4	2	1	8.5480483492911812232e-06	-1.2084690002088843214e-05	-2.4920488581190105182e-05	1.1463994545124481513e-05	1.564878376521548886e-05	2.5410770918106409831e-05
4	2	2	-2.7790408970988571372e-05	-3.4322330529613520481e-05	1.9561218475576010574e-05	-2.9601121603255608208e-06	3.6019599466401128782e-05	7.1604773219552608982e-05
4	2	3	-8.4971759552019204766e-05	3.1831928647587614232e-05	9.8102011046576363456e-05	8.1354294904705629922e-05	4.7894338704974683831e-05	-9.6678768133253914626e-05
4	2	4	1.9012790196925359679e-05	9.8583387149016961284e-05	-3.8131010206879102078e-05	1.3201292051981156585e-05	5.2714906514189705228e-08	-0.00010518403317500754212
4	3	-4	-9.3521591083114678929e-05	-8.4672684423460999243e-05	-2.4881015506356867276e-05	1.2683748754598725064e-05	-0.00011218235271288232939	-7.5159872857511952904e-05
4	3	-3	-4.3632361181866307753e-05	-1.0657902115272153593e-05	0.00026415171177472890427	4.8448944782923540804e-05	0.00020597523019890714253	3.4238408629227338271e-05
4	3	-2	-1.4823077078718111647e-05	-6.4897671608998963436e-05	4.825734592218636497e-05	0.00014499224588834983929	4.2739864725843324162e-05	8.769302561452684561e-05
4	3	-1	1.3890011653294635985e-05	-4.1947990236949003287e-06	-1.6577063286285904198e-05	-1.8393546832440617012e-06	5.8288567543208381222e-06	-2.2297260144511787689e-05
4	3	0	8.6678053603573795133e-06	1.4166892626007561443e-05	-1.1557073813809839351e-05	-1.8889190168010080794e-05	1.4463112241482222104e-05	-1.4159191172095519538e-05
4	3	1	1.4767861962042470623e-05	-1.494511677447360866e-05	-1.0864882763417114798e-05	2.4640678852603014806e-05	-2.6476799557918536402e-05	-1.4141569459914608085e-05
4	3	2	-6.6961928907998126653e-05	-4.6531863957723063312e-05	0.00015472005948220535773	0.00010614539590567183356	-9.8156231407311796849e-05	-6.6154365943061637268e-05
4	3	3	-1.1898676242530870385e-05	5.0589717381746352658e-05	0.00011217304497388268908	-0.00033060581699084908795	-9.6308143317174859646e-05	0.0002631528604818539601
4	3	4	-6.1382368933806332367e-05	-0.00014511375620157942763	6.2396973505028407628e-06	-2.2294777300852264864e-05	5.6702595920929200525e-05	0.00016183483917721862289
4	4	-4	8.0701295581519775948e-05	1.9620521626714595862e-05	-3.5570817337319353131e-05	-3.8962495041185613064e-05	4.5130478244200422817e-05	-1.9341973414471013814e-05
4	4	-3	-0.00013537471992867080466	0.00014492843525784566755	0.00010289653255221906493	-0.00010249090090050467171	-4.3304249835268993085e-05	5.6583379143121334553e-05
4	4	-2	-4.0367969688533450923e-05	-0.00011617785365115953524	2.7808179210358069378e-05	8.5438128652873338844e-05	-2.511958095635076309e-05	-6.1479449996572379231e-05
4	4	-1	4.644610139009544542e-05	3.1629695978381168402e-06	-4.0524045890849002822e-05	7.4236478314533563122e-07	2.368822199698577039e-05	1.5621337523933812003e-05
4	4	0	-7.4572733177586012588e-06	-5.6096661734694043303e-06	7.4572733177586012588e-06	5.6096661734694043303e-06	-4.8715362828228984089e-06	1.8904069387367156596e-05
4	4	1	-4.7117039480063020685e-05	-3.3711628220687496374e-05	3.7595951275115504879e-05	3.1220032187065176708e-05	3.8084352819790063226e-05	9.96638413448929052e-06
4	4	2	-0.00014465387755184546639	7.6063048404983099322e-05	0.00010544818067291998164	-5.3993705215470102663e-05	7.8411393757850942395e-05	-4.4138686379025986542e-05
4	4	3	2.1543111992982597103e-06	0.00026719189840771704605	-8.581927287829724184e-06	-0.0001918151028000209023	8.5701547847086192983e-06	-0.00010050239414359489899
4	4	4	9.6026850365656625714e-05	4.9548296473815895834e-05	-6.9748687444450929804e-05	-3.0861098357541563951e-06	-2.6278162921205699298e-05	-4.6462186638061739015e-05
